//Version: ScorePerfmMatch_v170503
// Score: /Users/toddywang/Documents/VsCodeProjects/xmltoexp/ATEPP-1.2/ATEPP-1.2/Ludwig_van_Beethoven/Piano_Sonata_No._17_in_D_Minor,_Op._31_No._2_"Tempest"/II._Adagio/score_hmm.txt
// Perfm: /Users/toddywang/Documents/VsCodeProjects/xmltoexp/ATEPP-1.2/ATEPP-1.2/Ludwig_van_Beethoven/Piano_Sonata_No._17_in_D_Minor,_Op._31_No._2_"Tempest"/II._Adagio/08327_spr.txt
0	0.287760	4.329427	Bb1	31	80	0	0	0	P1-1-4	0	0
1	0.463542	4.239583	F2	32	80	0	0	0	P1-1-5	0	-
2	0.651042	4.149740	Bb2	37	80	0	0	0	P1-1-6	0	-
3	0.746094	3.878906	D3	36	80	0	0	0	P1-1-7	0	-
4	0.923177	4.169271	F3	30	80	0	0	0	P1-1-8	0	-
5	1.134115	4.098958	Bb3	37	80	0	0	0	P1-1-9	0	-
6	5.453125	7.049479	D5	49	80	0	0	720	P1-2-1	0	-
7	6.865885	7.269531	Eb5	39	80	0	0	930	P1-2-2	0	-
8	7.102865	7.718750	F5	41	80	0	0	960	P1-2-3	0	-
9	8.733073	10.869792	Bb3	39	80	0	0	1200	P1-2-6	0	-
10	8.756510	9.718750	D3	28	80	0	0	1200	P1-2-4	0	-
11	8.766927	10.309896	F2	26	80	0	0	1200	P1-2-10	0	-
12	8.773438	9.479167	Bb2	29	80	0	0	1200	P1-2-11	0	-
13	8.774740	9.769531	Bb1	27	80	0	0	1200	P1-2-9	0	-
14	10.433594	12.739583	A3	40	80	0	0	1440	P1-3-3	0	-
15	10.441406	12.709635	F3	32	80	0	0	1440	P1-3-2	0	-
16	10.441406	12.919271	Eb3	32	80	0	0	1440	P1-3-1	0	-
17	10.445312	13.679688	F2	29	80	0	0	1440	P1-3-5	0	-
18	10.446615	13.049479	C3	29	80	0	0	1440	P1-3-6	0	-
19	10.455729	13.908854	C2	28	80	0	0	1440	P1-3-4	0	-
20	14.634115	16.119792	A5	55	80	0	0	2160	P1-4-1	0	-
21	16.044271	16.300781	Bb5	51	80	0	0	2370	P1-4-2	0	-
22	16.287760	16.989583	C6	47	80	0	0	2400	P1-4-3	0	-
23	17.980469	18.559896	Eb4	50	80	0	0	2640	P1-4-5	0	-
24	17.984375	20.209635	C4	40	80	0	0	2640	P1-4-4	0	-
25	17.994792	19.509115	F3	27	80	0	0	2640	P1-4-9	0	-
26	18.003906	19.908854	A2	27	80	0	0	2640	P1-4-8	0	-
27	18.565104	20.309896	Eb4	20	80	0	0	2640	P1-4-5	0	-
28	19.924479	22.119792	D4	19	80	0	0	2880	P1-5-2	0	-
29	19.934896	22.500000	Bb3	24	80	0	0	2880	P1-5-1	0	-
30	19.963542	22.500000	F3	18	80	0	0	2880	P1-5-14	0	-
31	19.963542	22.500000	Bb2	22	80	0	0	2880	P1-5-13	0	-
32	22.595052	22.779948	D4	29	80	0	0	3360	P1-5-3	0	-
33	22.742188	22.878906	F4	41	80	0	0	3390	P1-5-4	0	-
34	22.835938	22.877604	Eb4	43	80	0	0	3420	P1-5-5	0	-
35	22.914062	23.039062	D4	40	80	0	0	3450	P1-5-6	0	-
36	22.998698	23.119792	Eb4	55	80	0	0	3480	P1-5-7	0	-
37	23.076823	23.179688	F4	60	80	0	0	3510	P1-5-8	0	-
38	23.139323	23.222656	G4	64	80	0	0	3540	P1-5-9	0	-
39	23.225260	23.339844	A4	63	80	0	0	3570	P1-5-10	0	-
40	23.286458	23.341146	Bb4	65	80	0	0	3600	P1-5-11	0	-
41	23.360677	23.479167	C5	60	80	0	0	3630	P1-5-12	0	-
42	23.468750	24.799479	D5	61	80	0	0	3690	P1-6-1	0	-
43	24.584635	24.976562	Eb5	60	80	0	0	3900	P1-6-2	0	-
44	24.803385	25.979167	F5	65	80	0	0	3930	P1-6-3	0	-
45	26.113281	27.628906	F5	78	80	0	0	4170	P1-6-4	0	-
46	26.143229	27.500000	Ab4	52	80	0	0	4170	P1-6-5	0	-
47	26.164062	27.399740	B3	37	80	0	0	4170	P1-6-8	0	-
48	26.167969	26.729167	D3	32	80	0	0	4170	P1-6-9	0	-
49	28.033854	30.509115	F5	58	80	0	0	4410	P1-7-1	0	-
50	28.075521	30.449219	G4	34	80	0	0	4410	P1-7-6	0	-
51	28.091146	30.419271	Eb3	25	80	0	0	4410	P1-7-15	0	-
52	28.095052	29.639323	B3	23	80	0	0	4410	P1-7-10	0	-
53	29.636719	30.449219	Eb5	42	80	0	0	4650	P1-7-2	0	-
54	29.645833	30.489583	C4	31	80	0	0	4650	P1-7-11	0	-
55	30.365885	31.218750	D5	56	80	0	0	4770	P1-7-3	0	-
56	30.402344	30.919271	D4	34	80	0	0	4770	P1-7-12	0	-
57	30.403646	30.789062	Bb4	38	80	0	0	4770	P1-7-7	0	-
58	30.410156	31.079427	F3	27	80	0	0	4770	P1-7-16	0	-
59	31.069010	31.529948	C5	58	80	0	0	4890	P1-7-4	0	-
60	31.088542	31.569010	Bb4	47	80	0	0	4890	P1-7-8	0	-
61	31.122396	31.579427	Eb4	32	80	0	0	4890	P1-7-13	0	-
62	31.130208	31.619792	G3	28	80	0	0	4890	P1-7-17	0	-
63	31.778646	32.259115	C5	59	80	0	0	5010	P1-7-5	0	-
64	31.813802	32.429688	Bb4	42	80	0	0	5010	P1-7-9	0	-
65	31.821615	32.279948	E4	37	80	0	0	5010	P1-7-14	0	-
66	31.856771	33.188802	G3	26	80	0	0	5010	P1-7-18	0	-
67	32.578125	32.674479	C5	53	80	0	0	5130	P1-8-1	0	-
68	32.606771	34.549479	E4	37	80	0	0	5130	P1-8-19	0	-
69	32.622396	34.009115	F3	32	80	0	0	5130	P1-8-23	0	-
70	32.623698	34.399740	Bb3	32	80	0	0	5130	P1-8-9	0	-
71	32.694010	32.756510	D5	51	80	0	0	5145	P1-8-1	0	-
72	32.785156	32.834635	C5	54	80	0	0	5175	P1-8-14	0	-
73	32.854167	32.949219	D5	56	80	0	0	5190	P1-8-15	0	-
74	32.921875	33.009115	C5	45	80	0	0	5205	P1-8-16	0	-
75	32.955729	33.039062	D5	57	80	0	0	5220	P1-8-1	0	-
76	33.019531	33.084635	C5	59	80	0	0	5235	P1-8-18	0	-
77	33.134115	33.195312	B4	50	80	0	0	5250	P1-8-2	0	-
78	33.226562	33.438802	C5	56	80	0	0	5250	P1-8-3	0	-
79	33.373698	34.059896	D5	48	80	0	0	5250	P1-8-4	0	-
80	33.811198	34.209635	C5	48	80	0	0	5310	P1-8-5	0	-
81	34.343750	35.419271	C5	41	80	0	0	5370	P1-8-6	0	-
82	34.352865	35.378906	A4	35	80	0	0	5370	P1-8-10	0	-
83	34.404948	35.279948	F4	25	80	0	0	5370	P1-8-20	0	-
84	34.404948	35.468750	F3	26	80	0	0	5670	P1-8-26	0	-
85	36.214844	36.869792	F3	30	80	0	0	5670	P1-8-26	0	-
86	36.731771	37.277344	G3	43	80	0	0	5730	P1-8-28	0	-
87	36.736979	37.468750	Eb3	39	80	0	0	5730	P1-8-27	0	-
88	37.187500	38.188802	A3	53	80	0	0	5790	P1-8-30	0	-
89	37.225260	37.549479	C3	27	80	0	0	5790	P1-8-29	0	-
90	37.882812	41.218750	Bb3	50	80	0	0	5850	P1-9-1	0	-
91	37.890625	39.250000	D3	33	80	0	0	5850	P1-9-3	0	-
92	37.933594	41.549479	Bb2	31	80	0	0	5850	P1-9-2	0	-
93	37.936198	41.269531	Bb1	28	80	0	0	5850	P1-9-10	0	-
94	39.223958	39.649740	Eb3	40	80	0	0	6060	P1-9-5	0	-
95	39.225260	39.468750	C3	35	80	0	0	6060	P1-9-4	0	-
96	39.451823	40.468750	F3	38	80	0	0	6090	P1-9-7	0	-
97	39.451823	40.438802	D3	40	80	0	0	6090	P1-9-6	0	-
98	40.747396	41.429688	D3	43	80	0	0	6330	P1-9-8	0	-
99	40.748698	41.408854	F3	46	80	0	0	6330	P1-9-9	0	-
100	42.162760	42.809896	D5	58	80	0	0	6570	P1-10-1	0	-
101	42.190104	44.329427	F3	31	80	0	0	6570	P1-10-13	0	-
102	42.195312	44.359375	D3	31	80	0	0	6570	P1-10-12	0	-
103	42.203125	44.329427	Bb2	31	80	0	0	6570	P1-10-11	0	-
104	43.029948	43.095052	Eb5	45	80	0	0	6660	P1-10-8	0	-
105	43.101562	43.153646	D5	51	80	0	0	6670	P1-10-9	0	-
106	43.175781	43.259115	C5	47	80	0	0	6680	P1-10-10	0	-
107	43.266927	43.454427	D5	50	80	0	0	6690	P1-10-2	0	-
108	43.453125	43.736979	Eb5	52	80	0	0	6780	P1-10-3	0	-
109	43.692708	44.239583	F5	49	80	0	0	6810	P1-10-4	0	-
110	44.945312	46.598958	Bb3	45	80	0	0	7050	P1-10-7	0	-
111	44.963542	46.729167	F3	32	80	0	0	7050	P1-10-6	0	-
112	44.963542	45.869792	D3	30	80	0	0	7050	P1-10-5	0	-
113	44.986979	45.750000	Bb2	30	80	0	0	7050	P1-10-15	0	-
114	44.993490	46.089844	Bb1	28	80	0	0	7050	P1-10-14	0	-
115	46.361979	49.848958	A3	54	80	0	0	7290	P1-11-1	0	-
116	46.369792	47.889323	Eb3	39	80	0	0	7290	P1-11-3	0	-
117	46.375000	48.259115	C3	37	80	0	0	7290	P1-11-2	0	-
118	46.381510	49.919271	F2	35	80	0	0	7290	P1-11-11	0	-
119	47.691406	48.209635	F3	42	80	0	0	7500	P1-11-5	0	-
120	47.692708	48.089844	D3	41	80	0	0	7500	P1-11-4	0	-
121	47.997396	49.019531	Gb3	35	80	0	0	7530	P1-11-7	0	-
122	47.997396	49.089844	Eb3	40	80	0	0	7530	P1-11-6	0	-
123	49.326823	50.009115	Eb3	34	80	0	0	7770	P1-11-8	0	-
124	49.326823	49.959635	Gb3	36	80	0	0	7770	P1-11-9	0	-
125	50.652344	51.309896	C6	60	80	0	0	8010	P1-12-1	0	-
126	50.664062	51.158854	F#5	49	80	0	0	8010	P1-12-1	0	-
127	50.674479	52.089844	Gb3	36	80	0	0	8010	P1-12-12	0	-
128	50.677083	50.688802	F#2	32	80	0	0	8010	P1-12-10	0	-
129	50.680990	52.169271	Eb3	35	80	0	0	8010	P1-12-11	0	-
130	50.695312	52.029948	F2	31	80	0	0	8010	P1-12-10	0	-
131	51.375000	51.444010	D6	54	80	0	0	8100	P1-12-7	0	-
132	51.445312	51.559896	C6	59	80	0	0	8110	P1-12-8	0	-
133	51.522135	51.585938	B5	48	80	0	0	8120	P1-12-9	0	-
134	51.604167	51.968750	C6	60	80	0	0	8130	P1-12-2	0	-
135	51.794271	52.054688	D6	68	80	0	0	8220	P1-12-3	0	-
136	52.028646	52.968750	Eb6	61	80	0	0	8250	P1-12-4	0	-
137	53.424479	54.989583	Gb4	49	80	0	0	8490	P1-12-6	0	-
138	53.464844	54.459635	Eb4	35	80	0	0	8490	P1-12-5	0	-
139	53.481771	54.259115	C4	25	80	0	0	8490	P1-12-15	0	-
140	53.497396	54.098958	Bb3	18	80	0	0	8490	P1-12-14	0	-
141	55.082031	58.128906	F4	39	80	0	0	8730	P1-13-1	0	-
142	55.114583	56.389323	Eb4	28	80	0	0	8730	P1-13-2	0	-
143	55.128906	56.399740	A3	23	80	0	0	8730	P1-13-6	0	-
144	55.136719	56.419271	C4	22	80	0	0	8730	P1-13-7	0	-
145	56.303385	56.718750	D4	37	80	0	0	8940	P1-13-9	0	-
146	56.335938	56.759115	B3	32	80	0	0	8940	P1-13-8	0	-
147	56.539062	57.204427	Eb4	40	80	0	0	8970	P1-13-11	0	-
148	56.544271	57.509115	C4	36	80	0	0	8970	P1-13-10	0	-
149	57.765625	58.479167	Eb4	50	80	0	0	9210	P1-13-13	0	-
150	57.799479	58.369792	C4	31	80	0	0	9210	P1-13-12	0	-
151	59.093750	59.799479	C6	55	80	0	0	9450	P1-14-1	0	-
152	59.122396	61.019531	Eb4	27	80	0	0	9450	P1-14-10	0	-
153	59.123698	59.848958	C4	30	80	0	0	9450	P1-14-12	0	-
154	59.126302	61.049479	F3	25	80	0	0	9450	P1-14-15	0	-
155	59.787760	59.847656	D6	45	80	0	0	9540	P1-14-7	0	-
156	59.860677	60.852865	C4	23	80	0	0	9550	P1-14-8	0	-
157	59.863281	59.968750	C6	47	80	0	0	9550	P1-14-8	0	-
158	59.937500	60.009115	B5	49	80	0	0	9560	P1-14-9	0	-
159	60.024740	60.196615	C6	57	80	0	0	9570	P1-14-2	0	-
160	60.194010	60.463542	D6	68	80	0	0	9660	P1-14-3	0	-
161	60.421875	61.039062	Eb6	65	80	0	0	9690	P1-14-4	0	-
162	60.434896	61.139323	A3	36	80	0	0	9690	P1-14-13	0	-
163	61.621094	62.989583	Eb5	76	80	0	0	9930	P1-14-6	0	-
164	61.656250	62.878906	A4	43	80	0	0	9930	P1-14-5	0	-
165	61.664062	62.509115	Eb4	44	80	0	0	9930	P1-14-11	0	-
166	61.665365	62.459635	C4	35	80	0	0	9930	P1-14-14	0	-
167	61.677083	62.579427	F#3	33	80	0	0	9930	P1-14-16	0	-
168	62.930990	63.492188	D5	54	80	0	0	10170	P1-15-2	0	-
169	62.971354	63.471354	D4	28	80	0	0	10170	P1-15-12	0	-
170	62.971354	63.484375	Bb4	36	80	0	0	10170	P1-15-1	0	-
171	62.981771	63.480469	Bb3	33	80	0	0	10170	P1-15-11	0	-
172	62.996094	63.484375	G3	25	80	0	0	10170	P1-15-10	0	-
173	64.111979	65.628906	G5	86	80	0	0	10410	P1-15-4	0	-
174	65.390625	65.829427	Bb4	70	80	0	0	10650	P1-15-7	0	-
175	65.391927	65.899740	Db5	71	80	0	0	10650	P1-15-8	0	-
176	65.399740	65.819010	G4	58	80	0	0	10650	P1-15-6	0	-
177	65.404948	65.779948	Db4	60	80	0	0	10650	P1-15-17	0	-
178	65.404948	65.750000	Bb3	58	80	0	0	10650	P1-15-16	0	-
179	65.415365	65.799479	E3	50	80	0	0	10650	P1-15-15	0	-
180	66.795573	69.389323	F5	60	80	0	0	10890	P1-16-1	0	-
181	68.087240	68.639323	D5	32	80	0	0	11130	P1-16-6	0	-
182	68.093750	68.639323	Bb4	31	80	0	0	11130	P1-16-5	0	-
183	68.119792	69.348958	F4	23	80	0	0	11130	P1-16-4	0	-
184	68.119792	68.559896	D4	23	80	0	0	11130	P1-16-15	0	-
185	68.123698	68.519531	Bb3	26	80	0	0	11130	P1-16-14	0	-
186	68.126302	68.589844	F3	23	80	0	0	11130	P1-16-13	0	-
187	69.579427	70.029948	A4	33	80	0	0	11370	P1-16-10	0	-
188	69.604167	70.039062	Eb4	26	80	0	0	11370	P1-16-9	0	-
189	69.606771	69.968750	F2	26	80	0	0	11370	P1-16-17	0	-
190	69.614583	70.000000	C4	23	80	0	0	11370	P1-16-8	0	-
191	70.994792	72.059896	Bb4	31	80	0	0	11610	P1-17-3	0	-
192	70.997396	71.459635	D4	22	80	0	0	11610	P1-17-2	0	-
193	71.003906	71.569010	F4	20	80	0	0	11610	P1-17-1	0	-
194	71.026042	71.699219	Bb3	18	80	0	0	11610	P1-17-1	0	-
195	71.029948	71.419271	Bb2	18	80	0	0	11610	P1-17-8	0	-
196	71.031250	71.339844	Bb1	19	80	0	0	11610	P1-17-7	0	-
197	72.167969	72.226562	Bb2	33	80	0	0	11790	P1-17-10	0	-
198	72.256510	72.319010	Bb1	32	80	0	0	11810	P1-17-11	0	-
199	72.361979	72.750000	Bb2	17	80	0	0	11830	P1-17-12	0	-
200	72.433594	72.750000	Bb1	27	80	0	0	11850	P1-17-13	0	-
201	73.466146	73.579427	Bb2	33	80	0	0	12030	P1-17-15	0	-
202	73.526042	73.592448	Bb1	37	80	0	0	12050	P1-17-16	0	-
203	73.647135	73.829427	Bb2	29	80	0	0	12070	P1-17-17	0	-
204	73.742188	74.069010	Bb1	37	80	0	0	12090	P1-17-18	0	-
205	74.869792	75.000000	Bb2	27	80	0	0	12270	P1-17-20	0	-
206	74.937500	75.259115	Bb1	36	80	0	0	12290	P1-17-21	0	-
207	75.057292	75.809896	Bb2	36	80	0	0	12310	P1-17-22	0	-
208	75.231771	76.848958	Eb4	58	80	0	0	12330	P1-18-3	0	-
209	75.265625	76.149740	Bb3	37	80	0	0	12330	P1-18-2	0	-
210	75.266927	76.019531	Bb1	28	80	0	0	12330	P1-18-10	0	-
211	75.273438	76.459635	G3	30	80	0	0	12330	P1-18-1	0	-
212	76.528646	78.209635	D4	50	80	0	0	12570	P1-18-6	0	-
213	76.565104	77.789062	Bb3	28	80	0	0	12570	P1-18-5	0	-
214	76.566406	77.859375	F3	24	80	0	0	12570	P1-18-4	0	-
215	77.753906	79.029948	C#4	63	80	0	0	12810	P1-18-9	0	-
216	77.796875	79.049479	E3	29	80	0	0	12810	P1-18-7	0	-
217	77.798177	79.049479	Bb3	37	80	0	0	12810	P1-18-9	0	-
218	79.036458	80.549479	C#4	57	80	0	0	13050	P1-19-3	0	-
219	79.058594	82.500000	Bb3	40	80	0	0	13050	P1-19-3	0	-
220	79.063802	80.149740	E3	31	80	0	0	13050	P1-19-1	0	-
221	80.135417	80.299479	Bb2	32	80	0	0	13230	P1-19-11	0	-
222	80.205729	80.419271	Bb1	37	80	0	0	13250	P1-19-12	0	-
223	80.313802	80.500000	Bb2	42	80	0	0	13270	P1-19-13	0	-
224	80.411458	82.889323	D4	42	80	0	0	13290	P1-19-6	0	-
225	80.432292	80.519531	Bb1	37	80	0	0	13290	P1-19-14	0	-
226	80.434896	82.229167	F3	33	80	0	0	13290	P1-19-4	0	-
227	81.338542	81.459635	Bb2	33	80	0	0	13470	P1-19-16	0	-
228	81.425781	81.959635	Bb1	35	80	0	0	13490	P1-19-17	0	-
229	81.552083	81.779948	Bb2	27	80	0	0	13510	P1-19-18	0	-
230	82.540365	82.669271	Bb2	29	80	0	0	13710	P1-19-21	0	-
231	82.625000	83.128906	Bb1	32	80	0	0	13730	P1-19-22	0	-
232	82.750000	83.289062	Bb2	35	80	0	0	13750	P1-19-23	0	-
233	82.904948	84.309896	C4	52	80	0	0	13770	P1-20-10	0	-
234	82.915365	85.579427	G3	38	80	0	0	13770	P1-20-2	0	-
235	82.921875	85.369792	Eb3	36	80	0	0	13770	P1-20-1	0	-
236	84.295573	84.468750	D4	42	80	0	0	13920	P1-20-12	0	-
237	84.395833	84.529948	C4	39	80	0	0	13950	P1-20-13	0	-
238	84.462240	84.523438	B3	45	80	0	0	13980	P1-20-14	0	-
239	84.536458	85.039062	C4	50	80	0	0	14010	P1-20-6	0	-
240	84.684896	85.619792	Eb4	52	80	0	0	14130	P1-20-7	0	-
241	85.345052	86.199219	C4	48	80	0	0	14250	P1-20-8	0	-
242	85.378906	86.389323	Gb3	30	80	0	0	14250	P1-20-4	0	-
243	85.382812	86.468750	Eb3	29	80	0	0	14250	P1-20-3	0	-
244	85.945312	86.399740	A3	55	80	0	0	14370	P1-20-9	0	-
245	86.742188	87.628906	C4	49	80	0	0	14490	P1-21-4	0	-
246	86.773438	87.709635	Gb3	33	80	0	0	14490	P1-21-2	0	-
247	86.774740	87.639323	Eb3	28	80	0	0	14490	P1-21-1	0	-
248	86.774740	87.658854	A3	33	80	0	0	14490	P1-21-3	0	-
249	87.695312	87.848958	Bb2	34	80	0	0	14670	P1-21-12	0	-
250	87.816406	88.009115	Bb1	23	80	0	0	14690	P1-21-13	0	-
251	87.923177	88.079427	Bb2	32	80	0	0	14710	P1-21-14	0	-
252	88.022135	88.065104	Bb1	34	80	0	0	14730	P1-21-15	0	-
253	88.042969	89.229167	F3	36	80	0	0	14730	P1-21-6	0	-
254	88.044271	88.442708	D3	36	80	0	0	14730	P1-21-5	0	-
255	88.045573	89.619792	Bb3	35	80	0	0	14730	P1-21-7	0	-
256	88.988281	89.128906	Bb2	30	80	0	0	14910	P1-21-17	0	-
257	89.095052	89.438802	Bb1	24	80	0	0	14930	P1-21-18	0	-
258	89.183594	89.500000	Bb2	28	80	0	0	14950	P1-21-19	0	-
259	90.145833	90.279948	Bb2	25	80	0	0	15150	P1-21-22	0	-
260	90.244792	90.325521	Bb1	33	80	0	0	15170	P1-21-23	0	-
261	90.369792	90.509115	Bb2	29	80	0	0	15190	P1-21-24	0	-
262	90.565104	92.098958	Bb4	51	80	0	0	15210	P1-22-2	0	-
263	90.605469	90.699219	Bb1	23	80	0	0	15210	P1-22-9	0	-
264	90.608073	91.359375	D4	31	80	0	0	15210	P1-22-1	0	-
265	91.714844	93.169271	G4	41	80	0	0	15450	P1-22-5	0	-
266	91.735677	92.468750	D4	25	80	0	0	15450	P1-22-4	0	-
267	91.753906	91.759115	Bb2	24	80	0	0	15450	P1-22-3	0	-
268	91.757812	92.639323	Bb3	27	80	0	0	15450	P1-22-3	0	-
269	92.877604	94.475260	F4	48	80	0	0	15690	P1-22-8	0	-
270	92.914062	94.429688	D4	31	80	0	0	15690	P1-22-7	0	-
271	92.928385	94.188802	A3	33	80	0	0	15690	P1-22-6	0	-
272	94.234375	95.729167	E4	37	80	0	0	15930	P1-23-3	0	-
273	94.272135	95.729167	C4	25	80	0	0	15930	P1-23-2	0	-
274	94.283854	95.609375	G3	26	80	0	0	15930	P1-23-1	0	-
275	95.076823	95.479167	C3	32	80	0	0	16110	P1-23-15	0	-
276	95.183594	95.234375	C2	36	80	0	0	16130	P1-23-16	0	-
277	95.384115	95.628906	C2	38	80	0	0	16170	P1-23-18	0	-
278	95.954427	96.649740	E4	51	80	0	0	16290	P1-23-6	0	-
279	95.966146	96.309896	C4	34	80	0	0	16290	P1-23-5	0	-
280	96.014323	96.419271	G3	28	80	0	0	16290	P1-23-4	0	-
281	96.312500	96.449219	C6	47	80	0	0	16350	P1-23-20	0	-
282	96.322917	96.589844	C4	31	80	0	0	16370	P1-23-21	0	-
283	96.421875	96.485677	C5	43	80	0	0	16370	P1-23-21	0	-
284	96.528646	96.699219	C6	44	80	0	0	16390	P1-23-22	0	-
285	96.575521	97.320312	F4	51	80	0	0	16410	P1-23-9	0	-
286	96.604167	96.919271	C4	40	80	0	0	16410	P1-23-8	0	-
287	96.617188	97.279948	A3	39	80	0	0	16410	P1-23-7	0	-
288	96.631510	97.128906	C5	49	80	0	0	16410	P1-23-23	0	-
289	97.171875	97.688802	G4	54	80	0	0	16530	P1-23-12	0	-
290	97.183594	98.389323	C4	38	80	0	0	16530	P1-23-11	0	-
291	97.197917	97.679688	Bb3	41	80	0	0	16530	P1-23-10	0	-
292	97.852865	99.039062	G4	47	80	0	0	16650	P1-24-3	0	-
293	97.903646	98.479167	Bb3	29	80	0	0	16650	P1-24-1	0	-
294	98.753906	98.919271	C3	38	80	0	0	16830	P1-24-21	0	-
295	98.753906	99.098958	E4	45	80	0	0	16830	P1-24-6	0	-
296	98.766927	99.059896	G#3	37	80	0	0	16830	P1-24-4	0	-
297	98.882812	99.098958	C2	31	80	0	0	16850	P1-24-22	0	-
298	98.992188	99.199219	C3	34	80	0	0	16870	P1-24-23	0	-
299	99.067708	99.529948	F4	51	80	0	0	16890	P1-24-9	0	-
300	99.110677	99.559896	A3	33	80	0	0	16890	P1-24-7	0	-
301	99.111979	99.598958	C2	31	80	0	0	16890	P1-24-24	0	-
302	99.645833	100.089844	F4	57	80	0	0	17010	P1-24-12	0	-
303	99.683594	99.968750	A3	29	80	0	0	17010	P1-24-10	0	-
304	99.988281	100.158854	C6	51	80	0	0	17070	P1-24-26	0	-
305	100.111979	100.408854	C5	33	80	0	0	17090	P1-24-27	0	-
306	100.194010	100.468750	C6	47	80	0	0	17110	P1-24-28	0	-
307	100.252604	100.908854	G4	61	80	0	0	17130	P1-24-15	0	-
308	100.272135	100.929688	E4	53	80	0	0	17130	P1-24-14	0	-
309	100.304688	100.718750	C4	36	80	0	0	17130	P1-24-13	0	-
310	100.829427	101.218750	A4	74	80	0	0	17250	P1-24-18	0	-
311	100.858073	101.179688	F4	55	80	0	0	17250	P1-24-17	0	-
312	100.863281	101.169271	C4	47	80	0	0	17250	P1-24-16	0	-
313	101.505208	102.750000	A4	57	80	0	0	17370	P1-25-2	0	-
314	101.526042	102.259115	F4	44	80	0	0	17370	P1-25-1	0	-
315	101.527344	103.128906	C4	33	80	0	0	17370	P1-25-16	0	-
316	102.364583	102.739583	F#4	52	80	0	0	17550	P1-25-4	0	-
317	102.372396	102.446615	C3	39	80	0	0	17550	P1-25-20	0	-
318	102.373698	102.729167	D#4	53	80	0	0	17550	P1-25-3	0	-
319	102.514323	102.628906	C2	33	80	0	0	17570	P1-25-21	0	-
320	102.623698	102.968750	C3	28	80	0	0	17590	P1-25-22	0	-
321	102.670573	103.089844	G4	59	80	0	0	17610	P1-25-6	0	-
322	102.700521	103.098958	E4	46	80	0	0	17610	P1-25-5	0	-
323	102.717448	103.029948	C2	33	80	0	0	17610	P1-25-23	0	-
324	103.281250	103.929688	G4	72	80	0	0	17730	P1-25-9	0	-
325	103.305990	103.859375	E4	52	80	0	0	17730	P1-25-8	0	-
326	103.337240	103.869792	C4	26	80	0	0	17730	P1-25-7	0	-
327	103.622396	103.682292	C6	46	80	0	0	17790	P1-25-25	0	-
328	103.730469	103.848958	C5	49	80	0	0	17810	P1-25-26	0	-
329	103.804688	103.867188	C6	50	80	0	0	17830	P1-25-27	0	-
330	103.895833	104.598958	A4	74	80	0	0	17850	P1-25-12	0	-
331	103.930990	104.598958	F4	51	80	0	0	17850	P1-25-11	0	-
332	103.936198	104.509115	C4	41	80	0	0	17850	P1-25-10	0	-
333	104.486979	104.934896	Bb4	72	80	0	0	17970	P1-25-15	0	-
334	104.507812	104.848958	C3	36	80	0	0	17970	P1-25-13	0	-
335	104.515625	105.188802	C4	37	80	0	0	17970	P1-25-13	0	-
336	104.524740	105.029948	G4	47	80	0	0	17970	P1-25-14	0	-
337	105.240885	106.309896	Bb4	63	80	0	0	18090	P1-26-2	0	-
338	105.274740	106.218750	G4	41	80	0	0	18090	P1-26-1	0	-
339	105.278646	106.829427	C4	34	80	0	0	18090	P1-26-18	0	-
340	106.114583	106.509115	G#4	62	80	0	0	18270	P1-26-4	0	-
341	106.132812	106.289062	C3	34	80	0	0	18270	P1-26-22	0	-
342	106.153646	106.309896	E4	32	80	0	0	18270	P1-26-3	0	-
343	106.257812	106.489583	C2	38	80	0	0	18290	P1-26-23	0	-
344	106.351562	106.750000	C3	36	80	0	0	18310	P1-26-24	0	-
345	106.434896	106.848958	A4	59	80	0	0	18330	P1-26-6	0	-
346	106.455729	106.752604	F4	53	80	0	0	18330	P1-26-5	0	-
347	106.494792	106.750000	C2	36	80	0	0	18330	P1-26-25	0	-
348	107.054688	107.408854	A4	72	80	0	0	18450	P1-26-9	0	-
349	107.085938	107.529948	F4	58	80	0	0	18450	P1-26-8	0	-
350	107.093750	107.489583	C4	49	80	0	0	18450	P1-26-7	0	-
351	107.416667	107.569010	C6	53	80	0	0	18510	P1-26-27	0	-
352	107.421875	107.569010	A4	40	80	0	0	18530	P1-26-28	0	-
353	107.529948	107.729167	C5	47	80	0	0	18530	P1-26-28	0	-
354	107.610677	107.799479	C6	58	80	0	0	18550	P1-26-29	0	-
355	107.773438	108.329427	B4	79	80	0	0	18570	P1-26-13	0	-
356	107.816406	108.419271	Ab4	56	80	0	0	18570	P1-26-12	0	-
357	107.821615	108.309896	D4	52	80	0	0	18570	P1-26-10	0	-
358	107.821615	108.429688	F4	48	80	0	0	18570	P1-26-11	0	-
359	108.498698	108.919271	B4	75	80	0	0	18690	P1-26-17	0	-
360	108.536458	109.029948	Ab4	54	80	0	0	18690	P1-26-16	0	-
361	108.545573	109.089844	D4	42	80	0	0	18690	P1-26-14	0	-
362	108.545573	109.489583	F4	42	80	0	0	18690	P1-26-15	0	-
363	108.871094	109.019531	C6	50	80	0	0	18750	P1-26-32	0	-
364	109.013021	109.071615	C5	33	80	0	0	18770	P1-26-33	0	-
365	109.105469	109.188802	C6	41	80	0	0	18790	P1-26-34	0	-
366	109.414062	110.509115	C5	57	80	0	0	18810	P1-27-3	0	-
367	109.442708	109.989583	G4	40	80	0	0	18810	P1-27-2	0	-
368	109.472656	110.079427	E4	33	80	0	0	18810	P1-27-1	0	-
369	110.338542	111.250000	G4	45	80	0	0	18930	P1-27-6	0	-
370	110.346354	111.289062	E4	35	80	0	0	18930	P1-27-5	0	-
371	110.355469	111.279948	C4	24	80	0	0	18930	P1-27-4	0	-
372	110.713542	110.790365	C3	31	80	0	0	18990	P1-27-18	0	-
373	110.832031	111.009115	C2	37	80	0	0	19020	P1-27-19	0	-
374	110.963542	111.158854	C3	36	80	0	0	19050	P1-27-20	0	-
375	111.555990	112.169271	G4	53	80	0	0	19170	P1-27-9	0	-
376	111.572917	112.079427	E4	45	80	0	0	19170	P1-27-8	0	-
377	111.574219	111.699219	C2	30	80	0	0	19170	P1-27-7	0	-
378	111.595052	111.869792	C4	25	80	0	0	19170	P1-27-7	0	-
379	112.041667	112.188802	C6	39	80	0	0	19230	P1-27-22	0	-
380	112.132812	112.246094	C5	44	80	0	0	19260	P1-27-23	0	-
381	112.263021	113.059896	B4	54	80	0	0	19290	P1-27-12	0	-
382	112.325521	112.688802	D4	32	80	0	0	19290	P1-27-10	0	-
383	112.334635	112.819010	F4	35	80	0	0	19290	P1-27-11	0	-
384	112.966146	113.779948	G4	51	80	0	0	19410	P1-27-15	0	-
385	113.013021	113.699219	F4	39	80	0	0	19410	P1-27-14	0	-
386	113.015625	113.316406	D4	35	80	0	0	19410	P1-27-13	0	-
387	113.697917	114.799479	C5	54	80	0	0	19530	P1-28-3	0	-
388	113.744792	114.179688	E4	33	80	0	0	19530	P1-28-2	0	-
389	113.764323	114.098958	C4	30	80	0	0	19530	P1-28-1	0	-
390	114.509115	115.489583	G4	49	80	0	0	19650	P1-28-6	0	-
391	114.519531	115.489583	E4	39	80	0	0	19650	P1-28-5	0	-
392	114.600260	116.098958	C4	19	80	0	0	19650	P1-28-4	0	-
393	114.932292	115.079427	C3	37	80	0	0	19710	P1-28-18	0	-
394	115.054688	115.299479	C2	33	80	0	0	19740	P1-28-19	0	-
395	115.160156	115.529948	C3	30	80	0	0	19770	P1-28-20	0	-
396	115.773438	116.559896	G4	51	80	0	0	19890	P1-28-9	0	-
397	115.800781	116.419271	E4	34	80	0	0	19890	P1-28-8	0	-
398	116.255208	116.359375	C6	48	80	0	0	19950	P1-28-22	0	-
399	116.382812	116.539062	C5	30	80	0	0	19980	P1-28-23	0	-
400	116.485677	117.279948	B4	48	80	0	0	20010	P1-28-12	0	-
401	116.488281	116.500000	B5	50	80	0	0	20010	P1-28-24	0	-
402	116.527344	117.009115	F4	36	80	0	0	20010	P1-28-11	0	-
403	116.544271	116.919271	D4	33	80	0	0	20010	P1-28-10	0	-
404	117.212240	118.059896	G4	48	80	0	0	20130	P1-28-15	0	-
405	117.270833	117.619792	D4	37	80	0	0	20130	P1-28-13	0	-
406	117.270833	117.596354	F4	43	80	0	0	20130	P1-28-14	0	-
407	117.977865	118.709635	C5	47	80	0	0	20250	P1-29-3	0	-
408	117.994792	118.321615	E4	32	80	0	0	20250	P1-29-2	0	-
409	118.032552	118.315104	C4	21	80	0	0	20250	P1-29-1	0	-
410	118.697917	120.049479	G4	46	80	0	0	20370	P1-29-6	0	-
411	118.714844	119.359375	E4	36	80	0	0	20370	P1-29-5	0	-
412	118.751302	119.468750	C4	29	80	0	0	20370	P1-29-4	0	-
413	119.014323	119.169271	C3	33	80	0	0	20430	P1-29-15	0	-
414	119.136719	119.529948	C2	36	80	0	0	20460	P1-29-16	0	-
415	119.285156	119.628906	C3	27	80	0	0	20490	P1-29-17	0	-
416	119.863281	120.679688	C4	33	80	0	0	20610	P1-29-8	0	-
417	119.864583	120.819010	E4	35	80	0	0	20610	P1-29-9	0	-
418	119.893229	120.619792	G3	26	80	0	0	20610	P1-29-7	0	-
419	120.486979	120.889323	C3	25	80	0	0	20490	P1-29-17	0	-
420	121.079427	122.199219	C4	30	80	0	0	20610	P1-29-8	0	-
421	121.079427	121.989583	G3	28	80	0	0	20610	P1-29-7	0	-
422	121.085938	122.869792	E3	29	80	0	0	20610	P1-29-9	0	-
423	121.445312	121.619792	C3	24	80	0	0	20670	P1-29-19	0	-
424	121.563802	122.339844	C2	29	80	0	0	20700	P1-29-20	0	-
425	121.716146	121.989583	C3	32	80	0	0	20730	P1-29-21	0	-
426	121.994792	122.539062	G3	18	80	0	0	20850	P1-29-11	0	-
427	121.996094	122.369792	C3	18	80	0	0	20910	P1-29-23	0	-
428	122.273438	123.109375	C4	41	80	0	0	20970	P1-30-13	0	-
429	122.851562	123.615885	B3	40	80	0	0	21210	P1-30-15	0	-
430	123.464844	124.739583	C4	31	80	0	0	21330	P1-30-19	0	-
431	123.470052	124.169271	Bb3	35	80	0	0	21330	P1-30-16	0	-
432	124.093750	124.759115	A3	34	80	0	0	21450	P1-30-17	0	-
433	124.403646	124.522135	D4	31	80	0	0	21510	P1-30-7	0	-
434	124.553385	124.683594	E4	38	80	0	0	21540	P1-30-8	0	-
435	124.688802	124.727865	F4	49	80	0	0	21570	P1-30-9	0	-
436	124.734375	124.911458	G3	20	80	0	0	21570	P1-30-18	0	-
437	124.740885	124.938802	Bb3	22	80	0	0	21570	P1-30-20	0	-
438	124.825521	124.904948	G4	52	80	0	0	21600	P1-30-10	0	-
439	124.955729	125.199219	A4	51	80	0	0	21630	P1-30-11	0	-
440	125.097656	125.468750	Bb4	56	80	0	0	21660	P1-30-12	0	-
441	125.300781	127.079427	C5	57	80	0	0	21690	P1-31-1	0	-
442	125.335938	125.859375	F2	29	80	0	0	21690	P1-31-9	0	-
443	125.881510	126.109375	F3	29	80	0	0	21810	P1-31-10	0	-
444	126.496094	127.500000	F4	31	80	0	0	21930	P1-31-7	0	-
445	126.518229	127.500000	A3	24	80	0	0	21930	P1-31-11	0	-
446	126.526042	127.359375	C4	24	80	0	0	21930	P1-31-12	0	-
447	127.088542	127.819010	F3	28	80	0	0	22050	P1-31-13	0	-
448	127.510417	127.898438	A4	52	80	0	0	22140	P1-31-3	0	-
449	127.735677	128.149740	F5	64	80	0	0	22170	P1-31-4	0	-
450	127.794271	128.569010	D4	26	80	0	0	22170	P1-31-15	0	-
451	127.825521	128.149740	F3	21	80	0	0	22170	P1-31-8	0	-
452	127.834635	128.468750	Bb3	24	80	0	0	22170	P1-31-14	0	-
453	128.156250	129.089844	F5	33	80	0	0	22170	P1-31-4	0	-
454	128.412760	128.819010	F3	24	80	0	0	22290	P1-31-16	0	-
455	128.824219	129.197917	D5	54	80	0	0	22380	P1-31-5	0	-
456	128.832031	129.069010	F3	28	80	0	0	22410	P1-32-10	0	-
457	128.839844	129.059896	Bb3	27	80	0	0	22410	P1-32-10	0	-
458	129.037760	130.688802	C5	51	80	0	0	22410	P1-32-1	0	-
459	129.082031	129.869792	A3	31	80	0	0	22410	P1-32-10	0	-
460	129.083333	129.339844	F3	24	80	0	0	22410	P1-32-10	0	-
461	129.084635	129.889323	C4	26	80	0	0	22410	P1-32-11	0	-
462	129.661458	130.259115	F3	27	80	0	0	22530	P1-32-12	0	-
463	130.251302	131.218750	F4	31	80	0	0	22650	P1-32-7	0	-
464	130.274740	130.549479	F3	22	80	0	0	22650	P1-32-7	0	-
465	130.276042	131.089844	A3	23	80	0	0	22650	P1-32-13	0	-
466	130.277344	131.199219	C4	19	80	0	0	22650	P1-32-14	0	-
467	130.825521	131.089844	F3	26	80	0	0	22770	P1-32-15	0	-
468	131.184896	131.628906	A4	52	80	0	0	22860	P1-32-3	0	-
469	131.195312	131.839844	F3	35	80	0	0	22890	P1-32-8	0	-
470	131.467448	132.639323	Bb4	59	80	0	0	22890	P1-32-4	0	-
471	131.506510	132.449219	D3	35	80	0	0	22890	P1-32-16	0	-
472	131.510417	132.348958	F4	34	80	0	0	22890	P1-32-8	0	-
473	132.136719	132.619792	Bb2	31	80	0	0	23010	P1-32-17	0	-
474	132.191406	132.688802	D4	27	80	0	0	23010	P1-32-9	0	-
475	132.497396	132.809896	G4	52	80	0	0	23100	P1-32-5	0	-
476	132.720052	135.139323	F4	51	80	0	0	23130	P1-33-1	0	-
477	132.785156	133.989583	C2	34	80	0	0	23130	P1-33-10	0	-
478	133.317708	134.079427	C3	40	80	0	0	23250	P1-33-11	0	-
479	133.319010	133.759115	A3	46	80	0	0	23250	P1-33-7	0	-
480	133.894531	136.229167	C4	35	80	0	0	23370	P1-33-8	0	-
481	133.932292	134.669271	A3	26	80	0	0	23370	P1-33-13	0	-
482	133.942708	135.128906	F3	24	80	0	0	23370	P1-33-12	0	-
483	134.473958	135.669271	C3	27	80	0	0	23490	P1-33-14	0	-
484	135.072917	135.483073	A4	47	80	0	0	23610	P1-33-2	0	-
485	135.097656	135.889323	G3	28	80	0	0	23610	P1-33-16	0	-
486	135.097656	136.009115	E3	27	80	0	0	23610	P1-33-15	0	-
487	135.471354	135.792969	G4	56	80	0	0	23670	P1-33-3	0	-
488	135.773438	136.062500	F4	59	80	0	0	23730	P1-33-4	0	-
489	135.805990	136.559896	C3	31	80	0	0	23730	P1-33-17	0	-
490	136.045573	136.279948	G4	60	80	0	0	23790	P1-33-5	0	-
491	136.445312	137.500000	G4	48	80	0	0	23850	P1-34-1	0	-
492	136.459635	136.468750	E2	28	80	0	0	23850	P1-34-21	0	-
493	136.460938	137.500000	E3	31	80	0	0	23850	P1-34-15	0	-
494	136.463542	138.500000	F2	28	80	0	0	23850	P1-34-21	0	-
495	137.104167	137.789062	C3	30	80	0	0	23970	P1-34-16	0	-
496	137.505208	137.735677	G#4	41	80	0	0	24060	P1-34-2	0	-
497	137.729167	139.128906	A4	40	80	0	0	24090	P1-34-3	0	-
498	137.765625	138.979167	F3	23	80	0	0	24090	P1-34-17	0	-
499	138.282552	138.929688	A2	36	80	0	0	24210	P1-34-18	0	-
500	138.903646	139.468750	Bb2	37	80	0	0	24330	P1-34-19	0	-
501	139.052083	139.113281	C4	38	80	0	0	24360	P1-34-6	0	-
502	139.199219	139.265625	D4	33	80	0	0	24390	P1-34-7	0	-
503	139.313802	139.352865	E4	49	80	0	0	24420	P1-34-8	0	-
504	139.463542	139.513021	F4	55	80	0	0	24450	P1-34-9	0	-
505	139.464844	140.069010	G2	34	80	0	0	24450	P1-34-20	0	-
506	139.593750	139.638021	G4	49	80	0	0	24480	P1-34-10	0	-
507	139.713542	139.756510	A4	52	80	0	0	24510	P1-34-11	0	-
508	139.835938	139.894531	Bb4	58	80	0	0	24540	P1-34-12	0	-
509	140.036458	142.438802	C5	59	80	0	0	24570	P1-35-1	0	-
510	140.054688	140.348958	F2	28	80	0	0	24570	P1-35-9	0	-
511	140.618490	141.438802	F3	32	80	0	0	24690	P1-35-10	0	-
512	140.877604	141.299479	E4	36	80	0	0	24750	P1-35-7	0	-
513	141.246094	142.369792	F4	41	80	0	0	24810	P1-35-8	0	-
514	141.272135	142.069010	A3	28	80	0	0	24810	P1-35-11	0	-
515	141.272135	142.359375	C4	27	80	0	0	24810	P1-35-12	0	-
516	141.871094	142.669271	F3	29	80	0	0	24930	P1-35-13	0	-
517	142.266927	142.671875	A4	59	80	0	0	25020	P1-35-3	0	-
518	142.514323	143.779948	F5	66	80	0	0	25050	P1-35-4	0	-
519	142.576823	143.348958	D4	25	80	0	0	25050	P1-35-15	0	-
520	142.584635	142.649740	A3	23	80	0	0	25050	P1-35-14	0	-
521	142.585938	143.968750	F4	31	80	0	0	25050	P1-35-4	0	-
522	143.174479	143.869792	F3	26	80	0	0	25170	P1-35-16	0	-
523	143.598958	143.907552	D5	52	80	0	0	25260	P1-35-5	0	-
524	143.860677	145.489583	C5	43	80	0	0	25290	P1-36-1	0	-
525	143.881510	144.209635	F3	21	80	0	0	25290	P1-36-12	0	-
526	143.894531	144.649740	A3	23	80	0	0	25290	P1-36-12	0	-
527	143.897135	144.579427	C4	21	80	0	0	25290	P1-36-13	0	-
528	144.509115	145.289062	F3	27	80	0	0	25410	P1-36-14	0	-
529	144.785156	145.239583	E4	41	80	0	0	25470	P1-36-8	0	-
530	145.117188	146.309896	F4	45	80	0	0	25530	P1-36-9	0	-
531	145.169271	146.329427	A3	31	80	0	0	25530	P1-36-15	0	-
532	145.169271	146.229167	C4	27	80	0	0	25530	P1-36-16	0	-
533	145.733073	146.688802	F3	33	80	0	0	25650	P1-36-17	0	-
534	146.134115	146.617188	A4	51	80	0	0	25740	P1-36-3	0	-
535	146.492188	146.933594	C5	63	80	0	0	25770	P1-36-4	0	-
536	146.545573	147.549479	F4	33	80	0	0	25770	P1-36-10	0	-
537	146.550781	147.539062	D3	33	80	0	0	25770	P1-36-18	0	-
538	146.920573	147.679688	Bb4	57	80	0	0	25830	P1-36-5	0	-
539	147.272135	147.718750	Bb2	34	80	0	0	25890	P1-36-19	0	-
540	147.277344	147.688802	D4	35	80	0	0	25890	P1-36-11	0	-
541	147.574219	148.093750	G4	59	80	0	0	25950	P1-36-6	0	-
542	148.001302	149.989583	F4	59	80	0	0	26010	P1-37-1	0	-
543	148.033854	150.029948	C3	36	80	0	0	26010	P1-37-14	0	-
544	148.035156	148.569010	A3	37	80	0	0	26010	P1-37-3	0	-
545	148.714844	149.309896	A3	34	80	0	0	26130	P1-37-5	0	-
546	148.723958	149.549479	F3	26	80	0	0	26130	P1-37-4	0	-
547	149.302083	149.949219	C4	42	80	0	0	26250	P1-37-7	0	-
548	149.315104	149.649740	A3	40	80	0	0	26250	P1-37-6	0	-
549	149.864583	150.329427	A3	50	80	0	0	26370	P1-37-9	0	-
550	149.871094	150.119792	F3	41	80	0	0	26370	P1-37-8	0	-
551	150.526042	151.889323	C4	55	80	0	0	26490	P1-37-2	0	-
552	150.558594	151.188802	E3	40	80	0	0	26490	P1-37-10	0	-
553	150.561198	151.500000	G3	40	80	0	0	26490	P1-37-11	0	-
554	150.606771	152.128906	C2	28	80	0	0	26490	P1-37-15	0	-
555	151.315104	151.869792	E3	37	80	0	0	26610	P1-37-13	0	-
556	151.322917	151.579427	C3	37	80	0	0	26610	P1-37-12	0	-
557	152.204427	153.359375	A3	40	80	0	0	26730	P1-38-3	0	-
558	152.220052	153.389323	F3	31	80	0	0	26730	P1-38-2	0	-
559	152.223958	154.348958	C3	31	80	0	0	26730	P1-38-1	0	-
560	152.236979	152.839844	F2	29	80	0	0	26910	P1-38-11	0	-
561	152.259115	153.598958	F1	28	80	0	0	26930	P1-38-12	0	-
562	153.296875	153.364583	F2	30	80	0	0	26950	P1-38-13	0	-
563	153.608073	154.500000	F1	26	80	0	0	26970	P1-38-14	0	-
564	154.404948	154.494792	F2	24	80	0	0	27150	P1-38-16	0	-
565	154.511719	154.718750	F1	27	80	0	0	27170	P1-38-17	0	-
566	154.623698	154.878906	F2	21	80	0	0	27190	P1-38-18	0	-
567	154.733073	155.359375	F1	25	80	0	0	27210	P1-38-19	0	-
568	155.372396	155.848958	F4	46	80	0	0	27330	P1-38-7	0	-
569	155.372396	156.639323	F1	23	80	0	0	27330	P1-38-7	0	-
570	156.082031	157.549479	F4	46	80	0	0	27450	P1-39-1	0	-
571	157.154948	157.329427	F2	27	80	0	0	27630	P1-39-10	0	-
572	157.253906	157.519531	F1	31	80	0	0	27650	P1-39-11	0	-
573	157.335938	157.519531	F2	15	80	0	0	27670	P1-39-12	0	-
574	157.471354	159.369792	Gb4	57	80	0	0	27690	P1-39-2	0	-
575	157.502604	160.259115	Eb4	38	80	0	0	27690	P1-39-7	0	-
576	157.523438	159.688802	A3	31	80	0	0	27690	P1-39-5	0	-
577	157.532552	158.239583	F1	27	80	0	0	27690	P1-39-13	0	-
578	157.533854	158.109375	F2	27	80	0	0	27690	P1-39-13	0	-
579	157.535156	157.549479	C4	25	80	0	0	27690	P1-39-6	0	-
580	158.455729	158.628906	F2	27	80	0	0	27870	P1-39-15	0	-
581	158.572917	158.769531	F1	26	80	0	0	27890	P1-39-16	0	-
582	158.666667	159.699219	F2	29	80	0	0	27910	P1-39-17	0	-
583	158.776042	160.658854	F1	30	80	0	0	27930	P1-39-18	0	-
584	159.375000	160.079427	Gb4	53	80	0	0	28050	P1-39-3	0	-
585	160.084635	161.158854	Gb4	53	80	0	0	28170	P1-40-1	0	-
586	161.054688	161.199219	F2	33	80	0	0	28350	P1-40-10	0	-
587	161.174479	161.869792	F1	29	80	0	0	28370	P1-40-11	0	-
588	161.264323	161.378906	F2	36	80	0	0	28390	P1-40-12	0	-
589	161.355469	163.079427	A4	64	80	0	0	28410	P1-40-6	0	-
590	161.386719	164.089844	Eb4	44	80	0	0	28410	P1-40-5	0	-
591	161.391927	161.500000	F2	34	80	0	0	28410	P1-40-13	0	-
592	161.394531	164.239583	C4	39	80	0	0	28410	P1-40-4	0	-
593	162.253906	162.389323	F2	34	80	0	0	28590	P1-40-15	0	-
594	162.358073	162.529948	F1	28	80	0	0	28610	P1-40-16	0	-
595	162.445312	164.079427	F2	34	80	0	0	28630	P1-40-17	0	-
596	162.540365	164.329427	F1	25	80	0	0	28650	P1-40-18	0	-
597	163.084635	163.688802	A4	71	80	0	0	28770	P1-40-7	0	-
598	163.695312	164.769531	A4	66	80	0	0	28890	P1-41-1	0	-
599	164.723958	164.878906	F2	37	80	0	0	29070	P1-41-10	0	-
600	164.815104	165.529948	F1	39	80	0	0	29090	P1-41-11	0	-
601	164.888021	165.389323	F2	41	80	0	0	29110	P1-41-12	0	-
602	164.975260	166.269531	C5	76	80	0	0	29130	P1-41-6	0	-
603	165.013021	166.128906	Gb4	53	80	0	0	29130	P1-41-5	0	-
604	165.023438	166.309896	Eb4	48	80	0	0	29130	P1-41-4	0	-
605	165.881510	166.009115	F2	40	80	0	0	29310	P1-41-15	0	-
606	165.984375	166.169271	F1	38	80	0	0	29330	P1-41-16	0	-
607	166.063802	166.779948	F2	44	80	0	0	29350	P1-41-17	0	-
608	166.177083	167.169271	F1	44	80	0	0	29370	P1-41-18	0	-
609	166.721354	167.149740	C5	76	80	0	0	29490	P1-41-7	0	-
610	167.397135	168.750000	C5	77	80	0	0	29610	P1-42-1	0	-
611	168.153646	169.289062	Eb5	82	80	0	0	29730	P1-42-2	0	-
612	168.498698	168.572917	C4	54	80	0	0	29790	P1-42-21	0	-
613	168.501302	168.596354	A3	58	80	0	0	29790	P1-42-20	0	-
614	168.605469	168.695312	F3	57	80	0	0	29810	P1-42-22	0	-
615	168.700521	168.919271	C4	59	80	0	0	29830	P1-42-24	0	-
616	168.701823	169.059896	A3	61	80	0	0	29830	P1-42-23	0	-
617	168.813802	169.299479	F3	57	80	0	0	29850	P1-42-25	0	-
618	169.234375	169.442708	D5	67	80	0	0	29910	P1-42-4	0	-
619	169.425781	169.632812	C5	67	80	0	0	29940	P1-42-5	0	-
620	169.592448	169.851562	Bb4	67	80	0	0	29970	P1-42-6	0	-
621	169.746094	169.903646	A4	62	80	0	0	30000	P1-42-7	0	-
622	169.903646	170.092448	G4	61	80	0	0	30030	P1-42-8	0	-
623	170.057292	170.312500	F4	62	80	0	0	30060	P1-42-9	0	-
624	170.223958	170.355469	E4	56	80	0	0	30090	P1-42-10	0	-
625	170.375000	170.535156	Eb4	53	80	0	0	30120	P1-42-11	0	-
626	170.533854	170.765625	D4	46	80	0	0	30150	P1-42-12	0	-
627	170.703125	170.927083	C4	46	80	0	0	30180	P1-42-13	0	-
628	170.886719	171.095052	Bb3	48	80	0	0	30210	P1-42-14	0	-
629	171.059896	171.264323	A3	49	80	0	0	30240	P1-42-15	0	-
630	171.272135	171.899740	Eb4	48	80	0	0	30270	P1-42-16	0	-
631	171.483073	171.929688	A3	44	80	0	0	30300	P1-42-17	0	-
632	171.839844	175.309896	Bb2	40	80	0	0	30330	P1-43-3	0	-
633	171.841146	175.019531	D3	40	80	0	0	30330	P1-43-8	0	-
634	171.850260	174.929688	Bb3	42	80	0	0	30330	P1-43-1	0	-
635	171.855469	175.109375	Bb1	38	80	0	0	30330	P1-43-2	0	-
636	173.072917	173.429688	Eb3	43	80	0	0	30540	P1-43-5	0	-
637	173.279948	174.279948	F3	36	80	0	0	30570	P1-43-6	0	-
638	174.535156	175.069010	F3	39	80	0	0	30810	P1-43-7	0	-
639	175.861979	176.479167	D5	60	80	0	0	31050	P1-44-1	0	-
640	175.894531	178.059896	F3	31	80	0	0	31050	P1-44-12	0	-
641	175.895833	178.079427	D3	29	80	0	0	31050	P1-44-11	0	-
642	175.903646	178.098958	Bb2	31	80	0	0	31050	P1-44-10	0	-
643	176.670573	176.748698	Eb5	46	80	0	0	31140	P1-44-7	0	-
644	176.746094	176.848958	D5	50	80	0	0	31150	P1-44-8	0	-
645	176.816406	176.923177	C5	49	80	0	0	31160	P1-44-9	0	-
646	176.932292	177.117188	D5	61	80	0	0	31170	P1-44-2	0	-
647	177.100260	177.416667	Eb5	55	80	0	0	31260	P1-44-3	0	-
648	177.363281	177.959635	F5	52	80	0	0	31290	P1-44-4	0	-
649	178.653646	180.459635	Bb3	49	80	0	0	31530	P1-44-6	0	-
650	178.674479	179.609375	Bb2	34	80	0	0	31530	P1-44-15	0	-
651	178.677083	179.500000	F3	32	80	0	0	31530	P1-44-14	0	-
652	178.682292	179.859375	D3	33	80	0	0	31530	P1-44-5	0	-
653	178.688802	179.619792	Bb1	31	80	0	0	31530	P1-44-13	0	-
654	178.704427	180.188802	F2	29	80	0	0	31530	P1-44-14	0	-
655	180.153646	183.369792	A3	58	80	0	0	31770	P1-45-2	0	-
656	180.161458	181.809896	Eb3	44	80	0	0	31770	P1-45-3	0	-
657	180.192708	183.309896	C3	32	80	0	0	31770	P1-45-9	0	-
658	180.204427	183.419271	F2	33	80	0	0	31770	P1-45-8	0	-
659	180.212240	183.468750	C2	35	80	0	0	31770	P1-45-7	0	-
660	181.285156	181.949219	F3	42	80	0	0	31980	P1-45-4	0	-
661	181.506510	182.389323	Gb3	51	80	0	0	32010	P1-45-5	0	-
662	182.709635	183.348958	Gb3	52	80	0	0	32250	P1-45-6	0	-
663	184.052083	184.759115	A5	66	80	0	0	32490	P1-46-1	0	-
664	184.095052	186.149740	Eb4	37	80	0	0	32490	P1-46-11	0	-
665	184.101562	185.579427	Gb3	36	80	0	0	32490	P1-46-13	0	-
666	184.105469	186.069010	C4	34	80	0	0	32490	P1-46-10	0	-
667	184.752604	184.864583	Bb5	50	80	0	0	32580	P1-46-7	0	-
668	184.832031	184.890625	A5	67	80	0	0	32590	P1-46-8	0	-
669	184.904948	185.019531	G5	54	80	0	0	32600	P1-46-9	0	-
670	185.019531	185.509115	A5	64	80	0	0	32610	P1-46-2	0	-
671	185.204427	185.619792	Bb5	64	80	0	0	32700	P1-46-3	0	-
672	185.473958	186.009115	C6	55	80	0	0	32730	P1-46-4	0	-
673	185.519531	186.569010	F3	27	80	0	0	32730	P1-46-14	0	-
674	186.751302	188.569010	Eb4	59	80	0	0	32970	P1-46-6	0	-
675	186.783854	188.218750	C4	40	80	0	0	32970	P1-46-5	0	-
676	186.790365	187.639323	F3	30	80	0	0	32970	P1-46-12	0	-
677	186.794271	187.908854	A2	32	80	0	0	32970	P1-46-15	0	-
678	188.139323	191.229167	D4	47	80	0	0	33210	P1-47-2	0	-
679	188.140625	191.049479	Ab3	53	80	0	0	33210	P1-47-3	0	-
680	188.151042	191.139323	F3	44	80	0	0	33210	P1-47-1	0	-
681	188.153646	191.049479	Bb1	38	80	0	0	33210	P1-47-7	0	-
682	188.156250	190.938802	Bb2	39	80	0	0	33210	P1-47-8	0	-
683	189.312500	189.769531	Bb3	50	80	0	0	33420	P1-47-4	0	-
684	189.617188	190.479167	Cb4	54	80	0	0	33450	P1-47-5	0	-
685	190.859375	191.279948	Cb4	52	80	0	0	33690	P1-47-6	0	-
686	192.145833	192.979167	D5	53	80	0	0	33930	P1-48-1	0	-
687	192.153646	194.529948	Ab4	43	80	0	0	33930	P1-48-11	0	-
688	192.180990	193.848958	Cb4	33	80	0	0	33930	P1-48-13	0	-
689	192.182292	194.459635	F4	34	80	0	0	33930	P1-48-10	0	-
690	192.950521	193.019531	Eb5	45	80	0	0	34020	P1-48-7	0	-
691	193.024740	193.158854	D5	50	80	0	0	34030	P1-48-8	0	-
692	193.105469	193.200521	C5	49	80	0	0	34040	P1-48-9	0	-
693	193.223958	193.859375	D5	52	80	0	0	34050	P1-48-2	0	-
694	193.425781	193.739583	Eb5	44	80	0	0	34140	P1-48-3	0	-
695	193.627604	194.569010	F5	48	80	0	0	34170	P1-48-4	0	-
696	193.667969	194.519531	Bb3	31	80	0	0	34170	P1-48-14	0	-
697	194.937500	196.639323	F5	78	80	0	0	34410	P1-48-6	0	-
698	194.973958	195.128906	Ab4	47	80	0	0	34410	P1-48-5	0	-
699	194.975260	196.869792	D3	38	80	0	0	34410	P1-48-15	0	-
700	194.984375	196.069010	Bb3	41	80	0	0	34410	P1-48-12	0	-
701	195.134115	196.419271	Ab4	23	80	0	0	34410	P1-48-5	0	-
702	196.653646	198.289062	F5	62	80	0	0	34650	P1-49-1	0	-
703	196.700521	198.688802	G4	37	80	0	0	34650	P1-49-6	0	-
704	196.716146	198.688802	Eb3	28	80	0	0	34650	P1-49-16	0	-
705	196.720052	197.389323	Bb3	27	80	0	0	34650	P1-49-10	0	-
706	197.384115	198.039062	B3	40	80	0	0	34770	P1-49-11	0	-
707	197.994792	198.669271	Eb5	55	80	0	0	34890	P1-49-2	0	-
708	198.003906	198.688802	C4	37	80	0	0	34890	P1-49-12	0	-
709	198.605469	199.329427	D5	61	80	0	0	35010	P1-49-3	0	-
710	198.635417	199.059896	D4	37	80	0	0	35010	P1-49-13	0	-
711	198.643229	199.000000	Bb4	42	80	0	0	35010	P1-49-7	0	-
712	198.649740	199.369792	F3	38	80	0	0	35010	P1-49-17	0	-
713	199.240885	199.729167	C5	58	80	0	0	35130	P1-49-4	0	-
714	199.276042	199.759115	Bb4	42	80	0	0	35130	P1-49-8	0	-
715	199.291667	199.739583	Eb4	33	80	0	0	35130	P1-49-14	0	-
716	199.295573	199.779948	G3	30	80	0	0	35130	P1-49-18	0	-
717	199.960938	200.399740	C5	61	80	0	0	35250	P1-49-5	0	-
718	199.972656	201.839844	E4	41	80	0	0	35250	P1-49-15	0	-
719	199.984375	200.408854	Bb4	49	80	0	0	35250	P1-49-9	0	-
720	199.994792	201.819010	G3	35	80	0	0	35250	P1-49-19	0	-
721	200.695312	200.773438	C5	50	80	0	0	35370	P1-50-1	0	-
722	200.704427	200.709635	F4	34	80	0	0	35370	P1-50-28	0	-
723	200.720052	200.859375	Bb4	41	80	0	0	35370	P1-50-18	0	-
724	200.726562	200.938802	Bb3	34	80	0	0	35370	P1-50-18	0	-
725	200.729167	200.859375	F3	31	80	0	0	35370	P1-50-32	0	-
726	200.802083	200.855469	D5	53	80	0	0	35370	P1-50-20	0	-
727	200.869792	201.729167	F3	35	80	0	0	35370	P1-50-32	0	-
728	200.871094	200.932292	C5	57	80	0	0	35400	P1-50-1	0	-
729	200.950521	201.035156	D5	52	80	0	0	35430	P1-50-24	0	-
730	201.059896	201.126302	C5	45	80	0	0	35460	P1-50-1	0	-
731	201.183594	201.309896	B4	45	80	0	0	35490	P1-50-2	0	-
732	201.264323	201.365885	C5	48	80	0	0	35490	P1-50-3	0	-
733	201.394531	201.839844	D5	52	80	0	0	35490	P1-50-4	0	-
734	201.736979	201.899740	C5	58	80	0	0	35550	P1-50-5	0	-
735	201.739583	202.229167	F3	32	80	0	0	35880	P1-50-9	0	-
736	202.196615	203.169271	C5	45	80	0	0	35610	P1-50-6	0	-
737	202.233073	203.009115	A4	30	80	0	0	35610	P1-50-19	0	-
738	202.235677	203.000000	F3	27	80	0	0	35610	P1-50-29	0	-
739	202.238281	202.839844	F4	26	80	0	0	35610	P1-50-29	0	-
740	203.540365	203.766927	F3	40	80	0	0	35880	P1-50-9	0	-
741	203.747396	203.955729	G3	39	80	0	0	35910	P1-50-10	0	-
742	203.895833	204.104167	F3	44	80	0	0	35940	P1-50-11	0	-
743	204.078125	204.348958	E3	46	80	0	0	35970	P1-50-12	0	-
744	204.234375	204.500000	F3	50	80	0	0	36000	P1-50-13	0	-
745	204.414062	204.619792	G3	55	80	0	0	36030	P1-50-15	0	-
746	204.421875	204.679688	Eb3	50	80	0	0	36030	P1-50-14	0	-
747	204.580729	204.968750	A3	61	80	0	0	36060	P1-50-17	0	-
748	204.602865	204.929688	C3	57	80	0	0	36060	P1-50-16	0	-
749	204.904948	205.869792	D3	57	80	0	0	36090	P1-51-3	0	-
750	204.914062	207.000000	Bb3	54	80	0	0	36090	P1-51-1	0	-
751	204.934896	205.069010	F3	39	80	0	0	36090	P1-51-1	0	-
752	204.940104	205.929688	Bb2	41	80	0	0	36090	P1-51-2	0	-
753	206.114583	206.359375	Eb3	52	80	0	0	36300	P1-51-5	0	-
754	206.141927	206.354167	C3	41	80	0	0	36300	P1-51-4	0	-
755	206.355469	207.289062	F3	43	80	0	0	36330	P1-51-7	0	-
756	206.356771	207.329427	D3	46	80	0	0	36330	P1-51-6	0	-
757	206.554688	206.671875	Bb5	53	80	0	0	36360	P1-51-13	0	-
758	206.712240	206.824219	D6	46	80	0	0	36390	P1-51-14	0	-
759	206.854167	206.989583	Bb5	52	80	0	0	36420	P1-51-15	0	-
760	207.032552	207.126302	F5	45	80	0	0	36450	P1-51-16	0	-
761	207.183594	207.274740	Bb5	43	80	0	0	36480	P1-51-17	0	-
762	207.322917	207.468750	D5	43	80	0	0	36510	P1-51-18	0	-
763	207.496094	207.669271	F5	44	80	0	0	36540	P1-51-19	0	-
764	207.634115	208.098958	F3	43	80	0	0	36570	P1-51-9	0	-
765	207.634115	207.829427	Bb4	49	80	0	0	36570	P1-51-20	0	-
766	207.644531	208.829427	D3	46	80	0	0	36570	P1-51-8	0	-
767	207.803385	207.889323	D5	47	80	0	0	36600	P1-51-21	0	-
768	207.949219	208.048177	F4	43	80	0	0	36630	P1-51-22	0	-
769	208.110677	208.269531	Bb4	45	80	0	0	36660	P1-51-23	0	-
770	208.233073	208.334635	D4	34	80	0	0	36690	P1-51-24	0	-
771	208.385417	208.709635	F4	39	80	0	0	36720	P1-51-25	0	-
772	208.537760	208.750000	Bb3	41	80	0	0	36750	P1-51-26	0	-
773	208.683594	208.859375	D4	41	80	0	0	36780	P1-51-27	0	-
774	208.804688	209.218750	D5	63	80	0	0	36810	P1-52-1	0	-
775	208.832031	209.089844	F3	45	80	0	0	36810	P1-52-9	0	-
776	209.011719	209.229167	Bb3	47	80	0	0	36840	P1-52-10	0	-
777	209.122396	209.359375	D3	45	80	0	0	36870	P1-52-11	0	-
778	209.257812	209.479167	F3	39	80	0	0	36900	P1-52-12	0	-
779	209.390625	209.519531	Bb2	44	80	0	0	36920	P1-52-8	0	-
780	209.467448	209.563802	Eb5	52	80	0	0	36930	P1-52-2	0	-
781	209.531250	209.739583	D3	53	80	0	0	36930	P1-52-13	0	-
782	209.558594	209.628906	D5	51	80	0	0	36930	P1-52-2	0	-
783	209.592448	209.750000	C5	61	80	0	0	36930	P1-52-2	0	-
784	209.647135	209.811198	F2	50	80	0	0	36990	P1-52-15	0	-
785	209.688802	209.835938	D5	65	80	0	0	37020	P1-52-3	0	-
786	209.820312	210.016927	Eb5	68	80	0	0	37020	P1-52-3	0	-
787	209.842448	209.997396	Bb2	48	80	0	0	37020	P1-52-16	0	-
788	210.003906	210.589844	F5	68	80	0	0	37050	P1-52-4	0	-
789	210.026042	210.128906	D2	38	80	0	0	37050	P1-52-17	0	-
790	210.143229	210.255208	Bb1	51	80	0	0	37080	P1-52-18	0	-
791	210.290365	210.375000	D2	48	80	0	0	37110	P1-52-19	0	-
792	210.394531	210.486979	F2	49	80	0	0	37140	P1-52-20	0	-
793	210.516927	210.739583	Bb2	51	80	0	0	37170	P1-52-21	0	-
794	210.644531	210.839844	D2	47	80	0	0	37200	P1-52-22	0	-
795	210.794271	211.139323	F2	49	80	0	0	37230	P1-52-23	0	-
796	210.946615	211.128906	Bb2	51	80	0	0	37260	P1-52-24	0	-
797	211.074219	212.519531	Bb3	69	80	0	0	37290	P1-52-5	0	-
798	211.085938	211.628906	D3	49	80	0	0	37290	P1-52-25	0	-
799	211.235677	211.359375	Bb2	43	80	0	0	37320	P1-52-26	0	-
800	211.372396	211.649740	F2	42	80	0	0	37350	P1-52-27	0	-
801	211.529948	211.759115	D2	38	80	0	0	37380	P1-52-28	0	-
802	211.652344	212.109375	Bb2	44	80	0	0	37410	P1-52-29	0	-
803	211.774740	213.098958	F2	48	80	0	0	37440	P1-52-30	0	-
804	211.917969	212.069010	D2	33	80	0	0	37470	P1-52-31	0	-
805	212.023438	212.289062	Bb1	43	80	0	0	37500	P1-52-32	0	-
806	212.382812	213.759115	Eb3	54	80	0	0	37530	P1-53-3	0	-
807	212.403646	215.429688	A3	65	80	0	0	37530	P1-53-1	0	-
808	212.404948	213.549479	C3	52	80	0	0	37530	P1-53-2	0	-
809	213.643229	214.059896	F3	52	80	0	0	37740	P1-53-5	0	-
810	213.647135	213.929688	D3	51	80	0	0	37740	P1-53-4	0	-
811	213.914062	214.949219	Eb3	53	80	0	0	37770	P1-53-6	0	-
812	213.915365	215.029948	Gb3	51	80	0	0	37770	P1-53-7	0	-
813	214.125000	214.274740	C6	50	80	0	0	37800	P1-53-13	0	-
814	214.276042	214.489583	Eb6	51	80	0	0	37830	P1-53-14	0	-
815	214.421875	214.507812	C6	50	80	0	0	37860	P1-53-15	0	-
816	214.558594	214.635417	A5	49	80	0	0	37890	P1-53-16	0	-
817	214.667969	214.779948	C6	51	80	0	0	37920	P1-53-17	0	-
818	214.824219	215.009115	Gb5	50	80	0	0	37950	P1-53-18	0	-
819	214.963542	215.279948	A5	52	80	0	0	37980	P1-53-19	0	-
820	215.122396	215.598958	Eb3	43	80	0	0	38010	P1-53-8	0	-
821	215.123698	215.669271	Gb3	42	80	0	0	38010	P1-53-9	0	-
822	215.246094	215.347656	Gb5	49	80	0	0	38040	P1-53-21	0	-
823	215.391927	215.494792	C5	45	80	0	0	38070	P1-53-22	0	-
824	215.546875	215.636719	Eb5	40	80	0	0	38100	P1-53-23	0	-
825	215.667969	215.776042	A4	44	80	0	0	38130	P1-53-24	0	-
826	215.820312	216.029948	C5	46	80	0	0	38160	P1-53-25	0	-
827	215.970052	216.082031	Gb4	39	80	0	0	38190	P1-53-26	0	-
828	216.122396	216.196615	A4	43	80	0	0	38220	P1-53-27	0	-
829	216.233073	216.889323	C6	67	80	0	0	38250	P1-54-1	0	-
830	216.251302	216.419271	Eb4	45	80	0	0	38250	P1-54-11	0	-
831	216.255208	216.799479	Eb3	45	80	0	0	38250	P1-54-11	0	-
832	216.393229	216.609375	Gb4	49	80	0	0	38280	P1-54-12	0	-
833	216.518229	216.623698	C4	44	80	0	0	38310	P1-54-13	0	-
834	216.654948	216.819010	Eb4	48	80	0	0	38340	P1-54-14	0	-
835	216.783854	217.079427	A3	50	80	0	0	38360	P1-54-10	0	-
836	216.884115	216.992188	D6	68	80	0	0	38370	P1-54-2	0	-
837	216.967448	217.199219	C4	41	80	0	0	38370	P1-54-15	0	-
838	216.967448	217.019531	C6	72	80	0	0	38370	P1-54-2	0	-
839	217.018229	217.128906	B5	62	80	0	0	38370	P1-54-2	0	-
840	217.031250	217.389323	Gb3	48	80	0	0	38430	P1-54-17	0	-
841	217.104167	217.238281	C6	77	80	0	0	38460	P1-54-3	0	-
842	217.179688	217.589844	A3	49	80	0	0	38460	P1-54-18	0	-
843	217.216146	217.421875	D6	83	80	0	0	38460	P1-54-3	0	-
844	217.373698	218.359375	C3	46	80	0	0	38490	P1-54-19	0	-
845	217.397135	218.039062	Eb6	80	80	0	0	38490	P1-54-4	0	-
846	217.535156	217.759115	Gb3	46	80	0	0	38520	P1-54-20	0	-
847	217.670573	218.449219	Eb3	45	80	0	0	38550	P1-54-21	0	-
848	217.798177	218.000000	A3	44	80	0	0	38580	P1-54-22	0	-
849	217.919271	218.158854	Gb3	47	80	0	0	38610	P1-54-23	0	-
850	218.065104	218.152344	C4	51	80	0	0	38640	P1-54-24	0	-
851	218.184896	218.500000	A3	43	80	0	0	38670	P1-54-25	0	-
852	218.312500	218.779948	Gb3	51	80	0	0	38700	P1-54-26	0	-
853	218.533854	220.218750	Gb4	78	80	0	0	38730	P1-54-7	0	-
854	218.557292	219.869792	Eb4	65	80	0	0	38730	P1-54-6	0	-
855	218.565104	219.079427	C4	48	80	0	0	38730	P1-54-5	0	-
856	218.725260	219.089844	Eb3	42	80	0	0	38760	P1-54-28	0	-
857	218.942708	219.799479	Bb2	39	80	0	0	38790	P1-54-29	0	-
858	219.104167	219.214844	Gb3	39	80	0	0	38820	P1-54-30	0	-
859	219.251302	219.628906	Eb3	39	80	0	0	38850	P1-54-31	0	-
860	219.442708	219.789062	Bb3	35	80	0	0	38880	P1-54-32	0	-
861	219.609375	219.968750	Gb3	37	80	0	0	38910	P1-54-33	0	-
862	219.785156	220.188802	Eb3	40	80	0	0	38940	P1-54-34	0	-
863	219.996094	222.628906	F4	58	80	0	0	38970	P1-55-1	0	-
864	220.022135	221.059896	Eb4	52	80	0	0	38970	P1-55-6	0	-
865	220.033854	220.569010	C4	38	80	0	0	38970	P1-55-5	0	-
866	220.074219	220.658854	A2	29	80	0	0	38970	P1-55-15	0	-
867	220.714844	221.218750	C4	49	80	0	0	39090	P1-55-8	0	-
868	220.752604	221.218750	A3	39	80	0	0	39090	P1-55-7	0	-
869	221.174479	221.429688	D4	53	80	0	0	39180	P1-55-10	0	-
870	221.203125	221.449219	B3	44	80	0	0	39180	P1-55-9	0	-
871	221.377604	222.339844	Eb4	57	80	0	0	39210	P1-55-12	0	-
872	221.386719	222.259115	C4	46	80	0	0	39210	P1-55-11	0	-
873	221.513021	221.644531	C6	48	80	0	0	39240	P1-55-18	0	-
874	221.653646	221.763021	Eb6	54	80	0	0	39270	P1-55-19	0	-
875	221.794271	221.882812	C6	52	80	0	0	39300	P1-55-20	0	-
876	221.907552	222.002604	A5	61	80	0	0	39330	P1-55-21	0	-
877	222.044271	222.138021	C6	47	80	0	0	39360	P1-55-22	0	-
878	222.191406	222.278646	Eb5	43	80	0	0	39390	P1-55-23	0	-
879	222.324219	222.709635	A5	57	80	0	0	39420	P1-55-24	0	-
880	222.455729	222.929688	Eb4	46	80	0	0	39450	P1-55-14	0	-
881	222.463542	223.049479	C4	46	80	0	0	39450	P1-55-13	0	-
882	222.486979	222.572917	C5	41	80	0	0	39450	P1-55-25	0	-
883	222.604167	222.919271	Eb5	46	80	0	0	39480	P1-55-26	0	-
884	222.755208	222.850260	A4	37	80	0	0	39510	P1-55-27	0	-
885	222.884115	222.984375	C5	50	80	0	0	39540	P1-55-28	0	-
886	223.033854	223.299479	Eb4	42	80	0	0	39570	P1-55-29	0	-
887	223.165365	223.399740	A4	48	80	0	0	39600	P1-55-30	0	-
888	223.243490	223.529948	C6	72	80	0	0	39630	P1-55-4	0	-
889	223.290365	223.388021	C4	46	80	0	0	39630	P1-55-31	0	-
890	223.428385	223.589844	Eb4	44	80	0	0	39660	P1-55-32	0	-
891	223.537760	224.149740	C6	73	80	0	0	39690	P1-56-1	0	-
892	223.542969	223.718750	A3	59	80	0	0	39690	P1-56-11	0	-
893	223.545573	223.589844	C4	51	80	0	0	39720	P1-56-12	0	-
894	223.678385	223.747396	C4	48	80	0	0	39720	P1-56-12	0	-
895	223.795573	223.979167	F3	43	80	0	0	39750	P1-56-13	0	-
896	223.949219	224.010417	A3	46	80	0	0	39780	P1-56-14	0	-
897	224.072917	224.183594	C3	52	80	0	0	39800	P1-56-10	0	-
898	224.143229	224.225260	D6	71	80	0	0	39810	P1-56-2	0	-
899	224.213542	224.329427	C6	77	80	0	0	39810	P1-56-2	0	-
900	224.217448	224.348958	F3	46	80	0	0	39840	P1-56-16	0	-
901	224.218750	224.229167	F2	49	80	0	0	39840	P1-56-16	0	-
902	224.264323	224.333333	B5	71	80	0	0	39870	P1-56-17	0	-
903	224.333333	224.519531	A2	55	80	0	0	39870	P1-56-17	0	-
904	224.343750	224.459635	C6	80	80	0	0	39900	P1-56-3	0	-
905	224.453125	224.635417	D6	86	80	0	0	39900	P1-56-3	0	-
906	224.477865	224.839844	C3	57	80	0	0	39900	P1-56-18	0	-
907	224.601562	225.079427	Eb6	88	80	0	0	39930	P1-56-4	0	-
908	224.609375	224.839844	F2	57	80	0	0	39930	P1-56-19	0	-
909	224.752604	224.833333	A2	50	80	0	0	39960	P1-56-20	0	-
910	224.881510	225.188802	C2	56	80	0	0	39990	P1-56-21	0	-
911	225.003906	225.218750	F2	48	80	0	0	40020	P1-56-22	0	-
912	225.122396	225.429688	A1	54	80	0	0	40050	P1-56-23	0	-
913	225.261719	225.729167	C2	56	80	0	0	40080	P1-56-24	0	-
914	225.355469	225.468750	F1	53	80	0	0	40110	P1-56-25	0	-
915	225.485677	225.839844	A1	57	80	0	0	40140	P1-56-26	0	-
916	225.635417	226.799479	Eb5	86	80	0	0	40170	P1-56-7	0	-
917	225.648438	226.839844	C5	75	80	0	0	40170	P1-56-6	0	-
918	225.665365	226.419271	A4	62	80	0	0	40170	P1-56-5	0	-
919	225.858073	225.979167	F#1	46	80	0	0	40200	P1-56-28	0	-
920	225.996094	226.075521	A1	49	80	0	0	40230	P1-56-29	0	-
921	226.105469	226.399740	C2	52	80	0	0	40260	P1-56-30	0	-
922	226.226562	226.459635	F#2	51	80	0	0	40290	P1-56-31	0	-
923	226.403646	226.481771	A2	46	80	0	0	40320	P1-56-32	0	-
924	226.488281	226.580729	C3	59	80	0	0	40350	P1-56-33	0	-
925	226.617188	226.677083	F#3	59	80	0	0	40380	P1-56-34	0	-
926	226.782552	228.000000	D5	81	80	0	0	40410	P1-57-2	0	-
927	226.808594	226.869792	C2	50	80	0	0	40440	P1-57-11	0	-
928	226.975260	227.179688	G1	44	80	0	0	40440	P1-57-11	0	-
929	226.986979	227.128906	G2	44	80	0	0	40440	P1-57-11	0	-
930	227.095052	227.218750	Bb1	48	80	0	0	40470	P1-57-12	0	-
931	227.212240	227.304688	D2	58	80	0	0	40500	P1-57-13	0	-
932	227.326823	227.649740	G2	50	80	0	0	40530	P1-57-14	0	-
933	227.460938	227.829427	Bb2	63	80	0	0	40560	P1-57-15	0	-
934	227.593750	227.899740	D3	60	80	0	0	40590	P1-57-16	0	-
935	227.919271	228.628906	G5	95	80	0	0	40650	P1-57-4	0	-
936	228.082031	228.216146	E2	53	80	0	0	40680	P1-57-19	0	-
937	228.195312	228.389323	G2	57	80	0	0	40710	P1-57-20	0	-
938	228.345052	228.430990	Bb2	61	80	0	0	40740	P1-57-21	0	-
939	228.464844	228.609375	E3	56	80	0	0	40770	P1-57-22	0	-
940	228.593750	228.684896	G3	66	80	0	0	40800	P1-57-23	0	-
941	228.723958	228.803385	Bb3	67	80	0	0	40830	P1-57-24	0	-
942	228.855469	228.950521	G3	61	80	0	0	40860	P1-57-25	0	-
943	229.014323	230.109375	Db5	98	80	0	0	40890	P1-57-8	0	-
944	229.016927	229.128906	Db4	90	80	0	0	40890	P1-57-26	0	-
945	229.016927	229.869792	Bb4	91	80	0	0	40890	P1-57-7	0	-
946	229.019531	229.098958	G4	82	80	0	0	40890	P1-57-6	0	-
947	229.186198	229.252604	Bb3	66	80	0	0	40920	P1-57-27	0	-
948	229.316406	229.402344	G3	61	80	0	0	40950	P1-57-28	0	-
949	229.463542	229.544271	E3	60	80	0	0	40980	P1-57-29	0	-
950	229.621094	229.690104	Db3	63	80	0	0	41010	P1-57-30	0	-
951	229.785156	229.908854	Bb2	64	80	0	0	41040	P1-57-31	0	-
952	229.882812	230.049479	G2	56	80	0	0	41070	P1-57-32	0	-
953	230.024740	230.128906	E2	59	80	0	0	41100	P1-57-33	0	-
954	230.274740	231.218750	F5	91	80	0	0	41130	P1-58-1	0	-
955	230.425781	230.540365	F2	48	80	0	0	41160	P1-58-13	0	-
956	230.566406	230.653646	Bb2	53	80	0	0	41190	P1-58-14	0	-
957	230.708333	230.789062	D3	51	80	0	0	41220	P1-58-15	0	-
958	230.875000	230.936198	F3	45	80	0	0	41250	P1-58-16	0	-
959	231.024740	231.097656	D3	55	80	0	0	41280	P1-58-17	0	-
960	231.154948	231.226562	Bb2	57	80	0	0	41310	P1-58-18	0	-
961	231.276042	231.569010	F2	56	80	0	0	41340	P1-58-19	0	-
962	231.524740	232.339844	D5	72	80	0	0	41370	P1-58-10	0	-
963	231.545573	232.369792	Bb4	57	80	0	0	41370	P1-58-9	0	-
964	231.548177	232.289062	F4	55	80	0	0	41370	P1-58-8	0	-
965	231.552083	231.559896	Bb2	51	80	0	0	41400	P1-58-21	0	-
966	231.671875	231.989583	F2	31	80	0	0	41400	P1-58-21	0	-
967	231.843750	231.927083	Bb2	49	80	0	0	41430	P1-58-22	0	-
968	232.010417	232.072917	D3	48	80	0	0	41460	P1-58-23	0	-
969	232.136719	232.203125	F3	41	80	0	0	41490	P1-58-24	0	-
970	232.264323	232.429688	D3	48	80	0	0	41520	P1-58-25	0	-
971	232.436198	232.609375	Bb2	39	80	0	0	41550	P1-58-26	0	-
972	232.562500	233.128906	F2	44	80	0	0	41580	P1-58-27	0	-
973	232.736979	234.000000	A4	47	80	0	0	41610	P1-58-5	0	-
974	232.746094	233.649740	F4	44	80	0	0	41610	P1-58-4	0	-
975	232.760417	232.949219	Eb3	42	80	0	0	41610	P1-58-28	0	-
976	232.763021	233.479167	C4	40	80	0	0	41610	P1-58-2	0	-
977	232.945312	233.033854	C3	43	80	0	0	41640	P1-58-29	0	-
978	233.121094	233.359375	A2	42	80	0	0	41670	P1-58-30	0	-
979	233.290365	233.389323	F2	29	80	0	0	41700	P1-58-31	0	-
980	233.375000	234.039062	Eb2	39	80	0	0	41730	P1-58-32	0	-
981	233.565104	233.899740	C2	34	80	0	0	41760	P1-58-33	0	-
982	233.691406	234.089844	A1	37	80	0	0	41790	P1-58-34	0	-
983	233.877604	234.049479	A2	29	80	0	0	41790	P1-58-34	0	-
984	234.093750	235.649740	Bb4	43	80	0	0	41850	P1-59-4	0	-
985	234.111979	234.829427	D4	33	80	0	0	41850	P1-59-2	0	-
986	234.114583	234.639323	Bb1	29	80	0	0	41850	P1-59-8	0	-
987	234.122396	235.658854	F4	39	80	0	0	41850	P1-59-3	0	-
988	234.125000	236.968750	Bb3	29	80	0	0	41850	P1-59-1	0	-
989	235.210938	235.348958	Bb2	31	80	0	0	42030	P1-59-10	0	-
990	235.278646	235.908854	Bb1	33	80	0	0	42050	P1-59-11	0	-
991	235.401042	235.789062	Bb2	30	80	0	0	42070	P1-59-12	0	-
992	236.446615	236.579427	Bb2	36	80	0	0	42270	P1-59-15	0	-
993	236.531250	236.729167	Bb1	34	80	0	0	42290	P1-59-16	0	-
994	236.660156	237.339844	Bb2	21	80	0	0	42310	P1-59-17	0	-
995	236.735677	237.369792	Bb1	28	80	0	0	42330	P1-59-18	0	-
996	237.718750	237.878906	Bb2	31	80	0	0	42510	P1-59-20	0	-
997	237.807292	240.329427	Bb1	35	80	0	0	42530	P1-59-21	0	-
998	237.945312	240.329427	Bb2	27	80	0	0	42550	P1-59-22	0	-
999	238.082031	240.229167	F4	54	80	0	0	42570	P1-60-3	0	-
1000	238.108073	239.119792	Bb3	41	80	0	0	42570	P1-60-2	0	-
1001	238.119792	239.459635	Ab3	38	80	0	0	42570	P1-60-1	0	-
1002	239.386719	240.889323	Eb4	50	80	0	0	42810	P1-60-6	0	-
1003	239.408854	240.269531	G3	34	80	0	0	42810	P1-60-4	0	-
1004	239.411458	240.378906	Bb3	39	80	0	0	42810	P1-60-5	0	-
1005	240.674479	241.848958	D4	48	80	0	0	43050	P1-60-9	0	-
1006	240.697917	241.959635	Bb3	38	80	0	0	43050	P1-60-8	0	-
1007	240.704427	242.019531	F#3	34	80	0	0	43050	P1-60-7	0	-
1008	242.119792	242.489583	D4	38	80	0	0	43050	P1-60-9	0	-
1009	242.144531	243.269531	Bb3	35	80	0	0	43050	P1-60-8	0	-
1010	242.175781	243.199219	F#3	27	80	0	0	43050	P1-60-7	0	-
1011	242.503906	243.239583	D4	16	80	0	0	43290	P1-61-3	0	-
1012	243.220052	243.359375	Bb2	26	80	0	0	43470	P1-61-11	0	-
1013	243.333333	243.619792	Bb1	27	80	0	0	43490	P1-61-12	0	-
1014	243.442708	243.609375	Bb2	24	80	0	0	43510	P1-61-13	0	-
1015	243.541667	245.459635	Eb4	39	80	0	0	43530	P1-61-6	0	-
1016	243.565104	244.819010	G3	24	80	0	0	43530	P1-61-4	0	-
1017	243.565104	245.419271	Bb3	29	80	0	0	43530	P1-61-5	0	-
1018	244.453125	244.549479	Bb2	29	80	0	0	43710	P1-61-16	0	-
1019	244.559896	244.619792	Bb1	28	80	0	0	43730	P1-61-17	0	-
1020	244.662760	244.799479	Bb2	31	80	0	0	43750	P1-61-18	0	-
1021	244.764323	245.039062	Bb1	27	80	0	0	43770	P1-61-19	0	-
1022	245.643229	245.750000	Bb2	28	80	0	0	43950	P1-61-21	0	-
1023	245.734375	245.989583	Bb1	31	80	0	0	43970	P1-61-22	0	-
1024	245.841146	246.438802	Bb2	30	80	0	0	43990	P1-61-23	0	-
1025	245.994792	247.539062	Ab4	49	80	0	0	44010	P1-62-3	0	-
1026	245.998698	246.419271	Bb1	34	80	0	0	44010	P1-62-10	0	-
1027	246.015625	247.429688	F4	36	80	0	0	44010	P1-62-2	0	-
1028	247.186198	248.908854	G4	56	80	0	0	44250	P1-62-6	0	-
1029	247.204427	248.739583	Eb4	44	80	0	0	44250	P1-62-5	0	-
1030	247.236979	248.059896	Bb3	34	80	0	0	44250	P1-62-4	0	-
1031	248.516927	249.437500	F#4	55	80	0	0	44490	P1-62-9	0	-
1032	248.545573	249.549479	D4	34	80	0	0	44490	P1-62-8	0	-
1033	248.557292	249.509115	Bb3	33	80	0	0	44490	P1-62-7	0	-
1034	249.976562	251.519531	F#4	46	80	0	0	44730	P1-63-2	0	-
1035	250.015625	251.359375	D4	30	80	0	0	44730	P1-63-1	0	-
1036	250.024740	251.098958	Bb3	40	80	0	0	44730	P1-63-8	0	-
1037	251.016927	251.158854	Eb3	30	80	0	0	44910	P1-63-12	0	-
1038	251.134115	251.269531	Eb2	31	80	0	0	44930	P1-63-13	0	-
1039	251.259115	251.699219	Eb3	24	80	0	0	44950	P1-63-14	0	-
1040	251.346354	251.938802	Eb2	30	80	0	0	44950	P1-63-14	0	-
1041	251.401042	252.949219	G4	41	80	0	0	44970	P1-63-4	0	-
1042	251.423177	253.459635	Eb4	36	80	0	0	44970	P1-63-3	0	-
1043	252.253906	252.769531	Eb3	31	80	0	0	45150	P1-63-17	0	-
1044	252.345052	252.569010	Eb2	36	80	0	0	45170	P1-63-18	0	-
1045	252.576823	253.149740	Eb2	22	80	0	0	45190	P1-63-19	0	-
1046	253.194010	254.049479	G4	45	80	0	0	45330	P1-63-7	0	-
1047	253.502604	253.682292	Eb3	26	80	0	0	45390	P1-63-22	0	-
1048	253.615885	253.829427	Eb2	33	80	0	0	45410	P1-63-23	0	-
1049	254.062500	255.479167	Eb5	48	80	0	0	45450	P1-64-2	0	-
1050	254.114583	255.378906	G4	25	80	0	0	45450	P1-64-1	0	-
1051	254.148438	254.334635	Eb2	23	80	0	0	45450	P1-64-9	0	-
1052	255.394531	256.859375	C5	40	80	0	0	45690	P1-64-5	0	-
1053	255.411458	256.229167	G4	30	80	0	0	45690	P1-64-4	0	-
1054	255.462240	256.509115	Eb4	22	80	0	0	45690	P1-64-3	0	-
1055	256.687500	257.959635	Bb4	42	80	0	0	45930	P1-64-8	0	-
1056	256.725260	257.649740	G4	23	80	0	0	45930	P1-64-7	0	-
1057	256.736979	257.559896	D4	24	80	0	0	45930	P1-64-6	0	-
1058	258.169271	259.739583	A4	36	80	0	0	46170	P1-65-3	0	-
1059	258.221354	259.809896	F4	27	80	0	0	46170	P1-65-2	0	-
1060	258.229167	259.759115	C4	19	80	0	0	46170	P1-65-1	0	-
1061	259.041667	259.500000	F3	28	80	0	0	46350	P1-65-15	0	-
1062	259.154948	259.216146	F2	32	80	0	0	46390	P1-65-17	0	-
1063	259.369792	259.501302	F2	29	80	0	0	46410	P1-65-18	0	-
1064	259.984375	260.569010	A4	48	80	0	0	46530	P1-65-6	0	-
1065	260.006510	260.479167	F4	36	80	0	0	46530	P1-65-5	0	-
1066	260.026042	260.438802	C4	26	80	0	0	46530	P1-65-4	0	-
1067	260.322917	260.388021	F6	52	80	0	0	46590	P1-65-20	0	-
1068	260.436198	260.493490	F5	37	80	0	0	46610	P1-65-21	0	-
1069	260.535156	260.739583	F6	48	80	0	0	46630	P1-65-22	0	-
1070	260.622396	260.789062	F5	39	80	0	0	46650	P1-65-23	0	-
1071	260.660156	261.369792	Bb4	55	80	0	0	46650	P1-65-9	0	-
1072	260.674479	261.069010	F4	31	80	0	0	46650	P1-65-8	0	-
1073	260.686198	261.009115	D4	29	80	0	0	46650	P1-65-7	0	-
1074	261.253906	261.679688	C5	61	80	0	0	46770	P1-65-12	0	-
1075	261.255208	261.729167	F4	38	80	0	0	46770	P1-65-11	0	-
1076	261.266927	261.699219	Eb4	40	80	0	0	46770	P1-65-10	0	-
1077	261.950521	262.699219	C5	58	80	0	0	46890	P1-66-2	0	-
1078	261.984375	262.669271	F4	33	80	0	0	46890	P1-66-16	0	-
1079	261.985677	262.509115	Eb4	35	80	0	0	46890	P1-66-1	0	-
1080	262.807292	263.114583	A4	52	80	0	0	47070	P1-66-4	0	-
1081	262.822917	262.959635	F3	36	80	0	0	47070	P1-66-3	0	-
1082	262.839844	263.000000	C#4	39	80	0	0	47070	P1-66-3	0	-
1083	262.937500	263.339844	F2	30	80	0	0	47090	P1-66-20	0	-
1084	263.042969	263.369792	F3	20	80	0	0	47110	P1-66-21	0	-
1085	263.136719	263.468750	Bb4	48	80	0	0	47130	P1-66-6	0	-
1086	263.152344	263.334635	D4	35	80	0	0	47130	P1-66-5	0	-
1087	263.729167	264.369792	Bb4	64	80	0	0	47250	P1-66-9	0	-
1088	263.779948	264.348958	D4	31	80	0	0	47250	P1-66-7	0	-
1089	263.782552	264.369792	F4	31	80	0	0	47250	P1-66-8	0	-
1090	264.069010	264.169271	F6	51	80	0	0	47310	P1-66-24	0	-
1091	264.144531	264.309896	F5	45	80	0	0	47330	P1-66-25	0	-
1092	264.243490	264.438802	F6	52	80	0	0	47350	P1-66-26	0	-
1093	264.338542	265.009115	C5	66	80	0	0	47370	P1-66-12	0	-
1094	264.363281	264.644531	A4	48	80	0	0	47370	P1-66-11	0	-
1095	264.384115	264.809896	F4	32	80	0	0	47370	P1-66-10	0	-
1096	264.921875	265.289062	D5	71	80	0	0	47490	P1-66-15	0	-
1097	264.951823	265.173177	Bb4	54	80	0	0	47490	P1-66-14	0	-
1098	264.963542	265.279948	F4	42	80	0	0	47490	P1-66-13	0	-
1099	265.651042	266.769531	D5	58	80	0	0	47610	P1-67-2	0	-
1100	265.674479	266.539062	Bb4	37	80	0	0	47610	P1-67-1	0	-
1101	265.688802	267.098958	F4	33	80	0	0	47610	P1-67-16	0	-
1102	266.427083	266.438802	F3	24	80	0	0	47790	P1-67-20	0	-
1103	266.446615	266.509115	F2	27	80	0	0	47790	P1-67-20	0	-
1104	266.460938	266.789062	B4	52	80	0	0	47790	P1-67-4	0	-
1105	266.488281	266.769531	G#4	41	80	0	0	47790	P1-67-3	0	-
1106	266.522135	266.679688	F2	37	80	0	0	47830	P1-67-22	0	-
1107	266.746094	267.128906	C5	58	80	0	0	47850	P1-67-6	0	-
1108	266.760417	267.119792	A4	44	80	0	0	47850	P1-67-5	0	-
1109	266.774740	266.933594	F2	32	80	0	0	47850	P1-67-23	0	-
1110	267.343750	268.029948	C5	76	80	0	0	47970	P1-67-9	0	-
1111	267.394531	267.938802	A4	31	80	0	0	47970	P1-67-8	0	-
1112	267.397135	267.938802	F4	36	80	0	0	47970	P1-67-7	0	-
1113	267.734375	267.859375	F6	54	80	0	0	48030	P1-67-25	0	-
1114	267.813802	267.968750	F5	55	80	0	0	48050	P1-67-26	0	-
1115	267.915365	267.979167	F6	58	80	0	0	48070	P1-67-27	0	-
1116	267.992188	268.339844	D5	73	80	0	0	48090	P1-67-12	0	-
1117	268.016927	268.283854	Bb4	56	80	0	0	48090	P1-67-11	0	-
1118	268.035156	268.449219	F4	39	80	0	0	48090	P1-67-10	0	-
1119	268.585938	269.098958	Eb5	75	80	0	0	48210	P1-67-15	0	-
1120	268.605469	269.149740	C5	54	80	0	0	48210	P1-67-14	0	-
1121	268.652344	269.329427	F4	38	80	0	0	48210	P1-67-13	0	-
1122	269.351562	270.399740	Eb5	62	80	0	0	48330	P1-68-2	0	-
1123	269.382812	270.549479	C5	51	80	0	0	48330	P1-68-1	0	-
1124	269.386719	270.819010	F4	33	80	0	0	48330	P1-68-18	0	-
1125	270.128906	270.329427	F3	21	80	0	0	48510	P1-68-22	0	-
1126	270.195312	270.528646	C#5	61	80	0	0	48510	P1-68-4	0	-
1127	270.204427	270.559896	A4	46	80	0	0	48510	P1-68-3	0	-
1128	270.243490	270.489583	F2	36	80	0	0	48530	P1-68-23	0	-
1129	270.338542	270.799479	F3	26	80	0	0	48550	P1-68-24	0	-
1130	270.494792	270.779948	F2	44	80	0	0	48570	P1-68-25	0	-
1131	270.507812	270.848958	D5	59	80	0	0	48570	P1-68-6	0	-
1132	270.535156	270.777344	Bb4	41	80	0	0	48570	P1-68-5	0	-
1133	271.140625	271.739583	D5	76	80	0	0	48690	P1-68-9	0	-
1134	271.165365	271.739583	Bb4	44	80	0	0	48690	P1-68-8	0	-
1135	271.190104	271.628906	F4	38	80	0	0	48690	P1-68-7	0	-
1136	271.528646	271.622396	F6	53	80	0	0	48750	P1-68-27	0	-
1137	271.660156	271.819010	F5	48	80	0	0	48770	P1-68-28	0	-
1138	271.770833	271.908854	F6	41	80	0	0	48790	P1-68-29	0	-
1139	271.886719	272.440104	E5	78	80	0	0	48810	P1-68-13	0	-
1140	271.916667	272.489583	Db5	56	80	0	0	48810	P1-68-12	0	-
1141	271.920573	272.468750	Bb4	53	80	0	0	48810	P1-68-11	0	-
1142	271.924479	272.519531	G4	45	80	0	0	48810	P1-68-10	0	-
1143	272.609375	273.000000	E6	71	80	0	0	48930	P1-68-17	0	-
1144	272.610677	272.895833	E5	73	80	0	0	48930	P1-68-17	0	-
1145	272.635417	273.250000	Db5	56	80	0	0	48930	P1-68-16	0	-
1146	272.644531	273.218750	Bb4	49	80	0	0	48930	P1-68-15	0	-
1147	272.654948	273.468750	G4	42	80	0	0	48930	P1-68-14	0	-
1148	272.930990	273.128906	F6	56	80	0	0	48990	P1-68-32	0	-
1149	273.019531	273.106771	F5	47	80	0	0	49010	P1-68-33	0	-
1150	273.141927	273.359375	F6	52	80	0	0	49030	P1-68-34	0	-
1151	273.394531	273.559896	F6	59	80	0	0	49050	P1-69-3	0	-
1152	273.395833	274.019531	F5	61	80	0	0	49050	P1-69-3	0	-
1153	273.425781	273.929688	C5	40	80	0	0	49050	P1-69-2	0	-
1154	273.438802	273.968750	A4	33	80	0	0	49050	P1-69-1	0	-
1155	274.252604	275.019531	C5	47	80	0	0	49170	P1-69-6	0	-
1156	274.263021	275.039062	A4	38	80	0	0	49170	P1-69-5	0	-
1157	274.305990	275.019531	F4	27	80	0	0	49170	P1-69-4	0	-
1158	274.614583	274.750000	F3	36	80	0	0	49230	P1-69-18	0	-
1159	274.730469	274.938802	F2	32	80	0	0	49260	P1-69-19	0	-
1160	274.865885	275.069010	F3	35	80	0	0	49290	P1-69-20	0	-
1161	275.477865	275.908854	C5	58	80	0	0	49410	P1-69-9	0	-
1162	275.516927	275.649740	F2	27	80	0	0	49410	P1-69-7	0	-
1163	275.533854	275.819010	A4	33	80	0	0	49410	P1-69-8	0	-
1164	275.536458	275.799479	F4	34	80	0	0	49410	P1-69-7	0	-
1165	276.005208	276.149740	F6	41	80	0	0	49470	P1-69-22	0	-
1166	276.083333	276.229167	F5	41	80	0	0	49500	P1-69-23	0	-
1167	276.220052	276.389323	F6	51	80	0	0	49530	P1-69-24	0	-
1168	276.234375	276.419271	F5	48	80	0	0	49530	P1-69-12	0	-
1169	276.246094	276.658854	E6	47	80	0	0	49530	P1-69-24	0	-
1170	276.252604	277.309896	E5	46	80	0	0	49530	P1-69-12	0	-
1171	276.276042	276.729167	Bb4	32	80	0	0	49530	P1-69-11	0	-
1172	276.298177	276.759115	G4	28	80	0	0	49530	P1-69-10	0	-
1173	277.010417	277.579427	C5	45	80	0	0	49650	P1-69-15	0	-
1174	277.035156	277.377604	Bb4	33	80	0	0	49650	P1-69-14	0	-
1175	277.054688	277.529948	G4	22	80	0	0	49650	P1-69-13	0	-
1176	277.770833	279.098958	F5	50	80	0	0	49770	P1-70-3	0	-
1177	277.816406	278.309896	A4	26	80	0	0	49770	P1-70-2	0	-
1178	277.822917	278.329427	F4	27	80	0	0	49770	P1-70-1	0	-
1179	278.579427	279.438802	C5	43	80	0	0	49890	P1-70-6	0	-
1180	278.595052	279.479167	A4	32	80	0	0	49890	P1-70-5	0	-
1181	278.644531	279.569010	F4	17	80	0	0	49890	P1-70-4	0	-
1182	278.962240	279.026042	F3	27	80	0	0	49950	P1-70-18	0	-
1183	279.054688	279.125000	F2	34	80	0	0	49980	P1-70-19	0	-
1184	279.174479	279.389323	F3	32	80	0	0	50010	P1-70-20	0	-
1185	279.820312	280.408854	C5	49	80	0	0	50130	P1-70-9	0	-
1186	279.847656	280.408854	A4	33	80	0	0	50130	P1-70-8	0	-
1187	279.886719	280.408854	F4	28	80	0	0	50130	P1-70-7	0	-
1188	280.337240	280.468750	F6	45	80	0	0	50190	P1-70-22	0	-
1189	280.433594	280.549479	F5	41	80	0	0	50220	P1-70-23	0	-
1190	280.562500	280.628906	F6	50	80	0	0	50250	P1-70-24	0	-
1191	280.562500	281.039062	F5	47	80	0	0	50250	P1-70-12	0	-
1192	280.565104	280.649740	E6	47	80	0	0	50250	P1-70-24	0	-
1193	280.566406	281.519531	E5	46	80	0	0	50250	P1-70-12	0	-
1194	280.582031	281.188802	Bb4	37	80	0	0	50250	P1-70-11	0	-
1195	280.619792	281.309896	G4	22	80	0	0	50250	P1-70-10	0	-
1196	281.347656	282.069010	C5	44	80	0	0	50370	P1-70-15	0	-
1197	281.402344	281.723958	Bb4	27	80	0	0	50370	P1-70-14	0	-
1198	281.406250	281.848958	G4	19	80	0	0	50370	P1-70-13	0	-
1199	282.050781	283.128906	F5	51	80	0	0	50490	P1-71-3	0	-
1200	282.097656	282.479167	A4	28	80	0	0	50490	P1-71-2	0	-
1201	282.098958	282.579427	F4	27	80	0	0	50490	P1-71-1	0	-
1202	282.747396	283.609375	C5	51	80	0	0	50610	P1-71-6	0	-
1203	282.782552	283.509115	A4	34	80	0	0	50610	P1-71-5	0	-
1204	282.812500	283.579427	F4	27	80	0	0	50610	P1-71-4	0	-
1205	283.179688	283.359375	F3	29	80	0	0	50670	P1-71-15	0	-
1206	283.273438	283.363281	F2	27	80	0	0	50700	P1-71-16	0	-
1207	283.412760	283.679688	F3	30	80	0	0	50730	P1-71-17	0	-
1208	284.005208	285.269531	A4	39	80	0	0	50850	P1-71-9	0	-
1209	284.023438	284.779948	F4	27	80	0	0	50850	P1-71-8	0	-
1210	284.063802	284.759115	C4	16	80	0	0	50850	P1-71-7	0	-
1211	284.421875	284.549479	F3	23	80	0	0	50910	P1-71-19	0	-
1212	284.532552	284.729167	F2	34	80	0	0	50940	P1-71-20	0	-
1213	284.704427	284.938802	F3	25	80	0	0	50970	P1-71-21	0	-
1214	285.253906	286.509115	F4	41	80	0	0	51090	P1-71-12	0	-
1215	285.282552	286.598958	C4	25	80	0	0	51090	P1-71-11	0	-
1216	285.316406	285.979167	A3	18	80	0	0	51090	P1-71-10	0	-
1217	285.664062	285.809896	F3	24	80	0	0	51150	P1-71-23	0	-
1218	285.779948	285.959635	F2	33	80	0	0	51180	P1-71-24	0	-
1219	285.934896	286.609375	F3	28	80	0	0	51210	P1-72-13	0	-
1220	286.519531	287.569010	F4	39	80	0	0	51330	P1-72-14	0	-
1221	287.147135	287.949219	E4	32	80	0	0	51450	P1-72-15	0	-
1222	287.783854	289.029948	F4	45	80	0	0	51570	P1-72-19	0	-
1223	287.787760	288.524740	Eb4	41	80	0	0	51570	P1-72-16	0	-
1224	288.397135	289.042969	D4	29	80	0	0	51690	P1-72-17	0	-
1225	288.714844	288.778646	G4	42	80	0	0	51750	P1-72-7	0	-
1226	288.863281	288.898438	A4	48	80	0	0	51780	P1-72-8	0	-
1227	289.007812	289.109375	Bb4	54	80	0	0	51810	P1-72-9	0	-
1228	289.066406	289.204427	Eb4	34	80	0	0	51810	P1-72-20	0	-
1229	289.070312	289.429688	C4	29	80	0	0	51810	P1-72-18	0	-
1230	289.144531	289.205729	C5	58	80	0	0	51840	P1-72-10	0	-
1231	289.296875	289.408854	D5	49	80	0	0	51870	P1-72-11	0	-
1232	289.446615	289.809896	Eb5	42	80	0	0	51900	P1-72-12	0	-
1233	289.691406	292.468750	F5	60	80	0	0	51930	P1-73-1	0	-
1234	289.756510	290.089844	Bb2	36	80	0	0	51930	P1-73-9	0	-
1235	290.333333	291.239583	Bb3	33	80	0	0	52050	P1-73-10	0	-
1236	290.936198	292.269531	Bb4	44	80	0	0	52170	P1-73-7	0	-
1237	290.979167	292.139323	F4	29	80	0	0	52170	P1-73-12	0	-
1238	290.984375	291.899740	D4	22	80	0	0	52170	P1-73-11	0	-
1239	291.653646	292.679688	Bb3	20	80	0	0	52290	P1-73-13	0	-
1240	292.082031	292.472656	D5	53	80	0	0	52380	P1-73-3	0	-
1241	292.364583	293.750000	Bb5	65	80	0	0	52410	P1-73-4	0	-
1242	292.417969	293.269531	G4	31	80	0	0	52410	P1-73-15	0	-
1243	292.444010	293.489583	Eb4	25	80	0	0	52410	P1-73-14	0	-
1244	293.042969	294.039062	Bb3	28	80	0	0	52530	P1-73-16	0	-
1245	293.442708	293.710938	G5	55	80	0	0	52620	P1-73-5	0	-
1246	293.670573	296.139323	F5	52	80	0	0	52650	P1-74-1	0	-
1247	293.734375	294.399740	F4	25	80	0	0	52650	P1-74-11	0	-
1248	293.734375	294.408854	D4	23	80	0	0	52650	P1-74-10	0	-
1249	294.325521	295.169271	Bb3	27	80	0	0	52770	P1-74-12	0	-
1250	294.886719	297.069010	Bb4	35	80	0	0	52890	P1-74-7	0	-
1251	294.898438	295.699219	F4	26	80	0	0	52890	P1-74-14	0	-
1252	294.924479	295.589844	D4	15	80	0	0	52890	P1-74-13	0	-
1253	295.535156	295.949219	Bb3	25	80	0	0	53010	P1-74-15	0	-
1254	295.889323	296.259115	D5	55	80	0	0	53100	P1-74-3	0	-
1255	296.173177	297.679688	Eb5	50	80	0	0	53130	P1-74-4	0	-
1256	296.231771	296.408854	Bb3	25	80	0	0	53130	P1-74-8	0	-
1257	296.238281	297.218750	G3	25	80	0	0	53130	P1-74-16	0	-
1258	296.882812	297.399740	Eb3	27	80	0	0	53250	P1-74-17	0	-
1259	296.912760	297.500000	G4	28	80	0	0	53250	P1-74-9	0	-
1260	297.391927	297.764323	C5	48	80	0	0	53340	P1-74-5	0	-
1261	297.665365	300.209635	Bb4	45	80	0	0	53370	P1-75-1	0	-
1262	297.703125	298.389323	F2	26	80	0	0	53370	P1-75-10	0	-
1263	298.321615	298.699219	D4	27	80	0	0	53490	P1-75-7	0	-
1264	298.321615	299.239583	F3	26	80	0	0	53490	P1-75-11	0	-
1265	298.964844	301.209635	F4	37	80	0	0	53610	P1-75-8	0	-
1266	298.992188	299.750000	D4	21	80	0	0	53610	P1-75-13	0	-
1267	299.015625	299.739583	Bb3	19	80	0	0	53610	P1-75-12	0	-
1268	299.546875	300.158854	F3	27	80	0	0	53730	P1-75-14	0	-
1269	300.126302	300.494792	D5	51	80	0	0	53850	P1-75-2	0	-
1270	300.170573	301.059896	A3	26	80	0	0	53850	P1-75-15	0	-
1271	300.171875	300.769531	F3	27	80	0	0	53850	P1-75-9	0	-
1272	300.175781	301.029948	C4	27	80	0	0	53850	P1-75-16	0	-
1273	300.467448	300.794271	C5	58	80	0	0	53910	P1-75-3	0	-
1274	300.766927	301.061198	Bb4	57	80	0	0	53970	P1-75-4	0	-
1275	300.774740	301.619792	F3	32	80	0	0	53970	P1-75-17	0	-
1276	301.050781	301.309896	C5	57	80	0	0	54030	P1-75-5	0	-
1277	301.472656	302.639323	C5	52	80	0	0	54090	P1-76-1	0	-
1278	301.484375	302.889323	A3	34	80	0	0	54090	P1-76-15	0	-
1279	301.502604	304.119792	Bb2	35	80	0	0	54090	P1-76-21	0	-
1280	301.503906	303.549479	F4	32	80	0	0	54090	P1-76-13	0	-
1281	302.164062	304.089844	F3	29	80	0	0	54210	P1-76-16	0	-
1282	302.562500	302.903646	C#5	49	80	0	0	54300	P1-76-2	0	-
1283	302.809896	303.769531	D5	43	80	0	0	54330	P1-76-3	0	-
1284	302.828125	304.149740	Bb3	27	80	0	0	54330	P1-76-17	0	-
1285	303.385417	304.098958	D3	39	80	0	0	54450	P1-76-18	0	-
1286	304.058594	304.769531	Eb3	36	80	0	0	54570	P1-76-19	0	-
1287	304.165365	304.214844	F4	47	80	0	0	54600	P1-76-6	0	-
1288	304.313802	304.361979	G4	47	80	0	0	54630	P1-76-7	0	-
1289	304.453125	304.492188	A4	50	80	0	0	54660	P1-76-8	0	-
1290	304.596354	304.649740	Bb4	50	80	0	0	54690	P1-76-9	0	-
1291	304.638021	305.313802	C3	31	80	0	0	54690	P1-76-20	0	-
1292	304.740885	304.794271	C5	56	80	0	0	54720	P1-76-10	0	-
1293	304.875000	304.921875	D5	50	80	0	0	54750	P1-76-11	0	-
1294	305.014323	305.302083	Eb5	52	80	0	0	54780	P1-76-12	0	-
1295	305.239583	308.059896	F5	55	80	0	0	54810	P1-77-1	0	-
1296	305.274740	305.878906	Bb2	32	80	0	0	54810	P1-77-9	0	-
1297	305.873698	306.759115	Bb3	32	80	0	0	54930	P1-77-10	0	-
1298	306.188802	306.688802	A4	35	80	0	0	54990	P1-77-7	0	-
1299	306.523438	310.029948	Bb4	45	80	0	0	55050	P1-77-8	0	-
1300	306.561198	307.500000	F4	27	80	0	0	55050	P1-77-12	0	-
1301	306.562500	307.229167	D4	29	80	0	0	55050	P1-77-11	0	-
1302	307.145833	307.929688	Bb3	32	80	0	0	55170	P1-77-13	0	-
1303	307.618490	308.049479	D5	49	80	0	0	55260	P1-77-3	0	-
1304	307.834635	309.319010	Bb5	61	80	0	0	55290	P1-77-4	0	-
1305	307.895833	308.709635	G4	27	80	0	0	55290	P1-77-15	0	-
1306	307.907552	309.049479	Eb4	26	80	0	0	55290	P1-77-14	0	-
1307	308.595052	309.559896	Bb3	22	80	0	0	55410	P1-77-16	0	-
1308	308.964844	309.250000	G5	45	80	0	0	55500	P1-77-5	0	-
1309	309.213542	311.889323	F5	49	80	0	0	55530	P1-78-1	0	-
1310	309.266927	310.149740	F4	25	80	0	0	55530	P1-78-12	0	-
1311	309.273438	309.938802	D4	25	80	0	0	55530	P1-78-11	0	-
1312	309.864583	310.539062	Bb3	27	80	0	0	55650	P1-78-13	0	-
1313	310.144531	310.628906	A4	39	80	0	0	55710	P1-78-7	0	-
1314	310.514323	311.789062	Bb4	42	80	0	0	55770	P1-78-8	0	-
1315	310.537760	311.158854	F4	25	80	0	0	55770	P1-78-15	0	-
1316	310.545573	311.049479	D4	23	80	0	0	55770	P1-78-14	0	-
1317	310.553385	310.819010	Bb3	25	80	0	0	55890	P1-78-16	0	-
1318	311.217448	312.309896	Bb3	19	80	0	0	55890	P1-78-16	0	-
1319	311.669271	312.289062	D5	49	80	0	0	55980	P1-78-3	0	-
1320	312.123698	312.779948	F5	57	80	0	0	56010	P1-78-4	0	-
1321	312.165365	312.959635	Bb4	32	80	0	0	56010	P1-78-9	0	-
1322	312.191406	312.519531	G4	23	80	0	0	56010	P1-78-17	0	-
1323	312.210938	313.000000	G3	19	80	0	0	56010	P1-78-17	0	-
1324	312.552083	313.419271	Eb5	51	80	0	0	56010	P1-78-4	0	-
1325	312.882812	313.598958	G4	39	80	0	0	56130	P1-78-10	0	-
1326	312.921875	313.628906	Eb3	31	80	0	0	56130	P1-78-18	0	-
1327	313.177083	313.683594	C5	55	80	0	0	56220	P1-78-5	0	-
1328	313.626302	315.869792	Bb4	51	80	0	0	56250	P1-79-1	0	-
1329	313.635417	314.348958	F3	29	80	0	0	56250	P1-79-14	0	-
1330	313.644531	314.049479	D4	28	80	0	0	56250	P1-79-3	0	-
1331	314.330729	314.989583	D4	27	80	0	0	56370	P1-79-5	0	-
1332	314.342448	314.989583	Bb3	23	80	0	0	56370	P1-79-4	0	-
1333	314.361979	316.109375	F3	19	80	0	0	56370	P1-79-4	0	-
1334	314.941406	315.679688	F4	40	80	0	0	56490	P1-79-7	0	-
1335	314.994792	315.259115	D4	20	80	0	0	56610	P1-79-9	0	-
1336	314.997396	315.250000	Bb3	21	80	0	0	56610	P1-79-8	0	-
1337	315.557292	315.878906	D4	33	80	0	0	56610	P1-79-9	0	-
1338	315.563802	315.899740	Bb3	31	80	0	0	56610	P1-79-8	0	-
1339	316.272135	319.709635	F4	63	80	0	0	56730	P1-79-2	0	-
1340	316.308594	317.509115	C4	45	80	0	0	56730	P1-79-11	0	-
1341	316.312500	317.000000	A3	44	80	0	0	56730	P1-79-10	0	-
1342	316.335938	317.829427	F2	31	80	0	0	56730	P1-79-16	0	-
1343	317.173177	317.869792	A3	37	80	0	0	56850	P1-79-13	0	-
1344	317.177083	318.239583	F3	34	80	0	0	56850	P1-79-12	0	-
1345	318.209635	319.679688	D4	27	80	0	0	56970	P1-80-3	0	-
1346	318.223958	319.699219	Bb3	23	80	0	0	56970	P1-80-2	0	-
1347	318.251302	319.319010	F3	21	80	0	0	56970	P1-80-1	0	-
1348	318.264323	318.829427	Bb2	23	80	0	0	56970	P1-80-2	0	-
1349	318.265625	318.799479	Bb1	22	80	0	0	56970	P1-80-8	0	-
1350	319.339844	319.449219	Bb2	21	80	0	0	57150	P1-80-10	0	-
1351	319.414062	319.609375	Bb1	25	80	0	0	57170	P1-80-11	0	-
1352	319.505208	319.661458	Bb2	29	80	0	0	57190	P1-80-12	0	-
1353	319.619792	319.989583	Bb1	24	80	0	0	57210	P1-80-13	0	-
1354	320.567708	320.739583	Bb2	21	80	0	0	57390	P1-80-15	0	-
1355	320.636719	322.799479	Bb1	26	80	0	0	57410	P1-80-16	0	-
1356	320.753906	322.848958	Bb2	30	80	0	0	57430	P1-80-17	0	-
1357	321.584635	322.049479	Bb3	37	80	0	0	57570	P1-80-7	0	-
1358	322.261719	323.658854	Bb3	38	80	0	0	57690	P1-81-1	0	-
1359	323.446615	323.579427	Bb2	18	80	0	0	57870	P1-81-6	0	-
1360	323.528646	324.649740	Bb1	28	80	0	0	57890	P1-81-7	0	-
1361	323.652344	324.039062	Bb2	27	80	0	0	57910	P1-81-8	0	-
1362	323.744792	325.718750	Cb4	46	80	0	0	57930	P1-81-2	0	-
1363	323.772135	326.119792	Ab3	38	80	0	0	57930	P1-81-18	0	-
1364	323.776042	325.908854	D3	27	80	0	0	57930	P1-81-16	0	-
1365	324.809896	324.989583	Bb2	29	80	0	0	58110	P1-81-11	0	-
1366	324.897135	325.109375	Bb1	25	80	0	0	58130	P1-81-12	0	-
1367	324.996094	326.729167	Bb2	20	80	0	0	58150	P1-81-13	0	-
1368	325.121094	327.309896	Bb1	26	80	0	0	58170	P1-81-14	0	-
1369	325.733073	326.459635	Cb4	48	80	0	0	58290	P1-81-3	0	-
1370	326.467448	329.069010	Cb4	43	80	0	0	58410	P1-82-1	0	-
1371	327.545573	327.709635	Bb2	27	80	0	0	58590	P1-82-9	0	-
1372	327.623698	327.829427	Bb1	32	80	0	0	58610	P1-82-10	0	-
1373	327.718750	328.319010	Bb2	31	80	0	0	58630	P1-82-11	0	-
1374	327.811198	329.359375	D4	55	80	0	0	58650	P1-82-5	0	-
1375	327.833333	329.329427	Ab3	40	80	0	0	58650	P1-82-3	0	-
1376	327.842448	328.419271	Bb1	35	80	0	0	58650	P1-82-12	0	-
1377	328.828125	328.919271	Bb2	32	80	0	0	58830	P1-82-14	0	-
1378	328.914062	329.079427	Bb1	29	80	0	0	58850	P1-82-15	0	-
1379	329.035156	329.329427	Bb2	31	80	0	0	58870	P1-82-16	0	-
1380	329.085938	329.869792	Bb1	34	80	0	0	58890	P1-82-17	0	-
1381	329.621094	330.049479	D4	55	80	0	0	59010	P1-82-6	0	-
1382	330.305990	331.848958	D4	47	80	0	0	59130	P1-83-1	0	-
1383	330.309896	330.639323	Bb1	32	80	0	0	59330	P1-83-13	0	-
1384	331.264323	331.399740	Bb2	29	80	0	0	59310	P1-83-12	0	-
1385	331.354167	332.259115	Bb1	33	80	0	0	59330	P1-83-13	0	-
1386	331.449219	331.989583	Bb2	21	80	0	0	59350	P1-83-14	0	-
1387	331.541667	332.438802	F4	57	80	0	0	59370	P1-83-5	0	-
1388	331.562500	332.169271	Cb4	48	80	0	0	59370	P1-83-3	0	-
1389	331.565104	332.158854	Ab3	44	80	0	0	59370	P1-83-2	0	-
1390	332.420573	332.628906	Bb2	30	80	0	0	59550	P1-83-17	0	-
1391	332.536458	333.619792	Bb1	26	80	0	0	59570	P1-83-18	0	-
1392	332.643229	333.179688	Bb2	37	80	0	0	59590	P1-83-19	0	-
1393	332.645833	332.658854	Bb3	42	80	0	0	59610	P1-83-6	0	-
1394	332.662760	334.218750	Ab4	63	80	0	0	59610	P1-83-9	0	-
1395	332.669271	333.759115	F4	47	80	0	0	59610	P1-83-8	0	-
1396	332.692708	333.408854	D4	38	80	0	0	59610	P1-83-7	0	-
1397	332.716146	333.559896	Cb4	29	80	0	0	59610	P1-83-6	0	-
1398	333.674479	334.789062	Bb2	32	80	0	0	59790	P1-83-22	0	-
1399	333.794271	334.628906	Bb1	31	80	0	0	59810	P1-83-23	0	-
1400	334.156250	337.079427	Cb5	73	80	0	0	59850	P1-84-1	0	-
1401	335.234375	335.479167	Ab3	29	80	0	0	60030	P1-84-12	0	-
1402	335.334635	335.559896	Bb2	34	80	0	0	60050	P1-84-13	0	-
1403	335.492188	335.949219	Ab3	19	80	0	0	60070	P1-84-14	0	-
1404	335.570312	336.309896	F4	36	80	0	0	60090	P1-84-6	0	-
1405	335.572917	336.029948	Bb2	31	80	0	0	60090	P1-84-15	0	-
1406	335.578125	335.929688	D4	31	80	0	0	60090	P1-84-5	0	-
1407	336.592448	337.769531	Ab3	22	80	0	0	60270	P1-84-17	0	-
1408	336.714844	336.979167	Bb2	26	80	0	0	60290	P1-84-18	0	-
1409	336.985677	338.299479	Bb2	21	80	0	0	60330	P1-84-20	0	-
1410	337.035156	338.628906	Bb4	45	80	0	0	60330	P1-84-2	0	-
1411	337.083333	338.119792	F4	24	80	0	0	60330	P1-84-9	0	-
1412	337.092448	338.509115	D4	25	80	0	0	60330	P1-84-8	0	-
1413	337.734375	338.839844	Ab4	40	80	0	0	60450	P1-84-3	0	-
1414	338.615885	340.158854	F#4	42	80	0	0	60570	P1-85-1	0	-
1415	339.720052	339.949219	Bb2	27	80	0	0	60750	P1-85-9	0	-
1416	339.816406	340.369792	Bb1	27	80	0	0	60770	P1-85-10	0	-
1417	339.959635	340.468750	Bb2	25	80	0	0	60790	P1-85-11	0	-
1418	340.061198	342.500000	G4	38	80	0	0	60810	P1-85-2	0	-
1419	340.100260	342.878906	Eb4	28	80	0	0	60810	P1-85-6	0	-
1420	340.118490	342.339844	Bb3	25	80	0	0	60810	P1-85-5	0	-
1421	340.949219	341.089844	Bb2	26	80	0	0	60990	P1-85-14	0	-
1422	341.054688	341.169271	Bb1	29	80	0	0	61010	P1-85-15	0	-
1423	341.192708	341.628906	Bb2	29	80	0	0	61030	P1-85-16	0	-
1424	341.315104	341.459635	Bb1	28	80	0	0	61050	P1-85-17	0	-
1425	341.942708	343.218750	Bb4	50	80	0	0	61170	P1-85-3	0	-
1426	342.854167	345.479167	Eb5	60	80	0	0	61290	P1-86-1	0	-
1427	343.786458	344.109375	Bb3	23	80	0	0	61470	P1-86-11	0	-
1428	343.877604	344.098958	Bb2	35	80	0	0	61490	P1-86-12	0	-
1429	344.110677	344.919271	Bb2	21	80	0	0	61490	P1-86-12	0	-
1430	344.122396	345.408854	Bb3	24	80	0	0	61510	P1-86-13	0	-
1431	344.164062	344.979167	A4	34	80	0	0	61530	P1-86-5	0	-
1432	344.167969	344.938802	Gb4	29	80	0	0	61530	P1-86-8	0	-
1433	344.194010	345.039062	Eb4	25	80	0	0	61530	P1-86-7	0	-
1434	345.213542	345.438802	Bb2	24	80	0	0	61730	P1-86-17	0	-
1435	345.440104	346.579427	C5	49	80	0	0	61770	P1-86-2	0	-
1436	345.453125	347.029948	Bb2	24	80	0	0	61770	P1-86-19	0	-
1437	345.473958	347.128906	Eb4	27	80	0	0	61770	P1-86-2	0	-
1438	345.473958	347.069010	F#4	30	80	0	0	61770	P1-86-2	0	-
1439	346.089844	347.066406	A4	48	80	0	0	61890	P1-86-3	0	-
1440	346.854167	348.309896	C5	38	80	0	0	62010	P1-87-1	0	-
1441	347.846354	347.979167	Bb2	22	80	0	0	62190	P1-87-12	0	-
1442	347.906250	348.188802	Bb1	32	80	0	0	62210	P1-87-13	0	-
1443	348.027344	348.494792	Bb2	34	80	0	0	62230	P1-87-14	0	-
1444	348.157552	349.769531	Bb4	59	80	0	0	62250	P1-87-2	0	-
1445	348.180990	349.049479	F4	40	80	0	0	62250	P1-87-7	0	-
1446	348.192708	348.199219	D4	34	80	0	0	62250	P1-87-6	0	-
1447	348.195312	348.484375	Bb1	30	80	0	0	62250	P1-87-15	0	-
1448	348.200521	348.869792	Bb3	32	80	0	0	62250	P1-87-2	0	-
1449	349.184896	349.299479	Bb2	32	80	0	0	62430	P1-87-17	0	-
1450	349.307292	349.509115	Bb1	30	80	0	0	62450	P1-87-18	0	-
1451	349.415365	350.628906	Bb2	37	80	0	0	62470	P1-87-19	0	-
1452	349.515625	350.718750	Bb1	36	80	0	0	62490	P1-87-20	0	-
1453	349.554688	350.509115	Ab4	38	80	0	0	62490	P1-87-9	0	-
1454	349.559896	350.319010	F4	38	80	0	0	62490	P1-87-8	0	-
1455	350.184896	350.709635	D5	59	80	0	0	62610	P1-87-4	0	-
1456	350.985677	352.049479	F5	59	80	0	0	62730	P1-88-1	0	-
1457	351.854167	353.729167	Eb5	67	80	0	0	62850	P1-88-2	0	-
1458	352.321615	352.425781	Bb3	23	80	0	0	62910	P1-88-18	0	-
1459	352.403646	352.455729	Bb2	37	80	0	0	62950	P1-88-20	0	-
1460	352.610677	353.399740	Bb4	51	80	0	0	62970	P1-88-7	0	-
1461	352.610677	353.589844	Bb2	35	80	0	0	62970	P1-88-21	0	-
1462	352.614583	353.250000	Bb3	41	80	0	0	62970	P1-88-7	0	-
1463	352.632812	353.218750	G4	39	80	0	0	62970	P1-88-6	0	-
1464	353.316406	354.500000	A4	63	80	0	0	63090	P1-88-9	0	-
1465	353.356771	354.378906	Gb4	42	80	0	0	63090	P1-88-8	0	-
1466	353.674479	353.747396	Bb3	34	80	0	0	63150	P1-88-23	0	-
1467	353.795573	353.968750	Bb2	35	80	0	0	63170	P1-88-24	0	-
1468	353.915365	354.500000	Bb3	31	80	0	0	63190	P1-88-25	0	-
1469	354.035156	355.529948	Bb2	33	80	0	0	63190	P1-88-25	0	-
1470	354.194010	355.459635	C5	64	80	0	0	63210	P1-88-3	0	-
1471	354.205729	354.579427	Eb4	42	80	0	0	63210	P1-88-10	0	-
1472	355.075521	356.209635	A4	48	80	0	0	63330	P1-88-4	0	-
1473	355.101562	356.199219	Gb4	37	80	0	0	63330	P1-88-15	0	-
1474	355.106771	355.899740	Eb4	36	80	0	0	63330	P1-88-14	0	-
1475	355.111979	355.500000	C4	30	80	0	0	63330	P1-88-13	0	-
1476	355.404948	355.688802	Bb3	26	80	0	0	63390	P1-88-28	0	-
1477	355.541667	355.819010	Bb2	38	80	0	0	63410	P1-88-29	0	-
1478	355.697917	356.009115	Bb3	37	80	0	0	63430	P1-88-30	0	-
1479	356.088542	359.468750	Bb4	48	80	0	0	63450	P1-89-3	0	-
1480	356.135417	357.500000	F4	37	80	0	0	63450	P1-89-2	0	-
1481	356.139323	359.049479	Bb3	37	80	0	0	63450	P1-89-3	0	-
1482	356.143229	360.240885	Bb2	37	80	0	0	63450	P1-89-22	0	-
1483	356.152344	357.459635	D3	34	80	0	0	63450	P1-89-15	0	-
1484	357.464844	357.799479	Eb3	37	80	0	0	63660	P1-89-17	0	-
1485	357.464844	357.699219	C3	37	80	0	0	63660	P1-89-16	0	-
1486	357.652344	359.329427	D3	33	80	0	0	63690	P1-89-18	0	-
1487	357.654948	359.408854	F3	32	80	0	0	63690	P1-89-19	0	-
1488	359.324219	360.468750	C3	29	80	0	0	63930	P1-89-20	0	-
1489	359.325521	360.378906	Eb3	26	80	0	0	63930	P1-89-21	0	-
1490	359.463542	359.579427	F4	42	80	0	0	63960	P1-89-7	0	-
1491	359.621094	359.662760	E4	34	80	0	0	63990	P1-89-8	0	-
1492	359.743490	359.787760	F4	51	80	0	0	64020	P1-89-9	0	-
1493	359.898438	360.000000	G4	41	80	0	0	64050	P1-89-10	0	-
1494	360.037760	360.097656	A4	45	80	0	0	64080	P1-89-11	0	-
1495	360.188802	360.274740	Bb4	43	80	0	0	64110	P1-89-12	0	-
1496	360.316406	360.649740	C5	45	80	0	0	64140	P1-89-13	0	-
1497	360.558594	361.759115	D5	47	80	0	0	64170	P1-90-2	0	-
1498	360.582031	361.899740	Bb4	36	80	0	0	64170	P1-90-1	0	-
1499	360.596354	360.809896	Bb3	29	80	0	0	64170	P1-90-1	0	-
1500	360.597656	363.359375	F4	30	80	0	0	64170	P1-90-9	0	-
1501	360.602865	361.799479	D3	28	80	0	0	64170	P1-90-12	0	-
1502	360.604167	361.809896	Bb2	28	80	0	0	64170	P1-90-11	0	-
1503	361.738281	362.169271	Eb5	47	80	0	0	64380	P1-90-4	0	-
1504	361.746094	362.069010	C5	43	80	0	0	64380	P1-90-3	0	-
1505	361.963542	363.718750	F5	50	80	0	0	64410	P1-90-6	0	-
1506	361.983073	363.169271	D5	38	80	0	0	64410	P1-90-5	0	-
1507	363.294271	364.709635	Eb5	46	80	0	0	64650	P1-90-8	0	-
1508	363.305990	364.688802	C5	42	80	0	0	64650	P1-90-7	0	-
1509	363.369792	364.649740	F4	15	80	0	0	64650	P1-90-10	0	-
1510	363.438802	363.535156	F3	36	80	0	0	64680	P1-90-16	0	-
1511	363.635417	363.703125	E3	37	80	0	0	64710	P1-90-17	0	-
1512	363.776042	363.878906	F3	31	80	0	0	64740	P1-90-18	0	-
1513	363.955729	364.023438	G3	34	80	0	0	64770	P1-90-19	0	-
1514	364.106771	364.154948	A3	39	80	0	0	64800	P1-90-20	0	-
1515	364.268229	364.429688	Bb3	36	80	0	0	64830	P1-90-21	0	-
1516	364.445312	364.665365	C4	37	80	0	0	64860	P1-90-22	0	-
1517	364.677083	367.158854	D5	43	80	0	0	64890	P1-91-3	0	-
1518	364.704427	366.339844	Bb4	37	80	0	0	64890	P1-91-2	0	-
1519	364.714844	365.759115	D4	31	80	0	0	64890	P1-91-8	0	-
1520	364.718750	365.809896	F4	28	80	0	0	64890	P1-91-1	0	-
1521	364.744792	365.989583	Bb3	26	80	0	0	64890	P1-91-7	0	-
1522	366.082031	366.343750	Eb4	35	80	0	0	65100	P1-91-10	0	-
1523	366.083333	366.309896	C4	30	80	0	0	65100	P1-91-9	0	-
1524	366.269531	367.250000	D4	27	80	0	0	65130	P1-91-11	0	-
1525	366.304688	370.209635	F4	28	80	0	0	65130	P1-91-12	0	-
1526	368.225260	371.019531	Bb1	27	80	0	0	65370	P1-91-13	0	-
1527	368.227865	368.339844	Bb2	26	80	0	0	65370	P1-91-13	0	-
1528	370.675781	375.000000	A1	27	80	0	0	65610	P1-92-2	0	-
1529	377.402344	378.509115	C6	51	80	0	0	66330	P1-93-1	0	-
1530	378.554688	378.653646	D6	55	80	0	0	66420	P1-93-6	0	-
1531	378.632812	378.687500	C6	47	80	0	0	66430	P1-93-7	0	-
1532	378.708333	378.785156	B5	45	80	0	0	66440	P1-93-8	0	-
1533	378.799479	378.945312	C6	54	80	0	0	66450	P1-93-2	0	-
1534	378.964844	379.264323	D6	56	80	0	0	66540	P1-93-3	0	-
1535	379.231771	379.878906	Eb6	46	80	0	0	66570	P1-93-4	0	-
1536	381.005208	382.500000	Gb4	54	80	0	0	66810	P1-93-5	0	-
1537	381.033854	384.539062	Eb4	38	80	0	0	66810	P1-93-13	0	-
1538	381.058594	382.848958	C4	28	80	0	0	66810	P1-93-12	0	-
1539	381.061198	382.500000	Bb3	31	80	0	0	66810	P1-93-11	0	-
1540	382.954427	384.649740	F4	37	80	0	0	67050	P1-94-1	0	-
1541	383.011719	384.859375	A3	18	80	0	0	67050	P1-94-16	0	-
1542	385.526042	385.669271	G4	35	80	0	0	67530	P1-94-2	0	-
1543	385.628906	385.677083	F4	47	80	0	0	67547	P1-94-3	0	-
1544	385.707031	385.949219	E4	42	80	0	0	67564	P1-94-4	0	-
1545	385.804688	386.109375	F4	44	80	0	0	67581	P1-94-5	0	-
1546	385.865885	385.930990	G4	58	80	0	0	67598	P1-94-6	0	-
1547	385.945312	386.039062	A4	57	80	0	0	67615	P1-94-7	0	-
1548	386.011719	386.044271	Bb4	55	80	0	0	67632	P1-94-8	0	-
1549	386.071615	386.115885	C5	63	80	0	0	67649	P1-94-9	0	-
1550	386.134115	386.184896	D5	62	80	0	0	67666	P1-94-10	0	-
1551	386.201823	386.253906	Eb5	57	80	0	0	67683	P1-94-11	0	-
1552	386.279948	386.359375	F5	61	80	0	0	67700	P1-94-12	0	-
1553	386.328125	386.404948	G5	66	80	0	0	67717	P1-94-13	0	-
1554	386.407552	386.509115	A5	68	80	0	0	67734	P1-94-14	0	-
1555	386.462240	386.549479	Bb5	68	80	0	0	67751	P1-94-15	0	-
1556	386.548177	387.218750	C6	69	80	0	0	67770	P1-95-1	0	-
1557	387.324219	387.391927	D6	56	80	0	0	67860	P1-95-8	0	-
1558	387.385417	387.429688	C6	62	80	0	0	67870	P1-95-9	0	-
1559	387.445312	387.569010	B5	61	80	0	0	67880	P1-95-10	0	-
1560	387.526042	387.675781	C6	70	80	0	0	67890	P1-95-2	0	-
1561	387.682292	387.906250	D6	74	80	0	0	67980	P1-95-3	0	-
1562	387.872396	388.378906	Eb6	68	80	0	0	68010	P1-95-4	0	-
1563	389.269531	390.769531	Eb5	76	80	0	0	68250	P1-95-7	0	-
1564	389.294271	390.878906	C5	58	80	0	0	68250	P1-95-6	0	-
1565	389.319010	390.908854	A4	44	80	0	0	68250	P1-95-5	0	-
1566	389.324219	390.089844	C4	42	80	0	0	68250	P1-95-15	0	-
1567	389.324219	390.109375	Eb4	41	80	0	0	68250	P1-95-16	0	-
1568	389.343750	390.449219	F#3	29	80	0	0	68250	P1-95-14	0	-
1569	390.796875	391.688802	D5	46	80	0	0	68490	P1-96-2	0	-
1570	390.805990	391.472656	Bb4	39	80	0	0	68490	P1-96-1	0	-
1571	390.813802	391.598958	D4	32	80	0	0	68490	P1-96-13	0	-
1572	390.861979	391.628906	Bb3	29	80	0	0	68490	P1-96-12	0	-
1573	390.863281	391.729167	G3	24	80	0	0	68490	P1-96-11	0	-
1574	392.130208	394.179688	G5	82	80	0	0	68730	P1-96-4	0	-
1575	392.955729	393.149740	Db4	58	80	0	0	68850	P1-96-18	0	-
1576	392.957031	393.063802	Bb3	56	80	0	0	68850	P1-96-17	0	-
1577	392.958333	393.054688	E3	53	80	0	0	68850	P1-96-16	0	-
1578	393.783854	394.218750	Db5	63	80	0	0	68970	P1-96-9	0	-
1579	393.785156	394.169271	Bb4	58	80	0	0	68970	P1-96-8	0	-
1580	393.792969	394.042969	G4	50	80	0	0	68970	P1-96-7	0	-
1581	395.545573	399.009115	F5	65	80	0	0	69210	P1-97-1	0	-
1582	396.401042	396.665365	D4	28	80	0	0	69330	P1-97-15	0	-
1583	396.401042	396.688802	Bb3	32	80	0	0	69330	P1-97-14	0	-
1584	396.404948	396.709635	F3	28	80	0	0	69330	P1-97-13	0	-
1585	397.182292	397.473958	Bb4	40	80	0	0	69450	P1-97-5	0	-
1586	397.188802	397.463542	D5	39	80	0	0	69450	P1-97-6	0	-
1587	397.222656	397.444010	F4	34	80	0	0	69450	P1-97-4	0	-
1588	397.988281	398.919271	F2	28	80	0	0	69570	P1-97-18	0	-
1589	397.992188	398.329427	F1	32	80	0	0	69570	P1-97-17	0	-
1590	398.765625	399.839844	A4	37	80	0	0	69690	P1-97-10	0	-
1591	398.799479	399.869792	Eb4	28	80	0	0	69690	P1-97-9	0	-
1592	399.460938	400.149740	F2	31	80	0	0	69810	P1-97-20	0	-
1593	399.464844	399.899740	F3	28	80	0	0	69810	P1-97-21	0	-
1594	400.317708	400.929688	Bb4	40	80	0	0	69930	P1-98-3	0	-
1595	400.341146	400.750000	D4	29	80	0	0	69930	P1-98-2	0	-
1596	400.350260	404.359375	Bb2	35	80	0	0	69930	P1-98-15	0	-
1597	400.350260	400.809896	Bb3	33	80	0	0	69930	P1-98-1	0	-
1598	400.352865	404.589844	Bb1	36	80	0	0	69930	P1-98-14	0	-
1599	401.274740	401.699219	F5	47	80	0	0	70050	P1-98-5	0	-
1600	401.347656	401.649740	F4	24	80	0	0	70050	P1-98-4	0	-
1601	401.996094	402.509115	D5	46	80	0	0	70170	P1-98-7	0	-
1602	402.054688	402.679688	D4	27	80	0	0	70170	P1-98-6	0	-
1603	402.640625	403.438802	Cb5	51	80	0	0	70290	P1-98-9	0	-
1604	402.700521	403.299479	Cb4	37	80	0	0	70290	P1-98-8	0	-
1605	403.291667	403.789062	Bb4	61	80	0	0	70410	P1-98-11	0	-
1606	403.324219	403.649740	Bb3	35	80	0	0	70410	P1-98-10	0	-
1607	403.934896	404.759115	Ab4	56	80	0	0	70530	P1-98-13	0	-
1608	403.986979	404.299479	Ab3	36	80	0	0	70530	P1-98-12	0	-
1609	403.990885	404.269531	Bb3	35	80	0	0	70530	P1-98-12	0	-
1610	404.640625	405.569010	G4	54	80	0	0	70650	P1-99-2	0	-
1611	404.679688	407.500000	Bb1	38	80	0	0	70650	P1-99-15	0	-
1612	404.683594	405.468750	Bb2	34	80	0	0	70650	P1-99-16	0	-
1613	404.684896	405.829427	G3	30	80	0	0	70650	P1-99-1	0	-
1614	405.430990	406.188802	Bb4	53	80	0	0	70770	P1-99-4	0	-
1615	405.473958	406.229167	Bb3	32	80	0	0	70770	P1-99-3	0	-
1616	405.473958	408.468750	Bb2	25	80	0	0	70770	P1-99-3	0	-
1617	406.083333	407.019531	Eb4	48	80	0	0	70890	P1-99-6	0	-
1618	406.118490	406.829427	Eb3	30	80	0	0	70890	P1-99-5	0	-
1619	406.731771	407.569010	G4	45	80	0	0	71010	P1-99-8	0	-
1620	406.755208	407.299479	G3	29	80	0	0	71010	P1-99-7	0	-
1621	407.384115	408.628906	C3	32	80	0	0	71130	P1-99-9	0	-
1622	407.384115	408.269531	C4	34	80	0	0	71130	P1-99-10	0	-
1623	408.027344	408.688802	F4	44	80	0	0	71250	P1-99-12	0	-
1624	408.041667	408.489583	F3	34	80	0	0	71250	P1-99-11	0	-
1625	408.424479	408.963542	Eb4	45	80	0	0	71310	P1-99-14	0	-
1626	408.433594	408.979167	Eb3	38	80	0	0	71310	P1-99-13	0	-
1627	408.864583	412.500000	Bb2	34	80	0	0	71370	P1-100-19	0	-
1628	408.867188	412.079427	D3	32	80	0	0	71370	P1-100-5	0	-
1629	408.876302	409.109375	D4	32	80	0	0	71370	P1-100-1	0	-
1630	409.575521	410.399740	F4	51	80	0	0	71490	P1-100-6	0	-
1631	410.204427	412.158854	D4	43	80	0	0	71610	P1-100-7	0	-
1632	410.834635	411.589844	D5	61	80	0	0	71730	P1-100-3	0	-
1633	410.855469	412.319010	Cb4	43	80	0	0	71730	P1-100-8	0	-
1634	411.513021	412.639323	Bb3	40	80	0	0	71850	P1-100-9	0	-
1635	412.122396	412.196615	D5	48	80	0	0	71970	P1-100-4	0	-
1636	412.154948	412.848958	Ab3	40	80	0	0	71970	P1-100-10	0	-
1637	412.223958	412.279948	Eb5	42	80	0	0	72000	P1-100-13	0	-
1638	412.312500	412.429688	D5	52	80	0	0	72015	P1-100-14	0	-
1639	412.395833	412.486979	Eb5	46	80	0	0	72030	P1-100-15	0	-
1640	412.503906	412.649740	D5	43	80	0	0	72045	P1-100-16	0	-
1641	412.541667	412.643229	C5	45	80	0	0	72075	P1-100-4	0	-
1642	412.662760	413.029948	D5	52	80	0	0	72075	P1-100-4	0	-
1643	412.856771	413.799479	F5	55	80	0	0	72090	P1-101-1	0	-
1644	412.890625	416.848958	Bb2	37	80	0	0	72090	P1-101-15	0	-
1645	412.890625	414.329427	G3	35	80	0	0	72090	P1-101-16	0	-
1646	413.039062	413.089844	D5	33	80	0	0	72210	P1-101-2	0	-
1647	413.074219	413.079427	Bb4	27	80	0	0	72210	P1-101-17	0	-
1648	413.641927	414.589844	Eb5	43	80	0	0	72210	P1-101-2	0	-
1649	413.686198	416.319010	Bb3	27	80	0	0	72210	P1-101-17	0	-
1650	414.295573	415.389323	Eb3	34	80	0	0	72330	P1-101-18	0	-
1651	414.970052	416.049479	Eb5	40	80	0	0	72450	P1-101-4	0	-
1652	414.970052	416.000000	G3	33	80	0	0	72450	P1-101-19	0	-
1653	415.654948	416.669271	C3	23	80	0	0	72570	P1-101-20	0	-
1654	416.285156	416.372396	A4	40	80	0	0	72690	P1-101-5	0	-
1655	416.294271	417.158854	F3	28	80	0	0	72690	P1-101-21	0	-
1656	416.415365	416.479167	Bb4	40	80	0	0	72705	P1-101-5	0	-
1657	416.519531	416.582031	A4	41	80	0	0	72705	P1-101-8	0	-
1658	416.614583	416.729167	Bb4	43	80	0	0	72720	P1-101-9	0	-
1659	416.654948	417.169271	Eb3	32	80	0	0	72750	P1-101-22	0	-
1660	416.705729	416.756510	A4	44	80	0	0	72765	P1-101-12	0	-
1661	416.794271	416.872396	G4	39	80	0	0	72795	P1-101-5	0	-
1662	416.915365	417.259115	A4	42	80	0	0	72795	P1-101-5	0	-
1663	417.088542	418.209635	Bb4	38	80	0	0	72810	P1-102-1	0	-
1664	417.104167	417.718750	Bb3	33	80	0	0	72810	P1-102-1	0	-
1665	417.114583	418.359375	Bb2	32	80	0	0	72810	P1-102-22	0	-
1666	417.115885	417.959635	D3	29	80	0	0	72810	P1-102-13	0	-
1667	417.759115	418.699219	F3	25	80	0	0	72930	P1-102-14	0	-
1668	418.114583	418.683594	A4	49	80	0	0	72990	P1-102-3	0	-
1669	418.126302	418.628906	Eb3	32	80	0	0	72990	P1-102-15	0	-
1670	418.535156	419.628906	Bb4	52	80	0	0	73050	P1-102-4	0	-
1671	418.562500	419.750000	D3	36	80	0	0	73050	P1-102-16	0	-
1672	418.574219	418.959635	F4	36	80	0	0	73050	P1-102-4	0	-
1673	418.583333	419.279948	Bb3	35	80	0	0	73050	P1-102-4	0	-
1674	418.583333	419.839844	Bb2	34	80	0	0	73050	P1-102-23	0	-
1675	419.234375	420.119792	F3	35	80	0	0	73170	P1-102-17	0	-
1676	419.562500	420.136719	C5	60	80	0	0	73230	P1-102-7	0	-
1677	419.572917	420.029948	A4	48	80	0	0	73230	P1-102-6	0	-
1678	419.605469	420.089844	Eb3	33	80	0	0	73230	P1-102-18	0	-
1679	420.016927	420.979167	D5	53	80	0	0	73290	P1-102-9	0	-
1680	420.033854	420.938802	Bb4	45	80	0	0	73290	P1-102-8	0	-
1681	420.035156	420.816406	D3	35	80	0	0	73290	P1-102-19	0	-
1682	420.045573	420.139323	Bb3	34	80	0	0	73290	P1-102-8	0	-
1683	420.048177	421.679688	Bb2	36	80	0	0	73290	P1-102-24	0	-
1684	420.773438	421.509115	F3	36	80	0	0	73410	P1-102-20	0	-
1685	421.265625	422.149740	A5	62	80	0	0	73470	P1-102-12	0	-
1686	421.320312	421.619792	C5	35	80	0	0	73470	P1-102-11	0	-
1687	421.325521	422.119792	Eb3	28	80	0	0	73470	P1-102-21	0	-
1688	421.937500	423.579427	Bb5	57	80	0	0	73530	P1-103-2	0	-
1689	421.975260	423.429688	Bb2	27	80	0	0	73530	P1-103-8	0	-
1690	421.979167	423.309896	D3	25	80	0	0	73530	P1-103-9	0	-
1691	421.984375	422.789062	D5	31	80	0	0	73530	P1-103-1	0	-
1692	423.184896	424.769531	D6	52	80	0	0	73650	P1-103-3	0	-
1693	424.221354	424.549479	C6	51	80	0	0	73740	P1-103-4	0	-
1694	424.561198	427.500000	C6	43	80	0	0	73770	P1-103-5	0	-
1695	427.796875	429.709635	Bb5	35	80	0	0	74010	P1-103-6	0	-
1696	429.424479	431.149740	Bb1	20	80	0	0	74130	P1-103-13	0	-
1697	429.425781	429.779948	Bb2	21	80	0	0	74130	P1-103-13	0	-
