//Version: PianoRoll_v170101
0	0.287760	4.329427	Bb1	31	80	0
1	0.463542	4.239583	F2	32	80	0
2	0.651042	4.149740	Bb2	37	80	0
3	0.746094	3.878906	D3	36	80	0
4	0.923177	4.169271	F3	30	80	0
5	1.134115	4.098958	Bb3	37	80	0
6	5.453125	7.049479	D5	49	80	0
7	6.865885	7.269531	Eb5	39	80	0
8	7.102865	7.718750	F5	41	80	0
9	8.733073	10.869792	Bb3	39	80	0
10	8.756510	9.718750	D3	28	80	0
11	8.766927	10.309896	F2	26	80	0
12	8.773438	9.479167	Bb2	29	80	0
13	8.774740	9.769531	Bb1	27	80	0
14	10.433594	12.739583	A3	40	80	0
15	10.441406	12.709635	F3	32	80	0
16	10.441406	12.919271	Eb3	32	80	0
17	10.445312	13.679688	F2	29	80	0
18	10.446615	13.049479	C3	29	80	0
19	10.455729	13.908854	C2	28	80	0
20	14.634115	16.119792	A5	55	80	0
21	16.044271	16.300781	Bb5	51	80	0
22	16.287760	16.989583	C6	47	80	0
23	17.980469	18.559896	Eb4	50	80	0
24	17.984375	20.209635	C4	40	80	0
25	17.994792	19.509115	F3	27	80	0
26	18.003906	19.908854	A2	27	80	0
27	18.565104	20.309896	Eb4	20	80	0
28	19.924479	22.119792	D4	19	80	0
29	19.934896	22.500000	Bb3	24	80	0
30	19.963542	22.500000	F3	18	80	0
31	19.963542	22.500000	Bb2	22	80	0
32	22.595052	22.779948	D4	29	80	0
33	22.742188	22.878906	F4	41	80	0
34	22.835938	22.877604	Eb4	43	80	0
35	22.914062	23.039062	D4	40	80	0
36	22.998698	23.119792	Eb4	55	80	0
37	23.076823	23.179688	F4	60	80	0
38	23.139323	23.222656	G4	64	80	0
39	23.225260	23.339844	A4	63	80	0
40	23.286458	23.341146	Bb4	65	80	0
41	23.360677	23.479167	C5	60	80	0
42	23.468750	24.799479	D5	61	80	0
43	24.584635	24.976562	Eb5	60	80	0
44	24.803385	25.979167	F5	65	80	0
45	26.113281	27.628906	F5	78	80	0
46	26.143229	27.500000	G#4	52	80	0
47	26.164062	27.399740	B3	37	80	0
48	26.167969	26.729167	D3	32	80	0
49	28.033854	30.509115	F5	58	80	0
50	28.075521	30.449219	G4	34	80	0
51	28.091146	30.419271	Eb3	25	80	0
52	28.095052	29.639323	B3	23	80	0
53	29.636719	30.449219	Eb5	42	80	0
54	29.645833	30.489583	C4	31	80	0
55	30.365885	31.218750	D5	56	80	0
56	30.402344	30.919271	D4	34	80	0
57	30.403646	30.789062	Bb4	38	80	0
58	30.410156	31.079427	F3	27	80	0
59	31.069010	31.529948	C5	58	80	0
60	31.088542	31.569010	Bb4	47	80	0
61	31.122396	31.579427	Eb4	32	80	0
62	31.130208	31.619792	G3	28	80	0
63	31.778646	32.259115	C5	59	80	0
64	31.813802	32.429688	Bb4	42	80	0
65	31.821615	32.279948	E4	37	80	0
66	31.856771	33.188802	G3	26	80	0
67	32.578125	32.674479	C5	53	80	0
68	32.606771	34.549479	E4	37	80	0
69	32.622396	34.009115	F3	32	80	0
70	32.623698	34.399740	Bb3	32	80	0
71	32.694010	32.756510	D5	51	80	0
72	32.785156	32.834635	C5	54	80	0
73	32.854167	32.949219	D5	56	80	0
74	32.921875	33.009115	C5	45	80	0
75	32.955729	33.039062	D5	57	80	0
76	33.019531	33.084635	C5	59	80	0
77	33.134115	33.195312	B4	50	80	0
78	33.226562	33.438802	C5	56	80	0
79	33.373698	34.059896	D5	48	80	0
80	33.811198	34.209635	C5	48	80	0
81	34.343750	35.419271	C5	41	80	0
82	34.352865	35.378906	A4	35	80	0
83	34.404948	35.279948	F4	25	80	0
84	34.404948	35.468750	F3	26	80	0
85	36.214844	36.869792	F3	30	80	0
86	36.731771	37.277344	G3	43	80	0
87	36.736979	37.468750	Eb3	39	80	0
88	37.187500	38.188802	A3	53	80	0
89	37.225260	37.549479	C3	27	80	0
90	37.882812	41.218750	Bb3	50	80	0
91	37.890625	39.250000	D3	33	80	0
92	37.933594	41.549479	Bb2	31	80	0
93	37.936198	41.269531	Bb1	28	80	0
94	39.223958	39.649740	Eb3	40	80	0
95	39.225260	39.468750	C3	35	80	0
96	39.451823	40.468750	F3	38	80	0
97	39.451823	40.438802	D3	40	80	0
98	40.747396	41.429688	D3	43	80	0
99	40.748698	41.408854	F3	46	80	0
100	42.162760	42.809896	D5	58	80	0
101	42.190104	44.329427	F3	31	80	0
102	42.195312	44.359375	D3	31	80	0
103	42.203125	44.329427	Bb2	31	80	0
104	43.029948	43.095052	Eb5	45	80	0
105	43.101562	43.153646	D5	51	80	0
106	43.175781	43.259115	C5	47	80	0
107	43.266927	43.454427	D5	50	80	0
108	43.453125	43.736979	Eb5	52	80	0
109	43.692708	44.239583	F5	49	80	0
110	44.945312	46.598958	Bb3	45	80	0
111	44.963542	46.729167	F3	32	80	0
112	44.963542	45.869792	D3	30	80	0
113	44.986979	45.750000	Bb2	30	80	0
114	44.993490	46.089844	Bb1	28	80	0
115	46.361979	49.848958	A3	54	80	0
116	46.369792	47.889323	Eb3	39	80	0
117	46.375000	48.259115	C3	37	80	0
118	46.381510	49.919271	F2	35	80	0
119	47.691406	48.209635	F3	42	80	0
120	47.692708	48.089844	D3	41	80	0
121	47.997396	49.019531	F#3	35	80	0
122	47.997396	49.089844	Eb3	40	80	0
123	49.326823	50.009115	Eb3	34	80	0
124	49.326823	49.959635	F#3	36	80	0
125	50.652344	51.309896	C6	60	80	0
126	50.664062	51.158854	F#5	49	80	0
127	50.674479	52.089844	F#3	36	80	0
128	50.677083	50.688802	F#2	32	80	0
129	50.680990	52.169271	Eb3	35	80	0
130	50.695312	52.029948	F2	31	80	0
131	51.375000	51.444010	D6	54	80	0
132	51.445312	51.559896	C6	59	80	0
133	51.522135	51.585938	B5	48	80	0
134	51.604167	51.968750	C6	60	80	0
135	51.794271	52.054688	D6	68	80	0
136	52.028646	52.968750	Eb6	61	80	0
137	53.424479	54.989583	F#4	49	80	0
138	53.464844	54.459635	Eb4	35	80	0
139	53.481771	54.259115	C4	25	80	0
140	53.497396	54.098958	Bb3	18	80	0
141	55.082031	58.128906	F4	39	80	0
142	55.114583	56.389323	Eb4	28	80	0
143	55.128906	56.399740	A3	23	80	0
144	55.136719	56.419271	C4	22	80	0
145	56.303385	56.718750	D4	37	80	0
146	56.335938	56.759115	B3	32	80	0
147	56.539062	57.204427	Eb4	40	80	0
148	56.544271	57.509115	C4	36	80	0
149	57.765625	58.479167	Eb4	50	80	0
150	57.799479	58.369792	C4	31	80	0
151	59.093750	59.799479	C6	55	80	0
152	59.122396	61.019531	Eb4	27	80	0
153	59.123698	59.848958	C4	30	80	0
154	59.126302	61.049479	F3	25	80	0
155	59.787760	59.847656	D6	45	80	0
156	59.860677	60.852865	C4	23	80	0
157	59.863281	59.968750	C6	47	80	0
158	59.937500	60.009115	B5	49	80	0
159	60.024740	60.196615	C6	57	80	0
160	60.194010	60.463542	D6	68	80	0
161	60.421875	61.039062	Eb6	65	80	0
162	60.434896	61.139323	A3	36	80	0
163	61.621094	62.989583	Eb5	76	80	0
164	61.656250	62.878906	A4	43	80	0
165	61.664062	62.509115	Eb4	44	80	0
166	61.665365	62.459635	C4	35	80	0
167	61.677083	62.579427	F#3	33	80	0
168	62.930990	63.492188	D5	54	80	0
169	62.971354	63.471354	D4	28	80	0
170	62.971354	63.484375	Bb4	36	80	0
171	62.981771	63.480469	Bb3	33	80	0
172	62.996094	63.484375	G3	25	80	0
173	64.111979	65.628906	G5	86	80	0
174	65.390625	65.829427	Bb4	70	80	0
175	65.391927	65.899740	C#5	71	80	0
176	65.399740	65.819010	G4	58	80	0
177	65.404948	65.779948	C#4	60	80	0
178	65.404948	65.750000	Bb3	58	80	0
179	65.415365	65.799479	E3	50	80	0
180	66.795573	69.389323	F5	60	80	0
181	68.087240	68.639323	D5	32	80	0
182	68.093750	68.639323	Bb4	31	80	0
183	68.119792	69.348958	F4	23	80	0
184	68.119792	68.559896	D4	23	80	0
185	68.123698	68.519531	Bb3	26	80	0
186	68.126302	68.589844	F3	23	80	0
187	69.579427	70.029948	A4	33	80	0
188	69.604167	70.039062	Eb4	26	80	0
189	69.606771	69.968750	F2	26	80	0
190	69.614583	70.000000	C4	23	80	0
191	70.994792	72.059896	Bb4	31	80	0
192	70.997396	71.459635	D4	22	80	0
193	71.003906	71.569010	F4	20	80	0
194	71.026042	71.699219	Bb3	18	80	0
195	71.029948	71.419271	Bb2	18	80	0
196	71.031250	71.339844	Bb1	19	80	0
197	72.167969	72.226562	Bb2	33	80	0
198	72.256510	72.319010	Bb1	32	80	0
199	72.361979	72.750000	Bb2	17	80	0
200	72.433594	72.750000	Bb1	27	80	0
201	73.466146	73.579427	Bb2	33	80	0
202	73.526042	73.592448	Bb1	37	80	0
203	73.647135	73.829427	Bb2	29	80	0
204	73.742188	74.069010	Bb1	37	80	0
205	74.869792	75.000000	Bb2	27	80	0
206	74.937500	75.259115	Bb1	36	80	0
207	75.057292	75.809896	Bb2	36	80	0
208	75.231771	76.848958	Eb4	58	80	0
209	75.265625	76.149740	Bb3	37	80	0
210	75.266927	76.019531	Bb1	28	80	0
211	75.273438	76.459635	G3	30	80	0
212	76.528646	78.209635	D4	50	80	0
213	76.565104	77.789062	Bb3	28	80	0
214	76.566406	77.859375	F3	24	80	0
215	77.753906	79.029948	C#4	63	80	0
216	77.796875	79.049479	E3	29	80	0
217	77.798177	79.049479	Bb3	37	80	0
218	79.036458	80.549479	C#4	57	80	0
219	79.058594	82.500000	Bb3	40	80	0
220	79.063802	80.149740	E3	31	80	0
221	80.135417	80.299479	Bb2	32	80	0
222	80.205729	80.419271	Bb1	37	80	0
223	80.313802	80.500000	Bb2	42	80	0
224	80.411458	82.889323	D4	42	80	0
225	80.432292	80.519531	Bb1	37	80	0
226	80.434896	82.229167	F3	33	80	0
227	81.338542	81.459635	Bb2	33	80	0
228	81.425781	81.959635	Bb1	35	80	0
229	81.552083	81.779948	Bb2	27	80	0
230	82.540365	82.669271	Bb2	29	80	0
231	82.625000	83.128906	Bb1	32	80	0
232	82.750000	83.289062	Bb2	35	80	0
233	82.904948	84.309896	C4	52	80	0
234	82.915365	85.579427	G3	38	80	0
235	82.921875	85.369792	Eb3	36	80	0
236	84.295573	84.468750	D4	42	80	0
237	84.395833	84.529948	C4	39	80	0
238	84.462240	84.523438	B3	45	80	0
239	84.536458	85.039062	C4	50	80	0
240	84.684896	85.619792	Eb4	52	80	0
241	85.345052	86.199219	C4	48	80	0
242	85.378906	86.389323	F#3	30	80	0
243	85.382812	86.468750	Eb3	29	80	0
244	85.945312	86.399740	A3	55	80	0
245	86.742188	87.628906	C4	49	80	0
246	86.773438	87.709635	F#3	33	80	0
247	86.774740	87.639323	Eb3	28	80	0
248	86.774740	87.658854	A3	33	80	0
249	87.695312	87.848958	Bb2	34	80	0
250	87.816406	88.009115	Bb1	23	80	0
251	87.923177	88.079427	Bb2	32	80	0
252	88.022135	88.065104	Bb1	34	80	0
253	88.042969	89.229167	F3	36	80	0
254	88.044271	88.442708	D3	36	80	0
255	88.045573	89.619792	Bb3	35	80	0
256	88.988281	89.128906	Bb2	30	80	0
257	89.095052	89.438802	Bb1	24	80	0
258	89.183594	89.500000	Bb2	28	80	0
259	90.145833	90.279948	Bb2	25	80	0
260	90.244792	90.325521	Bb1	33	80	0
261	90.369792	90.509115	Bb2	29	80	0
262	90.565104	92.098958	Bb4	51	80	0
263	90.605469	90.699219	Bb1	23	80	0
264	90.608073	91.359375	D4	31	80	0
265	91.714844	93.169271	G4	41	80	0
266	91.735677	92.468750	D4	25	80	0
267	91.753906	91.759115	Bb2	24	80	0
268	91.757812	92.639323	Bb3	27	80	0
269	92.877604	94.475260	F4	48	80	0
270	92.914062	94.429688	D4	31	80	0
271	92.928385	94.188802	A3	33	80	0
272	94.234375	95.729167	E4	37	80	0
273	94.272135	95.729167	C4	25	80	0
274	94.283854	95.609375	G3	26	80	0
275	95.076823	95.479167	C3	32	80	0
276	95.183594	95.234375	C2	36	80	0
277	95.384115	95.628906	C2	38	80	0
278	95.954427	96.649740	E4	51	80	0
279	95.966146	96.309896	C4	34	80	0
280	96.014323	96.419271	G3	28	80	0
281	96.312500	96.449219	C6	47	80	0
282	96.322917	96.589844	C4	31	80	0
283	96.421875	96.485677	C5	43	80	0
284	96.528646	96.699219	C6	44	80	0
285	96.575521	97.320312	F4	51	80	0
286	96.604167	96.919271	C4	40	80	0
287	96.617188	97.279948	A3	39	80	0
288	96.631510	97.128906	C5	49	80	0
289	97.171875	97.688802	G4	54	80	0
290	97.183594	98.389323	C4	38	80	0
291	97.197917	97.679688	Bb3	41	80	0
292	97.852865	99.039062	G4	47	80	0
293	97.903646	98.479167	Bb3	29	80	0
294	98.753906	98.919271	C3	38	80	0
295	98.753906	99.098958	E4	45	80	0
296	98.766927	99.059896	G#3	37	80	0
297	98.882812	99.098958	C2	31	80	0
298	98.992188	99.199219	C3	34	80	0
299	99.067708	99.529948	F4	51	80	0
300	99.110677	99.559896	A3	33	80	0
301	99.111979	99.598958	C2	31	80	0
302	99.645833	100.089844	F4	57	80	0
303	99.683594	99.968750	A3	29	80	0
304	99.988281	100.158854	C6	51	80	0
305	100.111979	100.408854	C5	33	80	0
306	100.194010	100.468750	C6	47	80	0
307	100.252604	100.908854	G4	61	80	0
308	100.272135	100.929688	E4	53	80	0
309	100.304688	100.718750	C4	36	80	0
310	100.829427	101.218750	A4	74	80	0
311	100.858073	101.179688	F4	55	80	0
312	100.863281	101.169271	C4	47	80	0
313	101.505208	102.750000	A4	57	80	0
314	101.526042	102.259115	F4	44	80	0
315	101.527344	103.128906	C4	33	80	0
316	102.364583	102.739583	F#4	52	80	0
317	102.372396	102.446615	C3	39	80	0
318	102.373698	102.729167	Eb4	53	80	0
319	102.514323	102.628906	C2	33	80	0
320	102.623698	102.968750	C3	28	80	0
321	102.670573	103.089844	G4	59	80	0
322	102.700521	103.098958	E4	46	80	0
323	102.717448	103.029948	C2	33	80	0
324	103.281250	103.929688	G4	72	80	0
325	103.305990	103.859375	E4	52	80	0
326	103.337240	103.869792	C4	26	80	0
327	103.622396	103.682292	C6	46	80	0
328	103.730469	103.848958	C5	49	80	0
329	103.804688	103.867188	C6	50	80	0
330	103.895833	104.598958	A4	74	80	0
331	103.930990	104.598958	F4	51	80	0
332	103.936198	104.509115	C4	41	80	0
333	104.486979	104.934896	Bb4	72	80	0
334	104.507812	104.848958	C3	36	80	0
335	104.515625	105.188802	C4	37	80	0
336	104.524740	105.029948	G4	47	80	0
337	105.240885	106.309896	Bb4	63	80	0
338	105.274740	106.218750	G4	41	80	0
339	105.278646	106.829427	C4	34	80	0
340	106.114583	106.509115	G#4	62	80	0
341	106.132812	106.289062	C3	34	80	0
342	106.153646	106.309896	E4	32	80	0
343	106.257812	106.489583	C2	38	80	0
344	106.351562	106.750000	C3	36	80	0
345	106.434896	106.848958	A4	59	80	0
346	106.455729	106.752604	F4	53	80	0
347	106.494792	106.750000	C2	36	80	0
348	107.054688	107.408854	A4	72	80	0
349	107.085938	107.529948	F4	58	80	0
350	107.093750	107.489583	C4	49	80	0
351	107.416667	107.569010	C6	53	80	0
352	107.421875	107.569010	A4	40	80	0
353	107.529948	107.729167	C5	47	80	0
354	107.610677	107.799479	C6	58	80	0
355	107.773438	108.329427	B4	79	80	0
356	107.816406	108.419271	G#4	56	80	0
357	107.821615	108.309896	D4	52	80	0
358	107.821615	108.429688	F4	48	80	0
359	108.498698	108.919271	B4	75	80	0
360	108.536458	109.029948	G#4	54	80	0
361	108.545573	109.089844	D4	42	80	0
362	108.545573	109.489583	F4	42	80	0
363	108.871094	109.019531	C6	50	80	0
364	109.013021	109.071615	C5	33	80	0
365	109.105469	109.188802	C6	41	80	0
366	109.414062	110.509115	C5	57	80	0
367	109.442708	109.989583	G4	40	80	0
368	109.472656	110.079427	E4	33	80	0
369	110.338542	111.250000	G4	45	80	0
370	110.346354	111.289062	E4	35	80	0
371	110.355469	111.279948	C4	24	80	0
372	110.713542	110.790365	C3	31	80	0
373	110.832031	111.009115	C2	37	80	0
374	110.963542	111.158854	C3	36	80	0
375	111.555990	112.169271	G4	53	80	0
376	111.572917	112.079427	E4	45	80	0
377	111.574219	111.699219	C2	30	80	0
378	111.595052	111.869792	C4	25	80	0
379	112.041667	112.188802	C6	39	80	0
380	112.132812	112.246094	C5	44	80	0
381	112.263021	113.059896	B4	54	80	0
382	112.325521	112.688802	D4	32	80	0
383	112.334635	112.819010	F4	35	80	0
384	112.966146	113.779948	G4	51	80	0
385	113.013021	113.699219	F4	39	80	0
386	113.015625	113.316406	D4	35	80	0
387	113.697917	114.799479	C5	54	80	0
388	113.744792	114.179688	E4	33	80	0
389	113.764323	114.098958	C4	30	80	0
390	114.509115	115.489583	G4	49	80	0
391	114.519531	115.489583	E4	39	80	0
392	114.600260	116.098958	C4	19	80	0
393	114.932292	115.079427	C3	37	80	0
394	115.054688	115.299479	C2	33	80	0
395	115.160156	115.529948	C3	30	80	0
396	115.773438	116.559896	G4	51	80	0
397	115.800781	116.419271	E4	34	80	0
398	116.255208	116.359375	C6	48	80	0
399	116.382812	116.539062	C5	30	80	0
400	116.485677	117.279948	B4	48	80	0
401	116.488281	116.500000	B5	50	80	0
402	116.527344	117.009115	F4	36	80	0
403	116.544271	116.919271	D4	33	80	0
404	117.212240	118.059896	G4	48	80	0
405	117.270833	117.619792	D4	37	80	0
406	117.270833	117.596354	F4	43	80	0
407	117.977865	118.709635	C5	47	80	0
408	117.994792	118.321615	E4	32	80	0
409	118.032552	118.315104	C4	21	80	0
410	118.697917	120.049479	G4	46	80	0
411	118.714844	119.359375	E4	36	80	0
412	118.751302	119.468750	C4	29	80	0
413	119.014323	119.169271	C3	33	80	0
414	119.136719	119.529948	C2	36	80	0
415	119.285156	119.628906	C3	27	80	0
416	119.863281	120.679688	C4	33	80	0
417	119.864583	120.819010	E4	35	80	0
418	119.893229	120.619792	G3	26	80	0
419	120.486979	120.889323	C3	25	80	0
420	121.079427	122.199219	C4	30	80	0
421	121.079427	121.989583	G3	28	80	0
422	121.085938	122.869792	E3	29	80	0
423	121.445312	121.619792	C3	24	80	0
424	121.563802	122.339844	C2	29	80	0
425	121.716146	121.989583	C3	32	80	0
426	121.994792	122.539062	G3	18	80	0
427	121.996094	122.369792	C3	18	80	0
428	122.273438	123.109375	C4	41	80	0
429	122.851562	123.615885	B3	40	80	0
430	123.464844	124.739583	C4	31	80	0
431	123.470052	124.169271	Bb3	35	80	0
432	124.093750	124.759115	A3	34	80	0
433	124.403646	124.522135	D4	31	80	0
434	124.553385	124.683594	E4	38	80	0
435	124.688802	124.727865	F4	49	80	0
436	124.734375	124.911458	G3	20	80	0
437	124.740885	124.938802	Bb3	22	80	0
438	124.825521	124.904948	G4	52	80	0
439	124.955729	125.199219	A4	51	80	0
440	125.097656	125.468750	Bb4	56	80	0
441	125.300781	127.079427	C5	57	80	0
442	125.335938	125.859375	F2	29	80	0
443	125.881510	126.109375	F3	29	80	0
444	126.496094	127.500000	F4	31	80	0
445	126.518229	127.500000	A3	24	80	0
446	126.526042	127.359375	C4	24	80	0
447	127.088542	127.819010	F3	28	80	0
448	127.510417	127.898438	A4	52	80	0
449	127.735677	128.149740	F5	64	80	0
450	127.794271	128.569010	D4	26	80	0
451	127.825521	128.149740	F3	21	80	0
452	127.834635	128.468750	Bb3	24	80	0
453	128.156250	129.089844	F5	33	80	0
454	128.412760	128.819010	F3	24	80	0
455	128.824219	129.197917	D5	54	80	0
456	128.832031	129.069010	F3	28	80	0
457	128.839844	129.059896	Bb3	27	80	0
458	129.037760	130.688802	C5	51	80	0
459	129.082031	129.869792	A3	31	80	0
460	129.083333	129.339844	F3	24	80	0
461	129.084635	129.889323	C4	26	80	0
462	129.661458	130.259115	F3	27	80	0
463	130.251302	131.218750	F4	31	80	0
464	130.274740	130.549479	F3	22	80	0
465	130.276042	131.089844	A3	23	80	0
466	130.277344	131.199219	C4	19	80	0
467	130.825521	131.089844	F3	26	80	0
468	131.184896	131.628906	A4	52	80	0
469	131.195312	131.839844	F3	35	80	0
470	131.467448	132.639323	Bb4	59	80	0
471	131.506510	132.449219	D3	35	80	0
472	131.510417	132.348958	F4	34	80	0
473	132.136719	132.619792	Bb2	31	80	0
474	132.191406	132.688802	D4	27	80	0
475	132.497396	132.809896	G4	52	80	0
476	132.720052	135.139323	F4	51	80	0
477	132.785156	133.989583	C2	34	80	0
478	133.317708	134.079427	C3	40	80	0
479	133.319010	133.759115	A3	46	80	0
480	133.894531	136.229167	C4	35	80	0
481	133.932292	134.669271	A3	26	80	0
482	133.942708	135.128906	F3	24	80	0
483	134.473958	135.669271	C3	27	80	0
484	135.072917	135.483073	A4	47	80	0
485	135.097656	135.889323	G3	28	80	0
486	135.097656	136.009115	E3	27	80	0
487	135.471354	135.792969	G4	56	80	0
488	135.773438	136.062500	F4	59	80	0
489	135.805990	136.559896	C3	31	80	0
490	136.045573	136.279948	G4	60	80	0
491	136.445312	137.500000	G4	48	80	0
492	136.459635	136.468750	E2	28	80	0
493	136.460938	137.500000	E3	31	80	0
494	136.463542	138.500000	F2	28	80	0
495	137.104167	137.789062	C3	30	80	0
496	137.505208	137.735677	G#4	41	80	0
497	137.729167	139.128906	A4	40	80	0
498	137.765625	138.979167	F3	23	80	0
499	138.282552	138.929688	A2	36	80	0
500	138.903646	139.468750	Bb2	37	80	0
501	139.052083	139.113281	C4	38	80	0
502	139.199219	139.265625	D4	33	80	0
503	139.313802	139.352865	E4	49	80	0
504	139.463542	139.513021	F4	55	80	0
505	139.464844	140.069010	G2	34	80	0
506	139.593750	139.638021	G4	49	80	0
507	139.713542	139.756510	A4	52	80	0
508	139.835938	139.894531	Bb4	58	80	0
509	140.036458	142.438802	C5	59	80	0
510	140.054688	140.348958	F2	28	80	0
511	140.618490	141.438802	F3	32	80	0
512	140.877604	141.299479	E4	36	80	0
513	141.246094	142.369792	F4	41	80	0
514	141.272135	142.069010	A3	28	80	0
515	141.272135	142.359375	C4	27	80	0
516	141.871094	142.669271	F3	29	80	0
517	142.266927	142.671875	A4	59	80	0
518	142.514323	143.779948	F5	66	80	0
519	142.576823	143.348958	D4	25	80	0
520	142.584635	142.649740	A3	23	80	0
521	142.585938	143.968750	F4	31	80	0
522	143.174479	143.869792	F3	26	80	0
523	143.598958	143.907552	D5	52	80	0
524	143.860677	145.489583	C5	43	80	0
525	143.881510	144.209635	F3	21	80	0
526	143.894531	144.649740	A3	23	80	0
527	143.897135	144.579427	C4	21	80	0
528	144.509115	145.289062	F3	27	80	0
529	144.785156	145.239583	E4	41	80	0
530	145.117188	146.309896	F4	45	80	0
531	145.169271	146.329427	A3	31	80	0
532	145.169271	146.229167	C4	27	80	0
533	145.733073	146.688802	F3	33	80	0
534	146.134115	146.617188	A4	51	80	0
535	146.492188	146.933594	C5	63	80	0
536	146.545573	147.549479	F4	33	80	0
537	146.550781	147.539062	D3	33	80	0
538	146.920573	147.679688	Bb4	57	80	0
539	147.272135	147.718750	Bb2	34	80	0
540	147.277344	147.688802	D4	35	80	0
541	147.574219	148.093750	G4	59	80	0
542	148.001302	149.989583	F4	59	80	0
543	148.033854	150.029948	C3	36	80	0
544	148.035156	148.569010	A3	37	80	0
545	148.714844	149.309896	A3	34	80	0
546	148.723958	149.549479	F3	26	80	0
547	149.302083	149.949219	C4	42	80	0
548	149.315104	149.649740	A3	40	80	0
549	149.864583	150.329427	A3	50	80	0
550	149.871094	150.119792	F3	41	80	0
551	150.526042	151.889323	C4	55	80	0
552	150.558594	151.188802	E3	40	80	0
553	150.561198	151.500000	G3	40	80	0
554	150.606771	152.128906	C2	28	80	0
555	151.315104	151.869792	E3	37	80	0
556	151.322917	151.579427	C3	37	80	0
557	152.204427	153.359375	A3	40	80	0
558	152.220052	153.389323	F3	31	80	0
559	152.223958	154.348958	C3	31	80	0
560	152.236979	152.839844	F2	29	80	0
561	152.259115	153.598958	F1	28	80	0
562	153.296875	153.364583	F2	30	80	0
563	153.608073	154.500000	F1	26	80	0
564	154.404948	154.494792	F2	24	80	0
565	154.511719	154.718750	F1	27	80	0
566	154.623698	154.878906	F2	21	80	0
567	154.733073	155.359375	F1	25	80	0
568	155.372396	155.848958	F4	46	80	0
569	155.372396	156.639323	F1	23	80	0
570	156.082031	157.549479	F4	46	80	0
571	157.154948	157.329427	F2	27	80	0
572	157.253906	157.519531	F1	31	80	0
573	157.335938	157.519531	F2	15	80	0
574	157.471354	159.369792	F#4	57	80	0
575	157.502604	160.259115	Eb4	38	80	0
576	157.523438	159.688802	A3	31	80	0
577	157.532552	158.239583	F1	27	80	0
578	157.533854	158.109375	F2	27	80	0
579	157.535156	157.549479	C4	25	80	0
580	158.455729	158.628906	F2	27	80	0
581	158.572917	158.769531	F1	26	80	0
582	158.666667	159.699219	F2	29	80	0
583	158.776042	160.658854	F1	30	80	0
584	159.375000	160.079427	F#4	53	80	0
585	160.084635	161.158854	F#4	53	80	0
586	161.054688	161.199219	F2	33	80	0
587	161.174479	161.869792	F1	29	80	0
588	161.264323	161.378906	F2	36	80	0
589	161.355469	163.079427	A4	64	80	0
590	161.386719	164.089844	Eb4	44	80	0
591	161.391927	161.500000	F2	34	80	0
592	161.394531	164.239583	C4	39	80	0
593	162.253906	162.389323	F2	34	80	0
594	162.358073	162.529948	F1	28	80	0
595	162.445312	164.079427	F2	34	80	0
596	162.540365	164.329427	F1	25	80	0
597	163.084635	163.688802	A4	71	80	0
598	163.695312	164.769531	A4	66	80	0
599	164.723958	164.878906	F2	37	80	0
600	164.815104	165.529948	F1	39	80	0
601	164.888021	165.389323	F2	41	80	0
602	164.975260	166.269531	C5	76	80	0
603	165.013021	166.128906	F#4	53	80	0
604	165.023438	166.309896	Eb4	48	80	0
605	165.881510	166.009115	F2	40	80	0
606	165.984375	166.169271	F1	38	80	0
607	166.063802	166.779948	F2	44	80	0
608	166.177083	167.169271	F1	44	80	0
609	166.721354	167.149740	C5	76	80	0
610	167.397135	168.750000	C5	77	80	0
611	168.153646	169.289062	Eb5	82	80	0
612	168.498698	168.572917	C4	54	80	0
613	168.501302	168.596354	A3	58	80	0
614	168.605469	168.695312	F3	57	80	0
615	168.700521	168.919271	C4	59	80	0
616	168.701823	169.059896	A3	61	80	0
617	168.813802	169.299479	F3	57	80	0
618	169.234375	169.442708	D5	67	80	0
619	169.425781	169.632812	C5	67	80	0
620	169.592448	169.851562	Bb4	67	80	0
621	169.746094	169.903646	A4	62	80	0
622	169.903646	170.092448	G4	61	80	0
623	170.057292	170.312500	F4	62	80	0
624	170.223958	170.355469	E4	56	80	0
625	170.375000	170.535156	Eb4	53	80	0
626	170.533854	170.765625	D4	46	80	0
627	170.703125	170.927083	C4	46	80	0
628	170.886719	171.095052	Bb3	48	80	0
629	171.059896	171.264323	A3	49	80	0
630	171.272135	171.899740	Eb4	48	80	0
631	171.483073	171.929688	A3	44	80	0
632	171.839844	175.309896	Bb2	40	80	0
633	171.841146	175.019531	D3	40	80	0
634	171.850260	174.929688	Bb3	42	80	0
635	171.855469	175.109375	Bb1	38	80	0
636	173.072917	173.429688	Eb3	43	80	0
637	173.279948	174.279948	F3	36	80	0
638	174.535156	175.069010	F3	39	80	0
639	175.861979	176.479167	D5	60	80	0
640	175.894531	178.059896	F3	31	80	0
641	175.895833	178.079427	D3	29	80	0
642	175.903646	178.098958	Bb2	31	80	0
643	176.670573	176.748698	Eb5	46	80	0
644	176.746094	176.848958	D5	50	80	0
645	176.816406	176.923177	C5	49	80	0
646	176.932292	177.117188	D5	61	80	0
647	177.100260	177.416667	Eb5	55	80	0
648	177.363281	177.959635	F5	52	80	0
649	178.653646	180.459635	Bb3	49	80	0
650	178.674479	179.609375	Bb2	34	80	0
651	178.677083	179.500000	F3	32	80	0
652	178.682292	179.859375	D3	33	80	0
653	178.688802	179.619792	Bb1	31	80	0
654	178.704427	180.188802	F2	29	80	0
655	180.153646	183.369792	A3	58	80	0
656	180.161458	181.809896	Eb3	44	80	0
657	180.192708	183.309896	C3	32	80	0
658	180.204427	183.419271	F2	33	80	0
659	180.212240	183.468750	C2	35	80	0
660	181.285156	181.949219	F3	42	80	0
661	181.506510	182.389323	F#3	51	80	0
662	182.709635	183.348958	F#3	52	80	0
663	184.052083	184.759115	A5	66	80	0
664	184.095052	186.149740	Eb4	37	80	0
665	184.101562	185.579427	F#3	36	80	0
666	184.105469	186.069010	C4	34	80	0
667	184.752604	184.864583	Bb5	50	80	0
668	184.832031	184.890625	A5	67	80	0
669	184.904948	185.019531	G5	54	80	0
670	185.019531	185.509115	A5	64	80	0
671	185.204427	185.619792	Bb5	64	80	0
672	185.473958	186.009115	C6	55	80	0
673	185.519531	186.569010	F3	27	80	0
674	186.751302	188.569010	Eb4	59	80	0
675	186.783854	188.218750	C4	40	80	0
676	186.790365	187.639323	F3	30	80	0
677	186.794271	187.908854	A2	32	80	0
678	188.139323	191.229167	D4	47	80	0
679	188.140625	191.049479	G#3	53	80	0
680	188.151042	191.139323	F3	44	80	0
681	188.153646	191.049479	Bb1	38	80	0
682	188.156250	190.938802	Bb2	39	80	0
683	189.312500	189.769531	Bb3	50	80	0
684	189.617188	190.479167	B3	54	80	0
685	190.859375	191.279948	B3	52	80	0
686	192.145833	192.979167	D5	53	80	0
687	192.153646	194.529948	G#4	43	80	0
688	192.180990	193.848958	B3	33	80	0
689	192.182292	194.459635	F4	34	80	0
690	192.950521	193.019531	Eb5	45	80	0
691	193.024740	193.158854	D5	50	80	0
692	193.105469	193.200521	C5	49	80	0
693	193.223958	193.859375	D5	52	80	0
694	193.425781	193.739583	Eb5	44	80	0
695	193.627604	194.569010	F5	48	80	0
696	193.667969	194.519531	Bb3	31	80	0
697	194.937500	196.639323	F5	78	80	0
698	194.973958	195.128906	G#4	47	80	0
699	194.975260	196.869792	D3	38	80	0
700	194.984375	196.069010	Bb3	41	80	0
701	195.134115	196.419271	G#4	23	80	0
702	196.653646	198.289062	F5	62	80	0
703	196.700521	198.688802	G4	37	80	0
704	196.716146	198.688802	Eb3	28	80	0
705	196.720052	197.389323	Bb3	27	80	0
706	197.384115	198.039062	B3	40	80	0
707	197.994792	198.669271	Eb5	55	80	0
708	198.003906	198.688802	C4	37	80	0
709	198.605469	199.329427	D5	61	80	0
710	198.635417	199.059896	D4	37	80	0
711	198.643229	199.000000	Bb4	42	80	0
712	198.649740	199.369792	F3	38	80	0
713	199.240885	199.729167	C5	58	80	0
714	199.276042	199.759115	Bb4	42	80	0
715	199.291667	199.739583	Eb4	33	80	0
716	199.295573	199.779948	G3	30	80	0
717	199.960938	200.399740	C5	61	80	0
718	199.972656	201.839844	E4	41	80	0
719	199.984375	200.408854	Bb4	49	80	0
720	199.994792	201.819010	G3	35	80	0
721	200.695312	200.773438	C5	50	80	0
722	200.704427	200.709635	F4	34	80	0
723	200.720052	200.859375	Bb4	41	80	0
724	200.726562	200.938802	Bb3	34	80	0
725	200.729167	200.859375	F3	31	80	0
726	200.802083	200.855469	D5	53	80	0
727	200.869792	201.729167	F3	35	80	0
728	200.871094	200.932292	C5	57	80	0
729	200.950521	201.035156	D5	52	80	0
730	201.059896	201.126302	C5	45	80	0
731	201.183594	201.309896	B4	45	80	0
732	201.264323	201.365885	C5	48	80	0
733	201.394531	201.839844	D5	52	80	0
734	201.736979	201.899740	C5	58	80	0
735	201.739583	202.229167	F3	32	80	0
736	202.196615	203.169271	C5	45	80	0
737	202.233073	203.009115	A4	30	80	0
738	202.235677	203.000000	F3	27	80	0
739	202.238281	202.839844	F4	26	80	0
740	203.540365	203.766927	F3	40	80	0
741	203.747396	203.955729	G3	39	80	0
742	203.895833	204.104167	F3	44	80	0
743	204.078125	204.348958	E3	46	80	0
744	204.234375	204.500000	F3	50	80	0
745	204.414062	204.619792	G3	55	80	0
746	204.421875	204.679688	Eb3	50	80	0
747	204.580729	204.968750	A3	61	80	0
748	204.602865	204.929688	C3	57	80	0
749	204.904948	205.869792	D3	57	80	0
750	204.914062	207.000000	Bb3	54	80	0
751	204.934896	205.069010	F3	39	80	0
752	204.940104	205.929688	Bb2	41	80	0
753	206.114583	206.359375	Eb3	52	80	0
754	206.141927	206.354167	C3	41	80	0
755	206.355469	207.289062	F3	43	80	0
756	206.356771	207.329427	D3	46	80	0
757	206.554688	206.671875	Bb5	53	80	0
758	206.712240	206.824219	D6	46	80	0
759	206.854167	206.989583	Bb5	52	80	0
760	207.032552	207.126302	F5	45	80	0
761	207.183594	207.274740	Bb5	43	80	0
762	207.322917	207.468750	D5	43	80	0
763	207.496094	207.669271	F5	44	80	0
764	207.634115	208.098958	F3	43	80	0
765	207.634115	207.829427	Bb4	49	80	0
766	207.644531	208.829427	D3	46	80	0
767	207.803385	207.889323	D5	47	80	0
768	207.949219	208.048177	F4	43	80	0
769	208.110677	208.269531	Bb4	45	80	0
770	208.233073	208.334635	D4	34	80	0
771	208.385417	208.709635	F4	39	80	0
772	208.537760	208.750000	Bb3	41	80	0
773	208.683594	208.859375	D4	41	80	0
774	208.804688	209.218750	D5	63	80	0
775	208.832031	209.089844	F3	45	80	0
776	209.011719	209.229167	Bb3	47	80	0
777	209.122396	209.359375	D3	45	80	0
778	209.257812	209.479167	F3	39	80	0
779	209.390625	209.519531	Bb2	44	80	0
780	209.467448	209.563802	Eb5	52	80	0
781	209.531250	209.739583	D3	53	80	0
782	209.558594	209.628906	D5	51	80	0
783	209.592448	209.750000	C5	61	80	0
784	209.647135	209.811198	F2	50	80	0
785	209.688802	209.835938	D5	65	80	0
786	209.820312	210.016927	Eb5	68	80	0
787	209.842448	209.997396	Bb2	48	80	0
788	210.003906	210.589844	F5	68	80	0
789	210.026042	210.128906	D2	38	80	0
790	210.143229	210.255208	Bb1	51	80	0
791	210.290365	210.375000	D2	48	80	0
792	210.394531	210.486979	F2	49	80	0
793	210.516927	210.739583	Bb2	51	80	0
794	210.644531	210.839844	D2	47	80	0
795	210.794271	211.139323	F2	49	80	0
796	210.946615	211.128906	Bb2	51	80	0
797	211.074219	212.519531	Bb3	69	80	0
798	211.085938	211.628906	D3	49	80	0
799	211.235677	211.359375	Bb2	43	80	0
800	211.372396	211.649740	F2	42	80	0
801	211.529948	211.759115	D2	38	80	0
802	211.652344	212.109375	Bb2	44	80	0
803	211.774740	213.098958	F2	48	80	0
804	211.917969	212.069010	D2	33	80	0
805	212.023438	212.289062	Bb1	43	80	0
806	212.382812	213.759115	Eb3	54	80	0
807	212.403646	215.429688	A3	65	80	0
808	212.404948	213.549479	C3	52	80	0
809	213.643229	214.059896	F3	52	80	0
810	213.647135	213.929688	D3	51	80	0
811	213.914062	214.949219	Eb3	53	80	0
812	213.915365	215.029948	F#3	51	80	0
813	214.125000	214.274740	C6	50	80	0
814	214.276042	214.489583	Eb6	51	80	0
815	214.421875	214.507812	C6	50	80	0
816	214.558594	214.635417	A5	49	80	0
817	214.667969	214.779948	C6	51	80	0
818	214.824219	215.009115	F#5	50	80	0
819	214.963542	215.279948	A5	52	80	0
820	215.122396	215.598958	Eb3	43	80	0
821	215.123698	215.669271	F#3	42	80	0
822	215.246094	215.347656	F#5	49	80	0
823	215.391927	215.494792	C5	45	80	0
824	215.546875	215.636719	Eb5	40	80	0
825	215.667969	215.776042	A4	44	80	0
826	215.820312	216.029948	C5	46	80	0
827	215.970052	216.082031	F#4	39	80	0
828	216.122396	216.196615	A4	43	80	0
829	216.233073	216.889323	C6	67	80	0
830	216.251302	216.419271	Eb4	45	80	0
831	216.255208	216.799479	Eb3	45	80	0
832	216.393229	216.609375	F#4	49	80	0
833	216.518229	216.623698	C4	44	80	0
834	216.654948	216.819010	Eb4	48	80	0
835	216.783854	217.079427	A3	50	80	0
836	216.884115	216.992188	D6	68	80	0
837	216.967448	217.199219	C4	41	80	0
838	216.967448	217.019531	C6	72	80	0
839	217.018229	217.128906	B5	62	80	0
840	217.031250	217.389323	F#3	48	80	0
841	217.104167	217.238281	C6	77	80	0
842	217.179688	217.589844	A3	49	80	0
843	217.216146	217.421875	D6	83	80	0
844	217.373698	218.359375	C3	46	80	0
845	217.397135	218.039062	Eb6	80	80	0
846	217.535156	217.759115	F#3	46	80	0
847	217.670573	218.449219	Eb3	45	80	0
848	217.798177	218.000000	A3	44	80	0
849	217.919271	218.158854	F#3	47	80	0
850	218.065104	218.152344	C4	51	80	0
851	218.184896	218.500000	A3	43	80	0
852	218.312500	218.779948	F#3	51	80	0
853	218.533854	220.218750	F#4	78	80	0
854	218.557292	219.869792	Eb4	65	80	0
855	218.565104	219.079427	C4	48	80	0
856	218.725260	219.089844	Eb3	42	80	0
857	218.942708	219.799479	Bb2	39	80	0
858	219.104167	219.214844	F#3	39	80	0
859	219.251302	219.628906	Eb3	39	80	0
860	219.442708	219.789062	Bb3	35	80	0
861	219.609375	219.968750	F#3	37	80	0
862	219.785156	220.188802	Eb3	40	80	0
863	219.996094	222.628906	F4	58	80	0
864	220.022135	221.059896	Eb4	52	80	0
865	220.033854	220.569010	C4	38	80	0
866	220.074219	220.658854	A2	29	80	0
867	220.714844	221.218750	C4	49	80	0
868	220.752604	221.218750	A3	39	80	0
869	221.174479	221.429688	D4	53	80	0
870	221.203125	221.449219	B3	44	80	0
871	221.377604	222.339844	Eb4	57	80	0
872	221.386719	222.259115	C4	46	80	0
873	221.513021	221.644531	C6	48	80	0
874	221.653646	221.763021	Eb6	54	80	0
875	221.794271	221.882812	C6	52	80	0
876	221.907552	222.002604	A5	61	80	0
877	222.044271	222.138021	C6	47	80	0
878	222.191406	222.278646	Eb5	43	80	0
879	222.324219	222.709635	A5	57	80	0
880	222.455729	222.929688	Eb4	46	80	0
881	222.463542	223.049479	C4	46	80	0
882	222.486979	222.572917	C5	41	80	0
883	222.604167	222.919271	Eb5	46	80	0
884	222.755208	222.850260	A4	37	80	0
885	222.884115	222.984375	C5	50	80	0
886	223.033854	223.299479	Eb4	42	80	0
887	223.165365	223.399740	A4	48	80	0
888	223.243490	223.529948	C6	72	80	0
889	223.290365	223.388021	C4	46	80	0
890	223.428385	223.589844	Eb4	44	80	0
891	223.537760	224.149740	C6	73	80	0
892	223.542969	223.718750	A3	59	80	0
893	223.545573	223.589844	C4	51	80	0
894	223.678385	223.747396	C4	48	80	0
895	223.795573	223.979167	F3	43	80	0
896	223.949219	224.010417	A3	46	80	0
897	224.072917	224.183594	C3	52	80	0
898	224.143229	224.225260	D6	71	80	0
899	224.213542	224.329427	C6	77	80	0
900	224.217448	224.348958	F3	46	80	0
901	224.218750	224.229167	F2	49	80	0
902	224.264323	224.333333	B5	71	80	0
903	224.333333	224.519531	A2	55	80	0
904	224.343750	224.459635	C6	80	80	0
905	224.453125	224.635417	D6	86	80	0
906	224.477865	224.839844	C3	57	80	0
907	224.601562	225.079427	Eb6	88	80	0
908	224.609375	224.839844	F2	57	80	0
909	224.752604	224.833333	A2	50	80	0
910	224.881510	225.188802	C2	56	80	0
911	225.003906	225.218750	F2	48	80	0
912	225.122396	225.429688	A1	54	80	0
913	225.261719	225.729167	C2	56	80	0
914	225.355469	225.468750	F1	53	80	0
915	225.485677	225.839844	A1	57	80	0
916	225.635417	226.799479	Eb5	86	80	0
917	225.648438	226.839844	C5	75	80	0
918	225.665365	226.419271	A4	62	80	0
919	225.858073	225.979167	F#1	46	80	0
920	225.996094	226.075521	A1	49	80	0
921	226.105469	226.399740	C2	52	80	0
922	226.226562	226.459635	F#2	51	80	0
923	226.403646	226.481771	A2	46	80	0
924	226.488281	226.580729	C3	59	80	0
925	226.617188	226.677083	F#3	59	80	0
926	226.782552	228.000000	D5	81	80	0
927	226.808594	226.869792	C2	50	80	0
928	226.975260	227.179688	G1	44	80	0
929	226.986979	227.128906	G2	44	80	0
930	227.095052	227.218750	Bb1	48	80	0
931	227.212240	227.304688	D2	58	80	0
932	227.326823	227.649740	G2	50	80	0
933	227.460938	227.829427	Bb2	63	80	0
934	227.593750	227.899740	D3	60	80	0
935	227.919271	228.628906	G5	95	80	0
936	228.082031	228.216146	E2	53	80	0
937	228.195312	228.389323	G2	57	80	0
938	228.345052	228.430990	Bb2	61	80	0
939	228.464844	228.609375	E3	56	80	0
940	228.593750	228.684896	G3	66	80	0
941	228.723958	228.803385	Bb3	67	80	0
942	228.855469	228.950521	G3	61	80	0
943	229.014323	230.109375	C#5	98	80	0
944	229.016927	229.128906	C#4	90	80	0
945	229.016927	229.869792	Bb4	91	80	0
946	229.019531	229.098958	G4	82	80	0
947	229.186198	229.252604	Bb3	66	80	0
948	229.316406	229.402344	G3	61	80	0
949	229.463542	229.544271	E3	60	80	0
950	229.621094	229.690104	C#3	63	80	0
951	229.785156	229.908854	Bb2	64	80	0
952	229.882812	230.049479	G2	56	80	0
953	230.024740	230.128906	E2	59	80	0
954	230.274740	231.218750	F5	91	80	0
955	230.425781	230.540365	F2	48	80	0
956	230.566406	230.653646	Bb2	53	80	0
957	230.708333	230.789062	D3	51	80	0
958	230.875000	230.936198	F3	45	80	0
959	231.024740	231.097656	D3	55	80	0
960	231.154948	231.226562	Bb2	57	80	0
961	231.276042	231.569010	F2	56	80	0
962	231.524740	232.339844	D5	72	80	0
963	231.545573	232.369792	Bb4	57	80	0
964	231.548177	232.289062	F4	55	80	0
965	231.552083	231.559896	Bb2	51	80	0
966	231.671875	231.989583	F2	31	80	0
967	231.843750	231.927083	Bb2	49	80	0
968	232.010417	232.072917	D3	48	80	0
969	232.136719	232.203125	F3	41	80	0
970	232.264323	232.429688	D3	48	80	0
971	232.436198	232.609375	Bb2	39	80	0
972	232.562500	233.128906	F2	44	80	0
973	232.736979	234.000000	A4	47	80	0
974	232.746094	233.649740	F4	44	80	0
975	232.760417	232.949219	Eb3	42	80	0
976	232.763021	233.479167	C4	40	80	0
977	232.945312	233.033854	C3	43	80	0
978	233.121094	233.359375	A2	42	80	0
979	233.290365	233.389323	F2	29	80	0
980	233.375000	234.039062	Eb2	39	80	0
981	233.565104	233.899740	C2	34	80	0
982	233.691406	234.089844	A1	37	80	0
983	233.877604	234.049479	A2	29	80	0
984	234.093750	235.649740	Bb4	43	80	0
985	234.111979	234.829427	D4	33	80	0
986	234.114583	234.639323	Bb1	29	80	0
987	234.122396	235.658854	F4	39	80	0
988	234.125000	236.968750	Bb3	29	80	0
989	235.210938	235.348958	Bb2	31	80	0
990	235.278646	235.908854	Bb1	33	80	0
991	235.401042	235.789062	Bb2	30	80	0
992	236.446615	236.579427	Bb2	36	80	0
993	236.531250	236.729167	Bb1	34	80	0
994	236.660156	237.339844	Bb2	21	80	0
995	236.735677	237.369792	Bb1	28	80	0
996	237.718750	237.878906	Bb2	31	80	0
997	237.807292	240.329427	Bb1	35	80	0
998	237.945312	240.329427	Bb2	27	80	0
999	238.082031	240.229167	F4	54	80	0
1000	238.108073	239.119792	Bb3	41	80	0
1001	238.119792	239.459635	G#3	38	80	0
1002	239.386719	240.889323	Eb4	50	80	0
1003	239.408854	240.269531	G3	34	80	0
1004	239.411458	240.378906	Bb3	39	80	0
1005	240.674479	241.848958	D4	48	80	0
1006	240.697917	241.959635	Bb3	38	80	0
1007	240.704427	242.019531	F#3	34	80	0
1008	242.119792	242.489583	D4	38	80	0
1009	242.144531	243.269531	Bb3	35	80	0
1010	242.175781	243.199219	F#3	27	80	0
1011	242.503906	243.239583	D4	16	80	0
1012	243.220052	243.359375	Bb2	26	80	0
1013	243.333333	243.619792	Bb1	27	80	0
1014	243.442708	243.609375	Bb2	24	80	0
1015	243.541667	245.459635	Eb4	39	80	0
1016	243.565104	244.819010	G3	24	80	0
1017	243.565104	245.419271	Bb3	29	80	0
1018	244.453125	244.549479	Bb2	29	80	0
1019	244.559896	244.619792	Bb1	28	80	0
1020	244.662760	244.799479	Bb2	31	80	0
1021	244.764323	245.039062	Bb1	27	80	0
1022	245.643229	245.750000	Bb2	28	80	0
1023	245.734375	245.989583	Bb1	31	80	0
1024	245.841146	246.438802	Bb2	30	80	0
1025	245.994792	247.539062	G#4	49	80	0
1026	245.998698	246.419271	Bb1	34	80	0
1027	246.015625	247.429688	F4	36	80	0
1028	247.186198	248.908854	G4	56	80	0
1029	247.204427	248.739583	Eb4	44	80	0
1030	247.236979	248.059896	Bb3	34	80	0
1031	248.516927	249.437500	F#4	55	80	0
1032	248.545573	249.549479	D4	34	80	0
1033	248.557292	249.509115	Bb3	33	80	0
1034	249.976562	251.519531	F#4	46	80	0
1035	250.015625	251.359375	D4	30	80	0
1036	250.024740	251.098958	Bb3	40	80	0
1037	251.016927	251.158854	Eb3	30	80	0
1038	251.134115	251.269531	Eb2	31	80	0
1039	251.259115	251.699219	Eb3	24	80	0
1040	251.346354	251.938802	Eb2	30	80	0
1041	251.401042	252.949219	G4	41	80	0
1042	251.423177	253.459635	Eb4	36	80	0
1043	252.253906	252.769531	Eb3	31	80	0
1044	252.345052	252.569010	Eb2	36	80	0
1045	252.576823	253.149740	Eb2	22	80	0
1046	253.194010	254.049479	G4	45	80	0
1047	253.502604	253.682292	Eb3	26	80	0
1048	253.615885	253.829427	Eb2	33	80	0
1049	254.062500	255.479167	Eb5	48	80	0
1050	254.114583	255.378906	G4	25	80	0
1051	254.148438	254.334635	Eb2	23	80	0
1052	255.394531	256.859375	C5	40	80	0
1053	255.411458	256.229167	G4	30	80	0
1054	255.462240	256.509115	Eb4	22	80	0
1055	256.687500	257.959635	Bb4	42	80	0
1056	256.725260	257.649740	G4	23	80	0
1057	256.736979	257.559896	D4	24	80	0
1058	258.169271	259.739583	A4	36	80	0
1059	258.221354	259.809896	F4	27	80	0
1060	258.229167	259.759115	C4	19	80	0
1061	259.041667	259.500000	F3	28	80	0
1062	259.154948	259.216146	F2	32	80	0
1063	259.369792	259.501302	F2	29	80	0
1064	259.984375	260.569010	A4	48	80	0
1065	260.006510	260.479167	F4	36	80	0
1066	260.026042	260.438802	C4	26	80	0
1067	260.322917	260.388021	F6	52	80	0
1068	260.436198	260.493490	F5	37	80	0
1069	260.535156	260.739583	F6	48	80	0
1070	260.622396	260.789062	F5	39	80	0
1071	260.660156	261.369792	Bb4	55	80	0
1072	260.674479	261.069010	F4	31	80	0
1073	260.686198	261.009115	D4	29	80	0
1074	261.253906	261.679688	C5	61	80	0
1075	261.255208	261.729167	F4	38	80	0
1076	261.266927	261.699219	Eb4	40	80	0
1077	261.950521	262.699219	C5	58	80	0
1078	261.984375	262.669271	F4	33	80	0
1079	261.985677	262.509115	Eb4	35	80	0
1080	262.807292	263.114583	A4	52	80	0
1081	262.822917	262.959635	F3	36	80	0
1082	262.839844	263.000000	C#4	39	80	0
1083	262.937500	263.339844	F2	30	80	0
1084	263.042969	263.369792	F3	20	80	0
1085	263.136719	263.468750	Bb4	48	80	0
1086	263.152344	263.334635	D4	35	80	0
1087	263.729167	264.369792	Bb4	64	80	0
1088	263.779948	264.348958	D4	31	80	0
1089	263.782552	264.369792	F4	31	80	0
1090	264.069010	264.169271	F6	51	80	0
1091	264.144531	264.309896	F5	45	80	0
1092	264.243490	264.438802	F6	52	80	0
1093	264.338542	265.009115	C5	66	80	0
1094	264.363281	264.644531	A4	48	80	0
1095	264.384115	264.809896	F4	32	80	0
1096	264.921875	265.289062	D5	71	80	0
1097	264.951823	265.173177	Bb4	54	80	0
1098	264.963542	265.279948	F4	42	80	0
1099	265.651042	266.769531	D5	58	80	0
1100	265.674479	266.539062	Bb4	37	80	0
1101	265.688802	267.098958	F4	33	80	0
1102	266.427083	266.438802	F3	24	80	0
1103	266.446615	266.509115	F2	27	80	0
1104	266.460938	266.789062	B4	52	80	0
1105	266.488281	266.769531	G#4	41	80	0
1106	266.522135	266.679688	F2	37	80	0
1107	266.746094	267.128906	C5	58	80	0
1108	266.760417	267.119792	A4	44	80	0
1109	266.774740	266.933594	F2	32	80	0
1110	267.343750	268.029948	C5	76	80	0
1111	267.394531	267.938802	A4	31	80	0
1112	267.397135	267.938802	F4	36	80	0
1113	267.734375	267.859375	F6	54	80	0
1114	267.813802	267.968750	F5	55	80	0
1115	267.915365	267.979167	F6	58	80	0
1116	267.992188	268.339844	D5	73	80	0
1117	268.016927	268.283854	Bb4	56	80	0
1118	268.035156	268.449219	F4	39	80	0
1119	268.585938	269.098958	Eb5	75	80	0
1120	268.605469	269.149740	C5	54	80	0
1121	268.652344	269.329427	F4	38	80	0
1122	269.351562	270.399740	Eb5	62	80	0
1123	269.382812	270.549479	C5	51	80	0
1124	269.386719	270.819010	F4	33	80	0
1125	270.128906	270.329427	F3	21	80	0
1126	270.195312	270.528646	C#5	61	80	0
1127	270.204427	270.559896	A4	46	80	0
1128	270.243490	270.489583	F2	36	80	0
1129	270.338542	270.799479	F3	26	80	0
1130	270.494792	270.779948	F2	44	80	0
1131	270.507812	270.848958	D5	59	80	0
1132	270.535156	270.777344	Bb4	41	80	0
1133	271.140625	271.739583	D5	76	80	0
1134	271.165365	271.739583	Bb4	44	80	0
1135	271.190104	271.628906	F4	38	80	0
1136	271.528646	271.622396	F6	53	80	0
1137	271.660156	271.819010	F5	48	80	0
1138	271.770833	271.908854	F6	41	80	0
1139	271.886719	272.440104	E5	78	80	0
1140	271.916667	272.489583	C#5	56	80	0
1141	271.920573	272.468750	Bb4	53	80	0
1142	271.924479	272.519531	G4	45	80	0
1143	272.609375	273.000000	E6	71	80	0
1144	272.610677	272.895833	E5	73	80	0
1145	272.635417	273.250000	C#5	56	80	0
1146	272.644531	273.218750	Bb4	49	80	0
1147	272.654948	273.468750	G4	42	80	0
1148	272.930990	273.128906	F6	56	80	0
1149	273.019531	273.106771	F5	47	80	0
1150	273.141927	273.359375	F6	52	80	0
1151	273.394531	273.559896	F6	59	80	0
1152	273.395833	274.019531	F5	61	80	0
1153	273.425781	273.929688	C5	40	80	0
1154	273.438802	273.968750	A4	33	80	0
1155	274.252604	275.019531	C5	47	80	0
1156	274.263021	275.039062	A4	38	80	0
1157	274.305990	275.019531	F4	27	80	0
1158	274.614583	274.750000	F3	36	80	0
1159	274.730469	274.938802	F2	32	80	0
1160	274.865885	275.069010	F3	35	80	0
1161	275.477865	275.908854	C5	58	80	0
1162	275.516927	275.649740	F2	27	80	0
1163	275.533854	275.819010	A4	33	80	0
1164	275.536458	275.799479	F4	34	80	0
1165	276.005208	276.149740	F6	41	80	0
1166	276.083333	276.229167	F5	41	80	0
1167	276.220052	276.389323	F6	51	80	0
1168	276.234375	276.419271	F5	48	80	0
1169	276.246094	276.658854	E6	47	80	0
1170	276.252604	277.309896	E5	46	80	0
1171	276.276042	276.729167	Bb4	32	80	0
1172	276.298177	276.759115	G4	28	80	0
1173	277.010417	277.579427	C5	45	80	0
1174	277.035156	277.377604	Bb4	33	80	0
1175	277.054688	277.529948	G4	22	80	0
1176	277.770833	279.098958	F5	50	80	0
1177	277.816406	278.309896	A4	26	80	0
1178	277.822917	278.329427	F4	27	80	0
1179	278.579427	279.438802	C5	43	80	0
1180	278.595052	279.479167	A4	32	80	0
1181	278.644531	279.569010	F4	17	80	0
1182	278.962240	279.026042	F3	27	80	0
1183	279.054688	279.125000	F2	34	80	0
1184	279.174479	279.389323	F3	32	80	0
1185	279.820312	280.408854	C5	49	80	0
1186	279.847656	280.408854	A4	33	80	0
1187	279.886719	280.408854	F4	28	80	0
1188	280.337240	280.468750	F6	45	80	0
1189	280.433594	280.549479	F5	41	80	0
1190	280.562500	280.628906	F6	50	80	0
1191	280.562500	281.039062	F5	47	80	0
1192	280.565104	280.649740	E6	47	80	0
1193	280.566406	281.519531	E5	46	80	0
1194	280.582031	281.188802	Bb4	37	80	0
1195	280.619792	281.309896	G4	22	80	0
1196	281.347656	282.069010	C5	44	80	0
1197	281.402344	281.723958	Bb4	27	80	0
1198	281.406250	281.848958	G4	19	80	0
1199	282.050781	283.128906	F5	51	80	0
1200	282.097656	282.479167	A4	28	80	0
1201	282.098958	282.579427	F4	27	80	0
1202	282.747396	283.609375	C5	51	80	0
1203	282.782552	283.509115	A4	34	80	0
1204	282.812500	283.579427	F4	27	80	0
1205	283.179688	283.359375	F3	29	80	0
1206	283.273438	283.363281	F2	27	80	0
1207	283.412760	283.679688	F3	30	80	0
1208	284.005208	285.269531	A4	39	80	0
1209	284.023438	284.779948	F4	27	80	0
1210	284.063802	284.759115	C4	16	80	0
1211	284.421875	284.549479	F3	23	80	0
1212	284.532552	284.729167	F2	34	80	0
1213	284.704427	284.938802	F3	25	80	0
1214	285.253906	286.509115	F4	41	80	0
1215	285.282552	286.598958	C4	25	80	0
1216	285.316406	285.979167	A3	18	80	0
1217	285.664062	285.809896	F3	24	80	0
1218	285.779948	285.959635	F2	33	80	0
1219	285.934896	286.609375	F3	28	80	0
1220	286.519531	287.569010	F4	39	80	0
1221	287.147135	287.949219	E4	32	80	0
1222	287.783854	289.029948	F4	45	80	0
1223	287.787760	288.524740	Eb4	41	80	0
1224	288.397135	289.042969	D4	29	80	0
1225	288.714844	288.778646	G4	42	80	0
1226	288.863281	288.898438	A4	48	80	0
1227	289.007812	289.109375	Bb4	54	80	0
1228	289.066406	289.204427	Eb4	34	80	0
1229	289.070312	289.429688	C4	29	80	0
1230	289.144531	289.205729	C5	58	80	0
1231	289.296875	289.408854	D5	49	80	0
1232	289.446615	289.809896	Eb5	42	80	0
1233	289.691406	292.468750	F5	60	80	0
1234	289.756510	290.089844	Bb2	36	80	0
1235	290.333333	291.239583	Bb3	33	80	0
1236	290.936198	292.269531	Bb4	44	80	0
1237	290.979167	292.139323	F4	29	80	0
1238	290.984375	291.899740	D4	22	80	0
1239	291.653646	292.679688	Bb3	20	80	0
1240	292.082031	292.472656	D5	53	80	0
1241	292.364583	293.750000	Bb5	65	80	0
1242	292.417969	293.269531	G4	31	80	0
1243	292.444010	293.489583	Eb4	25	80	0
1244	293.042969	294.039062	Bb3	28	80	0
1245	293.442708	293.710938	G5	55	80	0
1246	293.670573	296.139323	F5	52	80	0
1247	293.734375	294.399740	F4	25	80	0
1248	293.734375	294.408854	D4	23	80	0
1249	294.325521	295.169271	Bb3	27	80	0
1250	294.886719	297.069010	Bb4	35	80	0
1251	294.898438	295.699219	F4	26	80	0
1252	294.924479	295.589844	D4	15	80	0
1253	295.535156	295.949219	Bb3	25	80	0
1254	295.889323	296.259115	D5	55	80	0
1255	296.173177	297.679688	Eb5	50	80	0
1256	296.231771	296.408854	Bb3	25	80	0
1257	296.238281	297.218750	G3	25	80	0
1258	296.882812	297.399740	Eb3	27	80	0
1259	296.912760	297.500000	G4	28	80	0
1260	297.391927	297.764323	C5	48	80	0
1261	297.665365	300.209635	Bb4	45	80	0
1262	297.703125	298.389323	F2	26	80	0
1263	298.321615	298.699219	D4	27	80	0
1264	298.321615	299.239583	F3	26	80	0
1265	298.964844	301.209635	F4	37	80	0
1266	298.992188	299.750000	D4	21	80	0
1267	299.015625	299.739583	Bb3	19	80	0
1268	299.546875	300.158854	F3	27	80	0
1269	300.126302	300.494792	D5	51	80	0
1270	300.170573	301.059896	A3	26	80	0
1271	300.171875	300.769531	F3	27	80	0
1272	300.175781	301.029948	C4	27	80	0
1273	300.467448	300.794271	C5	58	80	0
1274	300.766927	301.061198	Bb4	57	80	0
1275	300.774740	301.619792	F3	32	80	0
1276	301.050781	301.309896	C5	57	80	0
1277	301.472656	302.639323	C5	52	80	0
1278	301.484375	302.889323	A3	34	80	0
1279	301.502604	304.119792	Bb2	35	80	0
1280	301.503906	303.549479	F4	32	80	0
1281	302.164062	304.089844	F3	29	80	0
1282	302.562500	302.903646	C#5	49	80	0
1283	302.809896	303.769531	D5	43	80	0
1284	302.828125	304.149740	Bb3	27	80	0
1285	303.385417	304.098958	D3	39	80	0
1286	304.058594	304.769531	Eb3	36	80	0
1287	304.165365	304.214844	F4	47	80	0
1288	304.313802	304.361979	G4	47	80	0
1289	304.453125	304.492188	A4	50	80	0
1290	304.596354	304.649740	Bb4	50	80	0
1291	304.638021	305.313802	C3	31	80	0
1292	304.740885	304.794271	C5	56	80	0
1293	304.875000	304.921875	D5	50	80	0
1294	305.014323	305.302083	Eb5	52	80	0
1295	305.239583	308.059896	F5	55	80	0
1296	305.274740	305.878906	Bb2	32	80	0
1297	305.873698	306.759115	Bb3	32	80	0
1298	306.188802	306.688802	A4	35	80	0
1299	306.523438	310.029948	Bb4	45	80	0
1300	306.561198	307.500000	F4	27	80	0
1301	306.562500	307.229167	D4	29	80	0
1302	307.145833	307.929688	Bb3	32	80	0
1303	307.618490	308.049479	D5	49	80	0
1304	307.834635	309.319010	Bb5	61	80	0
1305	307.895833	308.709635	G4	27	80	0
1306	307.907552	309.049479	Eb4	26	80	0
1307	308.595052	309.559896	Bb3	22	80	0
1308	308.964844	309.250000	G5	45	80	0
1309	309.213542	311.889323	F5	49	80	0
1310	309.266927	310.149740	F4	25	80	0
1311	309.273438	309.938802	D4	25	80	0
1312	309.864583	310.539062	Bb3	27	80	0
1313	310.144531	310.628906	A4	39	80	0
1314	310.514323	311.789062	Bb4	42	80	0
1315	310.537760	311.158854	F4	25	80	0
1316	310.545573	311.049479	D4	23	80	0
1317	310.553385	310.819010	Bb3	25	80	0
1318	311.217448	312.309896	Bb3	19	80	0
1319	311.669271	312.289062	D5	49	80	0
1320	312.123698	312.779948	F5	57	80	0
1321	312.165365	312.959635	Bb4	32	80	0
1322	312.191406	312.519531	G4	23	80	0
1323	312.210938	313.000000	G3	19	80	0
1324	312.552083	313.419271	Eb5	51	80	0
1325	312.882812	313.598958	G4	39	80	0
1326	312.921875	313.628906	Eb3	31	80	0
1327	313.177083	313.683594	C5	55	80	0
1328	313.626302	315.869792	Bb4	51	80	0
1329	313.635417	314.348958	F3	29	80	0
1330	313.644531	314.049479	D4	28	80	0
1331	314.330729	314.989583	D4	27	80	0
1332	314.342448	314.989583	Bb3	23	80	0
1333	314.361979	316.109375	F3	19	80	0
1334	314.941406	315.679688	F4	40	80	0
1335	314.994792	315.259115	D4	20	80	0
1336	314.997396	315.250000	Bb3	21	80	0
1337	315.557292	315.878906	D4	33	80	0
1338	315.563802	315.899740	Bb3	31	80	0
1339	316.272135	319.709635	F4	63	80	0
1340	316.308594	317.509115	C4	45	80	0
1341	316.312500	317.000000	A3	44	80	0
1342	316.335938	317.829427	F2	31	80	0
1343	317.173177	317.869792	A3	37	80	0
1344	317.177083	318.239583	F3	34	80	0
1345	318.209635	319.679688	D4	27	80	0
1346	318.223958	319.699219	Bb3	23	80	0
1347	318.251302	319.319010	F3	21	80	0
1348	318.264323	318.829427	Bb2	23	80	0
1349	318.265625	318.799479	Bb1	22	80	0
1350	319.339844	319.449219	Bb2	21	80	0
1351	319.414062	319.609375	Bb1	25	80	0
1352	319.505208	319.661458	Bb2	29	80	0
1353	319.619792	319.989583	Bb1	24	80	0
1354	320.567708	320.739583	Bb2	21	80	0
1355	320.636719	322.799479	Bb1	26	80	0
1356	320.753906	322.848958	Bb2	30	80	0
1357	321.584635	322.049479	Bb3	37	80	0
1358	322.261719	323.658854	Bb3	38	80	0
1359	323.446615	323.579427	Bb2	18	80	0
1360	323.528646	324.649740	Bb1	28	80	0
1361	323.652344	324.039062	Bb2	27	80	0
1362	323.744792	325.718750	B3	46	80	0
1363	323.772135	326.119792	G#3	38	80	0
1364	323.776042	325.908854	D3	27	80	0
1365	324.809896	324.989583	Bb2	29	80	0
1366	324.897135	325.109375	Bb1	25	80	0
1367	324.996094	326.729167	Bb2	20	80	0
1368	325.121094	327.309896	Bb1	26	80	0
1369	325.733073	326.459635	B3	48	80	0
1370	326.467448	329.069010	B3	43	80	0
1371	327.545573	327.709635	Bb2	27	80	0
1372	327.623698	327.829427	Bb1	32	80	0
1373	327.718750	328.319010	Bb2	31	80	0
1374	327.811198	329.359375	D4	55	80	0
1375	327.833333	329.329427	G#3	40	80	0
1376	327.842448	328.419271	Bb1	35	80	0
1377	328.828125	328.919271	Bb2	32	80	0
1378	328.914062	329.079427	Bb1	29	80	0
1379	329.035156	329.329427	Bb2	31	80	0
1380	329.085938	329.869792	Bb1	34	80	0
1381	329.621094	330.049479	D4	55	80	0
1382	330.305990	331.848958	D4	47	80	0
1383	330.309896	330.639323	Bb1	32	80	0
1384	331.264323	331.399740	Bb2	29	80	0
1385	331.354167	332.259115	Bb1	33	80	0
1386	331.449219	331.989583	Bb2	21	80	0
1387	331.541667	332.438802	F4	57	80	0
1388	331.562500	332.169271	B3	48	80	0
1389	331.565104	332.158854	G#3	44	80	0
1390	332.420573	332.628906	Bb2	30	80	0
1391	332.536458	333.619792	Bb1	26	80	0
1392	332.643229	333.179688	Bb2	37	80	0
1393	332.645833	332.658854	Bb3	42	80	0
1394	332.662760	334.218750	G#4	63	80	0
1395	332.669271	333.759115	F4	47	80	0
1396	332.692708	333.408854	D4	38	80	0
1397	332.716146	333.559896	B3	29	80	0
1398	333.674479	334.789062	Bb2	32	80	0
1399	333.794271	334.628906	Bb1	31	80	0
1400	334.156250	337.079427	B4	73	80	0
1401	335.234375	335.479167	G#3	29	80	0
1402	335.334635	335.559896	Bb2	34	80	0
1403	335.492188	335.949219	G#3	19	80	0
1404	335.570312	336.309896	F4	36	80	0
1405	335.572917	336.029948	Bb2	31	80	0
1406	335.578125	335.929688	D4	31	80	0
1407	336.592448	337.769531	G#3	22	80	0
1408	336.714844	336.979167	Bb2	26	80	0
1409	336.985677	338.299479	Bb2	21	80	0
1410	337.035156	338.628906	Bb4	45	80	0
1411	337.083333	338.119792	F4	24	80	0
1412	337.092448	338.509115	D4	25	80	0
1413	337.734375	338.839844	G#4	40	80	0
1414	338.615885	340.158854	F#4	42	80	0
1415	339.720052	339.949219	Bb2	27	80	0
1416	339.816406	340.369792	Bb1	27	80	0
1417	339.959635	340.468750	Bb2	25	80	0
1418	340.061198	342.500000	G4	38	80	0
1419	340.100260	342.878906	Eb4	28	80	0
1420	340.118490	342.339844	Bb3	25	80	0
1421	340.949219	341.089844	Bb2	26	80	0
1422	341.054688	341.169271	Bb1	29	80	0
1423	341.192708	341.628906	Bb2	29	80	0
1424	341.315104	341.459635	Bb1	28	80	0
1425	341.942708	343.218750	Bb4	50	80	0
1426	342.854167	345.479167	Eb5	60	80	0
1427	343.786458	344.109375	Bb3	23	80	0
1428	343.877604	344.098958	Bb2	35	80	0
1429	344.110677	344.919271	Bb2	21	80	0
1430	344.122396	345.408854	Bb3	24	80	0
1431	344.164062	344.979167	A4	34	80	0
1432	344.167969	344.938802	F#4	29	80	0
1433	344.194010	345.039062	Eb4	25	80	0
1434	345.213542	345.438802	Bb2	24	80	0
1435	345.440104	346.579427	C5	49	80	0
1436	345.453125	347.029948	Bb2	24	80	0
1437	345.473958	347.128906	Eb4	27	80	0
1438	345.473958	347.069010	F#4	30	80	0
1439	346.089844	347.066406	A4	48	80	0
1440	346.854167	348.309896	C5	38	80	0
1441	347.846354	347.979167	Bb2	22	80	0
1442	347.906250	348.188802	Bb1	32	80	0
1443	348.027344	348.494792	Bb2	34	80	0
1444	348.157552	349.769531	Bb4	59	80	0
1445	348.180990	349.049479	F4	40	80	0
1446	348.192708	348.199219	D4	34	80	0
1447	348.195312	348.484375	Bb1	30	80	0
1448	348.200521	348.869792	Bb3	32	80	0
1449	349.184896	349.299479	Bb2	32	80	0
1450	349.307292	349.509115	Bb1	30	80	0
1451	349.415365	350.628906	Bb2	37	80	0
1452	349.515625	350.718750	Bb1	36	80	0
1453	349.554688	350.509115	G#4	38	80	0
1454	349.559896	350.319010	F4	38	80	0
1455	350.184896	350.709635	D5	59	80	0
1456	350.985677	352.049479	F5	59	80	0
1457	351.854167	353.729167	Eb5	67	80	0
1458	352.321615	352.425781	Bb3	23	80	0
1459	352.403646	352.455729	Bb2	37	80	0
1460	352.610677	353.399740	Bb4	51	80	0
1461	352.610677	353.589844	Bb2	35	80	0
1462	352.614583	353.250000	Bb3	41	80	0
1463	352.632812	353.218750	G4	39	80	0
1464	353.316406	354.500000	A4	63	80	0
1465	353.356771	354.378906	F#4	42	80	0
1466	353.674479	353.747396	Bb3	34	80	0
1467	353.795573	353.968750	Bb2	35	80	0
1468	353.915365	354.500000	Bb3	31	80	0
1469	354.035156	355.529948	Bb2	33	80	0
1470	354.194010	355.459635	C5	64	80	0
1471	354.205729	354.579427	Eb4	42	80	0
1472	355.075521	356.209635	A4	48	80	0
1473	355.101562	356.199219	F#4	37	80	0
1474	355.106771	355.899740	Eb4	36	80	0
1475	355.111979	355.500000	C4	30	80	0
1476	355.404948	355.688802	Bb3	26	80	0
1477	355.541667	355.819010	Bb2	38	80	0
1478	355.697917	356.009115	Bb3	37	80	0
1479	356.088542	359.468750	Bb4	48	80	0
1480	356.135417	357.500000	F4	37	80	0
1481	356.139323	359.049479	Bb3	37	80	0
1482	356.143229	360.240885	Bb2	37	80	0
1483	356.152344	357.459635	D3	34	80	0
1484	357.464844	357.799479	Eb3	37	80	0
1485	357.464844	357.699219	C3	37	80	0
1486	357.652344	359.329427	D3	33	80	0
1487	357.654948	359.408854	F3	32	80	0
1488	359.324219	360.468750	C3	29	80	0
1489	359.325521	360.378906	Eb3	26	80	0
1490	359.463542	359.579427	F4	42	80	0
1491	359.621094	359.662760	E4	34	80	0
1492	359.743490	359.787760	F4	51	80	0
1493	359.898438	360.000000	G4	41	80	0
1494	360.037760	360.097656	A4	45	80	0
1495	360.188802	360.274740	Bb4	43	80	0
1496	360.316406	360.649740	C5	45	80	0
1497	360.558594	361.759115	D5	47	80	0
1498	360.582031	361.899740	Bb4	36	80	0
1499	360.596354	360.809896	Bb3	29	80	0
1500	360.597656	363.359375	F4	30	80	0
1501	360.602865	361.799479	D3	28	80	0
1502	360.604167	361.809896	Bb2	28	80	0
1503	361.738281	362.169271	Eb5	47	80	0
1504	361.746094	362.069010	C5	43	80	0
1505	361.963542	363.718750	F5	50	80	0
1506	361.983073	363.169271	D5	38	80	0
1507	363.294271	364.709635	Eb5	46	80	0
1508	363.305990	364.688802	C5	42	80	0
1509	363.369792	364.649740	F4	15	80	0
1510	363.438802	363.535156	F3	36	80	0
1511	363.635417	363.703125	E3	37	80	0
1512	363.776042	363.878906	F3	31	80	0
1513	363.955729	364.023438	G3	34	80	0
1514	364.106771	364.154948	A3	39	80	0
1515	364.268229	364.429688	Bb3	36	80	0
1516	364.445312	364.665365	C4	37	80	0
1517	364.677083	367.158854	D5	43	80	0
1518	364.704427	366.339844	Bb4	37	80	0
1519	364.714844	365.759115	D4	31	80	0
1520	364.718750	365.809896	F4	28	80	0
1521	364.744792	365.989583	Bb3	26	80	0
1522	366.082031	366.343750	Eb4	35	80	0
1523	366.083333	366.309896	C4	30	80	0
1524	366.269531	367.250000	D4	27	80	0
1525	366.304688	370.209635	F4	28	80	0
1526	368.225260	371.019531	Bb1	27	80	0
1527	368.227865	368.339844	Bb2	26	80	0
1528	370.675781	375.000000	A1	27	80	0
1529	377.402344	378.509115	C6	51	80	0
1530	378.554688	378.653646	D6	55	80	0
1531	378.632812	378.687500	C6	47	80	0
1532	378.708333	378.785156	B5	45	80	0
1533	378.799479	378.945312	C6	54	80	0
1534	378.964844	379.264323	D6	56	80	0
1535	379.231771	379.878906	Eb6	46	80	0
1536	381.005208	382.500000	F#4	54	80	0
1537	381.033854	384.539062	Eb4	38	80	0
1538	381.058594	382.848958	C4	28	80	0
1539	381.061198	382.500000	Bb3	31	80	0
1540	382.954427	384.649740	F4	37	80	0
1541	383.011719	384.859375	A3	18	80	0
1542	385.526042	385.669271	G4	35	80	0
1543	385.628906	385.677083	F4	47	80	0
1544	385.707031	385.949219	E4	42	80	0
1545	385.804688	386.109375	F4	44	80	0
1546	385.865885	385.930990	G4	58	80	0
1547	385.945312	386.039062	A4	57	80	0
1548	386.011719	386.044271	Bb4	55	80	0
1549	386.071615	386.115885	C5	63	80	0
1550	386.134115	386.184896	D5	62	80	0
1551	386.201823	386.253906	Eb5	57	80	0
1552	386.279948	386.359375	F5	61	80	0
1553	386.328125	386.404948	G5	66	80	0
1554	386.407552	386.509115	A5	68	80	0
1555	386.462240	386.549479	Bb5	68	80	0
1556	386.548177	387.218750	C6	69	80	0
1557	387.324219	387.391927	D6	56	80	0
1558	387.385417	387.429688	C6	62	80	0
1559	387.445312	387.569010	B5	61	80	0
1560	387.526042	387.675781	C6	70	80	0
1561	387.682292	387.906250	D6	74	80	0
1562	387.872396	388.378906	Eb6	68	80	0
1563	389.269531	390.769531	Eb5	76	80	0
1564	389.294271	390.878906	C5	58	80	0
1565	389.319010	390.908854	A4	44	80	0
1566	389.324219	390.089844	C4	42	80	0
1567	389.324219	390.109375	Eb4	41	80	0
1568	389.343750	390.449219	F#3	29	80	0
1569	390.796875	391.688802	D5	46	80	0
1570	390.805990	391.472656	Bb4	39	80	0
1571	390.813802	391.598958	D4	32	80	0
1572	390.861979	391.628906	Bb3	29	80	0
1573	390.863281	391.729167	G3	24	80	0
1574	392.130208	394.179688	G5	82	80	0
1575	392.955729	393.149740	C#4	58	80	0
1576	392.957031	393.063802	Bb3	56	80	0
1577	392.958333	393.054688	E3	53	80	0
1578	393.783854	394.218750	C#5	63	80	0
1579	393.785156	394.169271	Bb4	58	80	0
1580	393.792969	394.042969	G4	50	80	0
1581	395.545573	399.009115	F5	65	80	0
1582	396.401042	396.665365	D4	28	80	0
1583	396.401042	396.688802	Bb3	32	80	0
1584	396.404948	396.709635	F3	28	80	0
1585	397.182292	397.473958	Bb4	40	80	0
1586	397.188802	397.463542	D5	39	80	0
1587	397.222656	397.444010	F4	34	80	0
1588	397.988281	398.919271	F2	28	80	0
1589	397.992188	398.329427	F1	32	80	0
1590	398.765625	399.839844	A4	37	80	0
1591	398.799479	399.869792	Eb4	28	80	0
1592	399.460938	400.149740	F2	31	80	0
1593	399.464844	399.899740	F3	28	80	0
1594	400.317708	400.929688	Bb4	40	80	0
1595	400.341146	400.750000	D4	29	80	0
1596	400.350260	404.359375	Bb2	35	80	0
1597	400.350260	400.809896	Bb3	33	80	0
1598	400.352865	404.589844	Bb1	36	80	0
1599	401.274740	401.699219	F5	47	80	0
1600	401.347656	401.649740	F4	24	80	0
1601	401.996094	402.509115	D5	46	80	0
1602	402.054688	402.679688	D4	27	80	0
1603	402.640625	403.438802	B4	51	80	0
1604	402.700521	403.299479	B3	37	80	0
1605	403.291667	403.789062	Bb4	61	80	0
1606	403.324219	403.649740	Bb3	35	80	0
1607	403.934896	404.759115	G#4	56	80	0
1608	403.986979	404.299479	G#3	36	80	0
1609	403.990885	404.269531	Bb3	35	80	0
1610	404.640625	405.569010	G4	54	80	0
1611	404.679688	407.500000	Bb1	38	80	0
1612	404.683594	405.468750	Bb2	34	80	0
1613	404.684896	405.829427	G3	30	80	0
1614	405.430990	406.188802	Bb4	53	80	0
1615	405.473958	406.229167	Bb3	32	80	0
1616	405.473958	408.468750	Bb2	25	80	0
1617	406.083333	407.019531	Eb4	48	80	0
1618	406.118490	406.829427	Eb3	30	80	0
1619	406.731771	407.569010	G4	45	80	0
1620	406.755208	407.299479	G3	29	80	0
1621	407.384115	408.628906	C3	32	80	0
1622	407.384115	408.269531	C4	34	80	0
1623	408.027344	408.688802	F4	44	80	0
1624	408.041667	408.489583	F3	34	80	0
1625	408.424479	408.963542	Eb4	45	80	0
1626	408.433594	408.979167	Eb3	38	80	0
1627	408.864583	412.500000	Bb2	34	80	0
1628	408.867188	412.079427	D3	32	80	0
1629	408.876302	409.109375	D4	32	80	0
1630	409.575521	410.399740	F4	51	80	0
1631	410.204427	412.158854	D4	43	80	0
1632	410.834635	411.589844	D5	61	80	0
1633	410.855469	412.319010	B3	43	80	0
1634	411.513021	412.639323	Bb3	40	80	0
1635	412.122396	412.196615	D5	48	80	0
1636	412.154948	412.848958	G#3	40	80	0
1637	412.223958	412.279948	Eb5	42	80	0
1638	412.312500	412.429688	D5	52	80	0
1639	412.395833	412.486979	Eb5	46	80	0
1640	412.503906	412.649740	D5	43	80	0
1641	412.541667	412.643229	C5	45	80	0
1642	412.662760	413.029948	D5	52	80	0
1643	412.856771	413.799479	F5	55	80	0
1644	412.890625	416.848958	Bb2	37	80	0
1645	412.890625	414.329427	G3	35	80	0
1646	413.039062	413.089844	D5	33	80	0
1647	413.074219	413.079427	Bb4	27	80	0
1648	413.641927	414.589844	Eb5	43	80	0
1649	413.686198	416.319010	Bb3	27	80	0
1650	414.295573	415.389323	Eb3	34	80	0
1651	414.970052	416.049479	Eb5	40	80	0
1652	414.970052	416.000000	G3	33	80	0
1653	415.654948	416.669271	C3	23	80	0
1654	416.285156	416.372396	A4	40	80	0
1655	416.294271	417.158854	F3	28	80	0
1656	416.415365	416.479167	Bb4	40	80	0
1657	416.519531	416.582031	A4	41	80	0
1658	416.614583	416.729167	Bb4	43	80	0
1659	416.654948	417.169271	Eb3	32	80	0
1660	416.705729	416.756510	A4	44	80	0
1661	416.794271	416.872396	G4	39	80	0
1662	416.915365	417.259115	A4	42	80	0
1663	417.088542	418.209635	Bb4	38	80	0
1664	417.104167	417.718750	Bb3	33	80	0
1665	417.114583	418.359375	Bb2	32	80	0
1666	417.115885	417.959635	D3	29	80	0
1667	417.759115	418.699219	F3	25	80	0
1668	418.114583	418.683594	A4	49	80	0
1669	418.126302	418.628906	Eb3	32	80	0
1670	418.535156	419.628906	Bb4	52	80	0
1671	418.562500	419.750000	D3	36	80	0
1672	418.574219	418.959635	F4	36	80	0
1673	418.583333	419.279948	Bb3	35	80	0
1674	418.583333	419.839844	Bb2	34	80	0
1675	419.234375	420.119792	F3	35	80	0
1676	419.562500	420.136719	C5	60	80	0
1677	419.572917	420.029948	A4	48	80	0
1678	419.605469	420.089844	Eb3	33	80	0
1679	420.016927	420.979167	D5	53	80	0
1680	420.033854	420.938802	Bb4	45	80	0
1681	420.035156	420.816406	D3	35	80	0
1682	420.045573	420.139323	Bb3	34	80	0
1683	420.048177	421.679688	Bb2	36	80	0
1684	420.773438	421.509115	F3	36	80	0
1685	421.265625	422.149740	A5	62	80	0
1686	421.320312	421.619792	C5	35	80	0
1687	421.325521	422.119792	Eb3	28	80	0
1688	421.937500	423.579427	Bb5	57	80	0
1689	421.975260	423.429688	Bb2	27	80	0
1690	421.979167	423.309896	D3	25	80	0
1691	421.984375	422.789062	D5	31	80	0
1692	423.184896	424.769531	D6	52	80	0
1693	424.221354	424.549479	C6	51	80	0
1694	424.561198	427.500000	C6	43	80	0
1695	427.796875	429.709635	Bb5	35	80	0
1696	429.424479	431.149740	Bb1	20	80	0
1697	429.425781	429.779948	Bb2	21	80	0
#SusPed	0.295573	95	0
#SusPed	4.699219	0	0
#SusPed	4.710938	96	0
#SusPed	5.119792	0	0
#SusPed	5.125000	77	0
#SusPed	5.438802	0	0
#SusPed	5.704427	95	0
#SusPed	5.889323	0	0
#SusPed	5.903646	72	0
#SusPed	6.158854	0	0
#SusPed	6.171875	78	0
#SusPed	7.229167	0	0
#SusPed	7.243490	59	0
#SusPed	7.549479	0	0
#SusPed	7.563802	59	0
#SusPed	8.809896	0	0
#SusPed	8.815104	95	0
#SusPed	8.989583	0	0
#SusPed	9.000000	93	0
#SusPed	10.809896	0	0
#SusPed	10.817708	70	0
#SusPed	11.378906	0	0
#SusPed	11.389323	56	0
#SusPed	12.139323	0	0
#SusPed	12.153646	83	0
#SusPed	14.718750	0	0
#SusPed	14.731771	64	0
#SusPed	15.399740	0	0
#SusPed	15.404948	75	0
#SusPed	16.359375	0	0
#SusPed	16.368490	73	0
#SusPed	16.848958	0	0
#SusPed	16.855469	84	0
#SusPed	17.989583	0	0
#SusPed	18.003906	60	0
#SusPed	18.539062	0	0
#SusPed	18.554688	70	0
#SusPed	20.188802	0	0
#SusPed	20.196615	65	0
#SusPed	20.899740	0	0
#SusPed	20.912760	67	0
#SusPed	22.769531	0	0
#SusPed	22.774740	88	0
#SusPed	22.949219	0	0
#SusPed	22.963542	86	0
#SusPed	23.069010	0	0
#SusPed	23.083333	79	0
#SusPed	23.250000	0	0
#SusPed	23.261719	68	0
#SusPed	24.069010	0	0
#SusPed	24.074219	62	0
#SusPed	24.889323	0	0
#SusPed	24.897135	70	0
#SusPed	25.408854	0	0
#SusPed	25.415365	55	0
#SofPed	25.722656	87	0
#SusPed	26.250000	0	0
#SofPed	26.250000	0	0
#SofPed	26.256510	105	0
#SusPed	26.264323	85	0
#SusPed	26.289062	0	0
#SusPed	26.303385	90	0
#SusPed	28.299479	0	0
#SusPed	28.311198	71	0
#SusPed	28.769531	0	0
#SusPed	28.779948	72	0
#SusPed	29.789062	0	0
#SusPed	29.796875	79	0
#SusPed	30.408854	0	0
#SusPed	30.423177	66	0
#SusPed	30.639323	0	0
#SusPed	30.647135	67	0
#SusPed	31.128906	0	0
#SusPed	31.144531	74	0
#SusPed	31.408854	0	0
#SusPed	31.424479	72	0
#SusPed	31.839844	0	0
#SusPed	31.846354	74	0
#SusPed	32.049479	0	0
#SusPed	32.054688	72	0
#SofPed	32.259115	0	0
#SusPed	32.609375	0	0
#SusPed	32.622396	91	0
#SusPed	32.779948	0	0
#SusPed	32.786458	75	0
#SusPed	32.949219	0	0
#SusPed	32.954427	79	0
#SusPed	33.399740	0	0
#SusPed	33.406250	60	0
#SusPed	33.799479	0	0
#SusPed	33.805990	65	0
#SusPed	34.329427	0	0
#SusPed	34.335938	101	0
#SusPed	34.389323	0	0
#SusPed	34.398438	97	0
#SusPed	34.500000	0	0
#SusPed	34.506510	65	0
#SusPed	34.649740	0	0
#SusPed	35.041667	70	0
#SusPed	36.119792	0	0
#SusPed	36.132812	74	0
#SusPed	36.799479	0	0
#SusPed	36.807292	52	0
#SusPed	37.378906	0	0
#SusPed	37.385417	84	0
#SusPed	38.169271	0	0
#SusPed	38.179688	68	0
#SusPed	38.688802	0	0
#SusPed	38.695312	78	0
#SusPed	39.539062	0	0
#SusPed	39.544271	71	0
#SusPed	40.209635	0	0
#SusPed	40.214844	71	0
#SusPed	42.649740	0	0
#SusPed	42.656250	69	0
#SusPed	42.759115	0	0
#SusPed	42.766927	53	0
#SusPed	43.229167	0	0
#SusPed	43.236979	76	0
#SusPed	43.449219	0	0
#SusPed	43.460938	63	0
#SusPed	43.688802	0	0
#SusPed	43.699219	60	0
#SusPed	44.119792	0	0
#SusPed	44.131510	68	0
#SofPed	44.395833	73	0
#SofPed	44.408854	0	0
#SusPed	45.000000	0	0
#SusPed	45.014323	87	0
#SusPed	46.789062	0	0
#SusPed	46.803385	71	0
#SusPed	47.158854	0	0
#SusPed	47.170573	65	0
#SusPed	48.188802	0	0
#SusPed	48.195312	66	0
#SusPed	48.679688	0	0
#SusPed	48.692708	89	0
#SusPed	50.669271	0	0
#SusPed	50.677083	73	0
#SusPed	50.889323	0	0
#SusPed	50.899740	62	0
#SusPed	50.979167	0	0
#SusPed	50.984375	74	0
#SofPed	51.234375	32	0
#SusPed	52.089844	0	0
#SusPed	52.095052	78	0
#SofPed	52.459635	0	0
#SusPed	52.609375	0	0
#SusPed	52.618490	67	0
#SusPed	52.789062	0	0
#SusPed	52.796875	64	0
#SusPed	55.438802	0	0
#SusPed	55.444010	69	0
#SusPed	55.869792	0	0
#SusPed	55.880208	76	0
#SusPed	56.459635	0	0
#SusPed	56.467448	102	0
#SusPed	56.679688	0	0
#SusPed	56.690104	71	0
#SusPed	57.049479	0	0
#SusPed	57.054688	87	0
#SusPed	58.009115	0	0
#SusPed	58.018229	88	0
#SusPed	59.199219	0	0
#SusPed	59.204427	92	0
#SusPed	59.309896	0	0
#SusPed	59.321615	63	0
#SusPed	59.489583	0	0
#SusPed	59.502604	61	0
#SusPed	60.509115	0	0
#SusPed	60.515625	72	0
#SusPed	60.739583	0	0
#SusPed	60.748698	76	0
#SusPed	61.718750	0	0
#SusPed	61.725260	63	0
#SusPed	62.019531	0	0
#SusPed	62.031250	60	0
#SusPed	62.229167	0	0
#SusPed	62.244792	88	0
#SusPed	62.979167	0	0
#SusPed	62.992188	95	0
#SusPed	63.169271	0	0
#SusPed	63.174479	81	0
#SusPed	63.419271	0	0
#SusPed	63.433594	65	0
#SusPed	63.639323	0	0
#SusPed	63.648438	77	0
#SusPed	63.750000	0	0
#SusPed	64.433594	65	0
#SusPed	65.908854	0	0
#SusPed	65.915365	70	0
#SusPed	66.039062	0	0
#SusPed	66.378906	78	0
#SofPed	66.524740	78	0
#SofPed	66.809896	0	0
#SofPed	66.820312	79	0
#SofPed	66.878906	0	0
#SofPed	66.888021	84	0
#SofPed	67.029948	0	0
#SofPed	67.036458	80	0
#SusPed	67.089844	0	0
#SusPed	67.096354	57	0
#SusPed	67.438802	0	0
#SusPed	67.453125	65	0
#SusPed	68.128906	0	0
#SusPed	68.135417	56	0
#SusPed	68.589844	0	0
#SusPed	68.601562	63	0
#SusPed	68.889323	0	0
#SusPed	68.898438	57	0
#SusPed	69.559896	0	0
#SusPed	69.571615	60	0
#SusPed	69.819010	0	0
#SusPed	69.828125	56	0
#SusPed	70.279948	0	0
#SusPed	70.290365	60	0
#SusPed	71.049479	0	0
#SusPed	71.063802	50	0
#SusPed	71.908854	0	0
#SusPed	71.921875	69	0
#SofPed	73.039062	0	0
#SusPed	73.229167	0	0
#SusPed	73.242188	68	0
#SusPed	73.459635	0	0
#SusPed	73.471354	78	0
#SusPed	73.709635	0	0
#SusPed	73.716146	73	0
#SusPed	73.859375	0	0
#SusPed	73.873698	73	0
#SusPed	74.598958	0	0
#SusPed	74.611979	70	0
#SusPed	74.919271	0	0
#SusPed	74.924479	81	0
#SusPed	75.729167	0	0
#SusPed	75.738281	65	0
#SusPed	75.889323	0	0
#SusPed	75.894531	80	0
#SusPed	76.979167	0	0
#SusPed	76.993490	62	0
#SusPed	77.259115	0	0
#SusPed	77.273438	62	0
#SusPed	78.109375	0	0
#SusPed	78.115885	68	0
#SusPed	78.309896	0	0
#SusPed	78.320312	61	0
#SusPed	79.209635	0	0
#SusPed	79.223958	46	0
#SusPed	79.539062	0	0
#SusPed	79.545573	74	0
#SusPed	80.438802	0	0
#SusPed	80.453125	65	0
#SusPed	80.829427	0	0
#SusPed	80.838542	54	0
#SusPed	81.598958	0	0
#SusPed	81.613281	56	0
#SusPed	81.739583	0	0
#SusPed	81.747396	69	0
#SusPed	83.239583	0	0
#SusPed	83.247396	68	0
#SusPed	83.419271	0	0
#SusPed	83.432292	64	0
#SusPed	84.750000	0	0
#SusPed	84.760417	60	0
#SusPed	84.938802	0	0
#SusPed	84.946615	59	0
#SusPed	85.529948	0	0
#SusPed	85.535156	62	0
#SusPed	85.979167	0	0
#SusPed	85.992188	65	0
#SusPed	86.989583	0	0
#SusPed	87.002604	63	0
#SusPed	87.369792	0	0
#SusPed	87.377604	73	0
#SusPed	88.039062	0	0
#SusPed	88.044271	66	0
#SusPed	88.449219	0	0
#SusPed	88.455729	68	0
#SusPed	89.119792	0	0
#SusPed	89.126302	66	0
#SusPed	89.269531	0	0
#SusPed	89.274740	61	0
#SusPed	89.899740	0	0
#SusPed	89.912760	69	0
#SusPed	90.179688	0	0
#SusPed	90.184896	75	0
#SusPed	90.619792	0	0
#SusPed	90.627604	83	0
#SusPed	90.848958	0	0
#SusPed	90.855469	66	0
#SusPed	91.149740	0	0
#SusPed	91.162760	66	0
#SusPed	92.098958	0	0
#SusPed	92.106771	66	0
#SusPed	92.289062	0	0
#SusPed	92.302083	71	0
#SusPed	93.158854	0	0
#SusPed	93.171875	65	0
#SusPed	93.579427	0	0
#SusPed	93.589844	69	0
#SusPed	94.449219	0	0
#SusPed	94.458333	53	0
#SusPed	94.779948	0	0
#SusPed	94.786458	73	0
#SusPed	95.199219	0	0
#SusPed	95.205729	61	0
#SusPed	95.378906	0	0
#SusPed	95.384115	73	0
#SusPed	96.009115	0	0
#SusPed	96.015625	66	0
#SusPed	96.589844	0	0
#SusPed	96.601562	84	0
#SusPed	96.759115	0	0
#SusPed	96.764323	70	0
#SusPed	97.279948	0	0
#SusPed	97.285156	58	0
#SusPed	97.539062	0	0
#SusPed	97.545573	67	0
#SusPed	97.848958	0	0
#SusPed	97.856771	79	0
#SusPed	98.289062	0	0
#SusPed	98.295573	77	0
#SofPed	98.402344	106	0
#SofPed	98.408854	0	0
#SusPed	98.759115	0	0
#SusPed	98.770833	86	0
#SusPed	99.059896	0	0
#SusPed	99.074219	63	0
#SofPed	99.093750	106	0
#SusPed	99.259115	0	0
#SusPed	99.270833	64	0
#SofPed	99.419271	0	0
#SofPed	99.430990	108	0
#SusPed	99.669271	0	0
#SusPed	99.680990	71	0
#SusPed	100.269531	0	0
#SusPed	100.279948	74	0
#SusPed	100.500000	0	0
#SusPed	100.507812	64	0
#SusPed	101.559896	0	0
#SusPed	101.569010	78	0
#SusPed	101.859375	0	0
#SusPed	101.872396	63	0
#SusPed	102.709635	0	0
#SusPed	102.718750	71	0
#SusPed	102.949219	0	0
#SusPed	102.963542	81	0
#SusPed	103.929688	0	0
#SusPed	103.940104	81	0
#SusPed	104.079427	0	0
#SusPed	104.092448	67	0
#SusPed	104.589844	0	0
#SusPed	104.598958	70	0
#SusPed	104.799479	0	0
#SusPed	104.804688	70	0
#SusPed	105.408854	0	0
#SusPed	105.417969	66	0
#SofPed	105.429688	0	0
#SusPed	106.468750	0	0
#SusPed	106.475260	71	0
#SusPed	106.669271	0	0
#SusPed	106.682292	75	0
#SusPed	107.229167	0	0
#SusPed	107.243490	75	0
#SusPed	107.908854	0	0
#SusPed	107.915365	71	0
#SusPed	108.119792	0	0
#SusPed	108.134115	67	0
#SofPed	108.507812	52	0
#SusPed	108.658854	0	0
#SusPed	108.670573	81	0
#SofPed	108.688802	0	0
#SofPed	108.703125	60	0
#SofPed	109.229167	0	0
#SofPed	109.236979	102	0
#SusPed	109.500000	0	0
#SusPed	109.505208	64	0
#SusPed	109.799479	0	0
#SusPed	109.812500	63	0
#SusPed	110.389323	0	0
#SusPed	110.401042	59	0
#SusPed	110.669271	0	0
#SusPed	110.683594	69	0
#SusPed	110.809896	0	0
#SusPed	110.821615	64	0
#SusPed	112.319010	0	0
#SusPed	112.324219	67	0
#SusPed	112.569010	0	0
#SusPed	112.574219	73	0
#SusPed	113.039062	0	0
#SusPed	113.050781	63	0
#SusPed	113.229167	0	0
#SusPed	113.236979	79	0
#SusPed	113.739583	0	0
#SusPed	113.744792	63	0
#SusPed	114.059896	0	0
#SusPed	114.066406	77	0
#SusPed	114.658854	0	0
#SusPed	114.665365	71	0
#SusPed	114.959635	0	0
#SusPed	114.966146	60	0
#SusPed	115.139323	0	0
#SusPed	115.152344	66	0
#SofPed	115.239583	0	0
#SusPed	115.759115	0	0
#SusPed	115.773438	71	0
#SusPed	115.949219	0	0
#SusPed	115.954427	72	0
#SusPed	116.549479	0	0
#SusPed	116.554688	64	0
#SusPed	116.628906	0	0
#SusPed	116.803385	72	0
#SusPed	117.299479	0	0
#SusPed	117.304688	67	0
#SusPed	117.549479	0	0
#SusPed	117.558594	73	0
#SusPed	118.019531	0	0
#SusPed	118.033854	67	0
#SusPed	118.109375	0	0
#SusPed	118.277344	74	0
#SusPed	118.759115	0	0
#SusPed	118.766927	77	0
#SusPed	119.009115	0	0
#SusPed	119.023438	59	0
#SusPed	119.289062	0	0
#SusPed	119.303385	66	0
#SusPed	119.859375	0	0
#SusPed	119.869792	57	0
#SusPed	120.079427	0	0
#SusPed	120.085938	60	0
#SusPed	120.519531	0	0
#SusPed	120.526042	74	0
#SusPed	121.059896	0	0
#SusPed	121.071615	57	0
#SusPed	121.438802	0	0
#SusPed	121.450521	59	0
#SusPed	121.669271	0	0
#SusPed	121.682292	68	0
#SusPed	121.709635	0	0
#SusPed	121.714844	70	0
#SusPed	122.899740	0	0
#SusPed	122.908854	64	0
#SusPed	123.598958	0	0
#SusPed	123.613281	59	0
#SusPed	124.089844	0	0
#SusPed	124.097656	64	0
#SusPed	124.489583	0	0
#SusPed	124.500000	61	0
#SusPed	124.589844	0	0
#SusPed	124.595052	58	0
#SusPed	124.639323	0	0
#SusPed	124.652344	57	0
#SusPed	124.729167	0	0
#SusPed	124.735677	55	0
#SusPed	124.859375	0	0
#SusPed	124.871094	57	0
#SusPed	124.989583	0	0
#SusPed	124.997396	64	0
#SusPed	125.378906	0	0
#SusPed	125.391927	64	0
#SusPed	125.628906	0	0
#SusPed	125.643229	60	0
#SusPed	127.829427	0	0
#SusPed	127.842448	63	0
#SusPed	128.098958	0	0
#SusPed	128.114583	65	0
#SusPed	129.169271	0	0
#SusPed	129.183594	61	0
#SusPed	129.449219	0	0
#SusPed	129.459635	61	0
#SusPed	130.348958	0	0
#SusPed	130.361979	72	0
#SusPed	131.589844	0	0
#SusPed	131.600260	66	0
#SusPed	132.049479	0	0
#SusPed	132.054688	81	0
#SusPed	132.839844	0	0
#SusPed	132.850260	68	0
#SusPed	133.229167	0	0
#SusPed	133.234375	70	0
#SusPed	135.079427	0	0
#SusPed	135.093750	73	0
#SusPed	135.348958	0	0
#SusPed	135.363281	62	0
#SusPed	135.938802	0	0
#SusPed	135.950521	82	0
#SusPed	136.468750	0	0
#SusPed	136.473958	69	0
#SusPed	136.848958	0	0
#SusPed	136.863281	85	0
#SusPed	137.750000	0	0
#SusPed	137.756510	65	0
#SusPed	138.059896	0	0
#SusPed	138.070312	61	0
#SusPed	138.229167	0	0
#SusPed	138.243490	78	0
#SusPed	138.899740	0	0
#SusPed	138.907552	67	0
#SusPed	139.438802	0	0
#SusPed	139.445312	52	0
#SofPed	139.638021	63	0
#SofPed	139.759115	0	0
#SofPed	139.770833	63	0
#SofPed	139.959635	0	0
#SofPed	139.966146	55	0
#SusPed	140.229167	0	0
#SusPed	140.235677	61	0
#SusPed	141.408854	0	0
#SusPed	141.421875	68	0
#SusPed	141.669271	0	0
#SusPed	141.679688	73	0
#SusPed	142.628906	0	0
#SusPed	142.636719	75	0
#SusPed	142.859375	0	0
#SusPed	142.873698	53	0
#SusPed	143.878906	0	0
#SusPed	143.889323	69	0
#SusPed	144.109375	0	0
#SusPed	144.118490	69	0
#SusPed	145.279948	0	0
#SusPed	145.285156	71	0
#SusPed	145.598958	0	0
#SusPed	145.614583	81	0
#SofPed	145.968750	0	0
#SusPed	146.579427	0	0
#SusPed	146.591146	68	0
#SusPed	146.848958	0	0
#SusPed	146.855469	66	0
#SusPed	147.279948	0	0
#SusPed	147.294271	74	0
#SusPed	147.408854	0	0
#SusPed	147.414062	59	0
#SusPed	148.059896	0	0
#SusPed	148.072917	67	0
#SusPed	148.329427	0	0
#SusPed	148.334635	67	0
#SusPed	150.750000	0	0
#SusPed	150.764323	67	0
#SusPed	151.029948	0	0
#SusPed	151.040365	71	0
#SusPed	152.259115	0	0
#SusPed	152.266927	62	0
#SusPed	152.628906	0	0
#SusPed	152.634115	75	0
#SofPed	152.914062	71	0
#SusPed	153.329427	0	0
#SusPed	153.337240	65	0
#SusPed	153.669271	0	0
#SusPed	153.674479	64	0
#SusPed	154.109375	0	0
#SusPed	154.119792	60	0
#SusPed	154.459635	0	0
#SusPed	154.473958	51	0
#SusPed	154.598958	0	0
#SusPed	154.604167	52	0
#SusPed	154.819010	0	0
#SusPed	154.824219	78	0
#SusPed	155.429688	0	0
#SusPed	155.434896	92	0
#SusPed	155.729167	0	0
#SusPed	155.738281	97	0
#SusPed	156.128906	0	0
#SusPed	156.141927	78	0
#SusPed	156.539062	0	0
#SusPed	156.548177	100	0
#SofPed	157.500000	0	0
#SusPed	157.809896	0	0
#SusPed	157.819010	62	0
#SusPed	158.039062	0	0
#SusPed	158.046875	56	0
#SusPed	159.429688	0	0
#SusPed	159.444010	67	0
#SusPed	159.589844	0	0
#SusPed	159.595052	72	0
#SusPed	160.139323	0	0
#SusPed	160.145833	66	0
#SusPed	160.429688	0	0
#SusPed	160.437500	61	0
#SusPed	160.688802	0	0
#SusPed	160.699219	70	0
#SusPed	161.429688	0	0
#SusPed	161.438802	55	0
#SusPed	161.750000	0	0
#SusPed	161.763021	69	0
#SusPed	162.539062	0	0
#SusPed	162.549479	52	0
#SusPed	162.628906	0	0
#SusPed	162.643229	60	0
#SusPed	163.109375	0	0
#SusPed	163.123698	86	0
#SusPed	163.809896	0	0
#SusPed	163.821615	58	0
#SusPed	165.039062	0	0
#SusPed	165.049479	65	0
#SusPed	165.250000	0	0
#SusPed	165.263021	40	0
#SusPed	165.359375	0	0
#SusPed	165.364583	50	0
#SusPed	166.128906	0	0
#SusPed	166.141927	72	0
#SusPed	166.789062	0	0
#SusPed	166.802083	66	0
#SusPed	166.979167	0	0
#SusPed	166.990885	74	0
#SusPed	167.509115	0	0
#SusPed	167.516927	63	0
#SusPed	167.669271	0	0
#SusPed	167.684896	76	0
#SusPed	168.299479	0	0
#SusPed	168.305990	82	0
#SusPed	168.569010	0	0
#SusPed	168.583333	77	0
#SusPed	168.718750	0	0
#SusPed	168.734375	79	0
#SusPed	169.438802	0	0
#SusPed	169.445312	68	0
#SusPed	169.729167	0	0
#SusPed	169.742188	58	0
#SusPed	169.899740	0	0
#SusPed	169.906250	59	0
#SusPed	170.049479	0	0
#SusPed	170.057292	56	0
#SusPed	170.259115	0	0
#SusPed	170.266927	58	0
#SusPed	170.419271	0	0
#SusPed	170.430990	49	0
#SusPed	170.919271	0	0
#SusPed	170.930990	52	0
#SusPed	171.329427	0	0
#SusPed	171.339844	64	0
#SusPed	171.839844	0	0
#SusPed	171.851562	76	0
#SusPed	173.859375	0	0
#SusPed	173.864583	71	0
#SusPed	176.309896	0	0
#SusPed	176.320312	65	0
#SusPed	176.529948	0	0
#SusPed	176.535156	56	0
#SusPed	176.878906	0	0
#SusPed	176.893229	62	0
#SusPed	177.359375	0	0
#SusPed	177.367188	61	0
#SusPed	177.769531	0	0
#SusPed	177.781250	76	0
#SofPed	178.084635	71	0
#SofPed	178.279948	0	0
#SofPed	178.286458	54	0
#SusPed	179.139323	0	0
#SusPed	179.153646	72	0
#SusPed	179.359375	0	0
#SusPed	179.365885	65	0
#SusPed	180.500000	0	0
#SusPed	180.511719	73	0
#SofPed	180.848958	0	0
#SusPed	180.938802	0	0
#SusPed	180.950521	73	0
#SusPed	181.679688	0	0
#SusPed	181.690104	70	0
#SusPed	182.000000	0	0
#SusPed	182.005208	62	0
#SusPed	182.859375	0	0
#SusPed	182.872396	77	0
#SusPed	183.049479	0	0
#SusPed	183.063802	76	0
#SusPed	184.438802	0	0
#SusPed	184.446615	69	0
#SusPed	184.729167	0	0
#SusPed	184.743490	81	0
#SusPed	184.779948	0	0
#SusPed	184.786458	85	0
#SusPed	184.989583	0	0
#SusPed	185.002604	95	0
#SusPed	185.519531	0	0
#SusPed	185.533854	71	0
#SusPed	185.699219	0	0
#SusPed	185.914062	83	0
#SofPed	186.154948	82	0
#SusPed	186.799479	0	0
#SusPed	186.804688	71	0
#SusPed	186.949219	0	0
#SusPed	186.958333	69	0
#SusPed	187.169271	0	0
#SusPed	187.182292	67	0
#SusPed	187.438802	0	0
#SusPed	187.445312	85	0
#SusPed	188.188802	0	0
#SusPed	188.203125	88	0
#SusPed	188.529948	0	0
#SusPed	188.541667	63	0
#SusPed	188.859375	0	0
#SusPed	188.865885	52	0
#SusPed	189.750000	0	0
#SusPed	189.753906	56	0
#SusPed	190.218750	0	0
#SusPed	190.231771	75	0
#SusPed	191.019531	0	0
#SusPed	191.024740	73	0
#SofPed	192.158854	0	0
#SusPed	192.188802	0	0
#SusPed	192.196615	64	0
#SusPed	192.279948	0	0
#SusPed	192.292969	74	0
#SusPed	192.569010	0	0
#SusPed	192.576823	66	0
#SusPed	192.769531	0	0
#SusPed	192.781250	78	0
#SusPed	193.769531	0	0
#SusPed	193.779948	69	0
#SusPed	194.259115	0	0
#SusPed	194.268229	89	0
#SusPed	195.009115	0	0
#SusPed	195.022135	93	0
#SusPed	195.218750	0	0
#SusPed	195.226562	78	0
#SusPed	195.669271	0	0
#SusPed	195.679688	63	0
#SusPed	196.829427	0	0
#SusPed	196.843750	70	0
#SusPed	197.299479	0	0
#SusPed	197.309896	81	0
#SusPed	198.049479	0	0
#SusPed	198.063802	59	0
#SusPed	198.179688	0	0
#SusPed	198.190104	70	0
#SusPed	198.658854	0	0
#SusPed	198.666667	66	0
#SusPed	198.869792	0	0
#SusPed	198.882812	76	0
#SusPed	199.359375	0	0
#SusPed	199.365885	57	0
#SusPed	199.529948	0	0
#SusPed	199.539062	96	0
#SusPed	200.019531	0	0
#SusPed	200.027344	78	0
#SusPed	200.259115	0	0
#SusPed	200.273438	72	0
#SusPed	200.799479	0	0
#SusPed	200.805990	70	0
#SusPed	201.509115	0	0
#SusPed	201.522135	73	0
#SusPed	201.729167	0	0
#SusPed	201.743490	58	0
#SusPed	202.229167	0	0
#SusPed	202.235677	65	0
#SusPed	202.549479	0	0
#SusPed	202.562500	69	0
#SusPed	203.598958	0	0
#SusPed	203.613281	65	0
#SusPed	203.938802	0	0
#SusPed	203.953125	57	0
#SusPed	204.179688	0	0
#SusPed	204.194010	62	0
#SusPed	204.979167	0	0
#SusPed	204.993490	64	0
#SusPed	205.378906	0	0
#SusPed	205.394531	57	0
#SusPed	205.519531	0	0
#SusPed	205.532552	68	0
#SusPed	206.399740	0	0
#SusPed	206.406250	66	0
#SusPed	206.649740	0	0
#SusPed	206.654948	70	0
#SusPed	210.089844	0	0
#SusPed	210.101562	66	0
#SusPed	210.239583	0	0
#SusPed	210.250000	89	0
#SusPed	212.529948	0	0
#SusPed	212.536458	67	0
#SusPed	212.639323	0	0
#SusPed	212.833333	76	0
#SusPed	214.039062	0	0
#SusPed	214.046875	65	0
#SusPed	214.239583	0	0
#SusPed	214.251302	62	0
#SofPed	217.837240	48	0
#SofPed	217.919271	0	0
#SofPed	217.927083	42	0
#SofPed	218.829427	0	0
#SofPed	218.843750	37	0
#SusPed	218.848958	0	0
#SusPed	218.859375	64	0
#SofPed	219.029948	0	0
#SofPed	219.035156	56	0
#SusPed	219.089844	0	0
#SusPed	219.101562	67	0
#SofPed	219.449219	0	0
#SusPed	220.079427	0	0
#SusPed	220.088542	71	0
#SusPed	220.339844	0	0
#SusPed	220.352865	69	0
#SusPed	220.779948	0	0
#SusPed	220.792969	78	0
#SusPed	221.429688	0	0
#SusPed	221.437500	72	0
#SusPed	221.598958	0	0
#SusPed	221.606771	59	0
#SusPed	222.609375	0	0
#SusPed	222.615885	88	0
#SusPed	224.519531	0	0
#SusPed	224.529948	81	0
#SusPed	225.699219	0	0
#SusPed	225.709635	84	0
#SusPed	225.929688	0	0
#SusPed	225.934896	88	0
#SusPed	226.908854	0	0
#SusPed	226.914062	75	0
#SusPed	226.979167	0	0
#SusPed	227.135417	74	0
#SusPed	227.979167	0	0
#SusPed	227.986979	77	0
#SusPed	228.049479	0	0
#SusPed	228.192708	75	0
#SusPed	229.029948	0	0
#SusPed	229.037760	36	0
#SusPed	229.128906	0	0
#SusPed	229.136719	88	0
#SusPed	230.289062	0	0
#SusPed	230.294271	70	0
#SusPed	230.359375	0	0
#SusPed	230.501302	78	0
#SusPed	231.529948	0	0
#SusPed	231.535156	68	0
#SusPed	231.649740	0	0
#SusPed	231.658854	74	0
#SusPed	232.699219	0	0
#SusPed	232.712240	76	0
#SusPed	232.869792	0	0
#SusPed	232.877604	82	0
#SusPed	233.319010	0	0
#SusPed	233.328125	89	0
#SusPed	233.399740	0	0
#SusPed	233.411458	91	0
#SusPed	233.639323	0	0
#SusPed	233.647135	88	0
#SusPed	233.709635	0	0
#SusPed	233.717448	88	0
#SusPed	234.128906	0	0
#SusPed	234.138021	65	0
#SusPed	234.438802	0	0
#SusPed	234.451823	80	0
#SusPed	235.389323	0	0
#SusPed	235.403646	65	0
#SusPed	235.628906	0	0
#SusPed	235.635417	79	0
#SusPed	236.799479	0	0
#SusPed	236.807292	80	0
#SusPed	238.649740	0	0
#SusPed	238.664062	68	0
#SusPed	238.839844	0	0
#SusPed	238.850260	73	0
#SusPed	239.959635	0	0
#SusPed	239.971354	71	0
#SusPed	240.119792	0	0
#SusPed	240.132812	81	0
#SusPed	240.759115	0	0
#SusPed	240.766927	102	0
#SusPed	241.199219	0	0
#SusPed	241.213542	60	0
#SusPed	241.559896	0	0
#SusPed	241.567708	77	0
#SusPed	242.199219	0	0
#SusPed	242.205729	100	0
#SusPed	242.479167	0	0
#SusPed	242.492188	69	0
#SusPed	242.649740	0	0
#SusPed	242.658854	70	0
#SusPed	243.598958	0	0
#SusPed	243.605469	62	0
#SusPed	243.949219	0	0
#SusPed	243.963542	72	0
#SusPed	244.739583	0	0
#SusPed	244.752604	66	0
#SusPed	245.309896	0	0
#SusPed	245.315104	67	0
#SusPed	246.019531	0	0
#SusPed	246.026042	77	0
#SusPed	246.389323	0	0
#SusPed	246.403646	65	0
#SusPed	246.639323	0	0
#SusPed	246.653646	85	0
#SusPed	247.609375	0	0
#SusPed	247.621094	65	0
#SusPed	247.848958	0	0
#SusPed	247.863281	78	0
#SusPed	248.899740	0	0
#SusPed	248.911458	61	0
#SusPed	249.339844	0	0
#SusPed	249.351562	70	0
#SusPed	250.250000	0	0
#SusPed	250.255208	76	0
#SusPed	250.509115	0	0
#SusPed	250.515625	78	0
#SusPed	251.479167	0	0
#SusPed	251.484375	64	0
#SusPed	251.739583	0	0
#SusPed	251.744792	81	0
#SusPed	253.309896	0	0
#SusPed	253.324219	68	0
#SusPed	253.438802	0	0
#SusPed	253.450521	63	0
#SusPed	254.309896	0	0
#SusPed	254.313802	59	0
#SusPed	254.679688	0	0
#SusPed	254.692708	76	0
#SusPed	256.069010	0	0
#SusPed	256.078125	95	0
#SusPed	257.119792	0	0
#SusPed	257.125000	69	0
#SusPed	257.378906	0	0
#SusPed	257.384115	78	0
#SusPed	258.419271	0	0
#SusPed	258.424479	50	0
#SusPed	258.649740	0	0
#SusPed	258.664062	64	0
#SusPed	259.229167	0	0
#SusPed	259.234375	49	0
#SusPed	259.408854	0	0
#SusPed	259.416667	63	0
#SusPed	260.688802	0	0
#SusPed	260.701823	66	0
#SusPed	260.869792	0	0
#SusPed	260.875000	63	0
#SusPed	261.359375	0	0
#SusPed	261.365885	49	0
#SusPed	261.489583	0	0
#SusPed	261.503906	77	0
#SusPed	261.989583	0	0
#SusPed	261.994792	42	0
#SusPed	262.158854	0	0
#SusPed	262.165365	89	0
#SusPed	263.098958	0	0
#SusPed	263.109375	68	0
#SusPed	263.269531	0	0
#SusPed	263.274740	72	0
#SusPed	263.739583	0	0
#SusPed	263.746094	78	0
#SusPed	264.378906	0	0
#SusPed	264.394531	77	0
#SusPed	264.609375	0	0
#SusPed	264.623698	78	0
#SusPed	265.799479	0	0
#SusPed	265.812500	72	0
#SusPed	266.000000	0	0
#SusPed	266.010417	97	0
#SusPed	266.769531	0	0
#SusPed	266.777344	69	0
#SusPed	266.929688	0	0
#SusPed	266.942708	96	0
#SusPed	267.359375	0	0
#SusPed	267.367188	83	0
#SusPed	267.500000	0	0
#SusPed	267.510417	74	0
#SusPed	268.029948	0	0
#SusPed	268.042969	77	0
#SusPed	268.199219	0	0
#SusPed	268.209635	74	0
#SusPed	268.649740	0	0
#SusPed	268.662760	71	0
#SusPed	268.839844	0	0
#SusPed	268.850260	69	0
#SusPed	269.408854	0	0
#SusPed	269.420573	73	0
#SusPed	269.679688	0	0
#SusPed	269.687500	70	0
#SusPed	270.539062	0	0
#SusPed	270.545573	63	0
#SusPed	270.718750	0	0
#SusPed	270.726562	90	0
#SusPed	272.039062	0	0
#SusPed	272.054688	69	0
#SusPed	272.218750	0	0
#SusPed	272.234375	67	0
#SusPed	272.628906	0	0
#SusPed	272.644531	97	0
#SusPed	272.789062	0	0
#SusPed	272.802083	87	0
#SofPed	272.875000	53	0
#SofPed	273.029948	0	0
#SofPed	273.037760	77	0
#SofPed	273.209635	0	0
#SofPed	273.214844	98	0
#SusPed	273.468750	0	0
#SusPed	273.483073	70	0
#SusPed	273.779948	0	0
#SusPed	273.785156	70	0
#SofPed	273.949219	0	0
#SofPed	273.962240	96	0
#SusPed	274.229167	0	0
#SusPed	274.242188	69	0
#SusPed	274.359375	0	0
#SusPed	274.373698	52	0
#SusPed	274.628906	0	0
#SusPed	274.639323	60	0
#SusPed	274.819010	0	0
#SusPed	274.824219	65	0
#SusPed	275.468750	0	0
#SusPed	275.483073	64	0
#SusPed	275.579427	0	0
#SusPed	275.589844	83	0
#SusPed	276.279948	0	0
#SusPed	276.291667	75	0
#SusPed	276.549479	0	0
#SusPed	276.562500	67	0
#SusPed	277.128906	0	0
#SusPed	277.136719	60	0
#SusPed	277.309896	0	0
#SusPed	277.321615	77	0
#SusPed	277.889323	0	0
#SusPed	277.903646	65	0
#SusPed	278.250000	0	0
#SusPed	278.255208	73	0
#SusPed	278.609375	0	0
#SusPed	278.617188	72	0
#SusPed	278.799479	0	0
#SusPed	278.811198	62	0
#SusPed	279.039062	0	0
#SusPed	279.053385	66	0
#SusPed	279.259115	0	0
#SusPed	279.265625	75	0
#SusPed	279.799479	0	0
#SusPed	279.813802	92	0
#SofPed	279.959635	0	0
#SusPed	280.029948	0	0
#SusPed	280.044271	55	0
#SusPed	280.329427	0	0
#SusPed	280.343750	92	0
#SusPed	280.609375	0	0
#SusPed	280.623698	76	0
#SusPed	280.949219	0	0
#SusPed	280.957031	63	0
#SusPed	281.399740	0	0
#SusPed	281.411458	74	0
#SusPed	281.628906	0	0
#SusPed	281.639323	85	0
#SusPed	282.128906	0	0
#SusPed	282.134115	78	0
#SusPed	282.339844	0	0
#SusPed	282.345052	83	0
#SusPed	283.218750	0	0
#SusPed	283.231771	65	0
#SusPed	284.049479	0	0
#SusPed	284.057292	67	0
#SusPed	284.369792	0	0
#SusPed	284.376302	67	0
#SusPed	285.299479	0	0
#SusPed	285.313802	66	0
#SusPed	285.459635	0	0
#SusPed	285.472656	63	0
#SusPed	285.829427	0	0
#SusPed	285.843750	60	0
#SusPed	285.929688	0	0
#SusPed	285.934896	67	0
#SusPed	287.139323	0	0
#SusPed	287.153646	68	0
#SusPed	287.250000	0	0
#SusPed	287.256510	66	0
#SusPed	287.899740	0	0
#SusPed	287.914062	67	0
#SusPed	288.419271	0	0
#SusPed	288.424479	49	0
#SusPed	288.739583	0	0
#SusPed	288.753906	52	0
#SusPed	288.899740	0	0
#SusPed	288.908854	59	0
#SusPed	289.059896	0	0
#SusPed	289.066406	53	0
#SusPed	289.359375	0	0
#SusPed	289.364583	65	0
#SusPed	289.709635	0	0
#SusPed	289.718750	61	0
#SusPed	290.089844	0	0
#SusPed	290.098958	60	0
#SusPed	292.438802	0	0
#SusPed	292.444010	61	0
#SusPed	292.759115	0	0
#SusPed	292.764323	56	0
#SusPed	293.750000	0	0
#SusPed	293.759115	60	0
#SusPed	294.039062	0	0
#SusPed	294.046875	64	0
#SusPed	296.369792	0	0
#SusPed	296.380208	59	0
#SusPed	296.619792	0	0
#SusPed	296.632812	67	0
#SusPed	297.709635	0	0
#SusPed	297.723958	72	0
#SusPed	298.029948	0	0
#SusPed	298.042969	67	0
#SusPed	300.149740	0	0
#SusPed	300.158854	73	0
#SusPed	300.339844	0	0
#SusPed	300.351562	70	0
#SusPed	300.769531	0	0
#SusPed	300.774740	73	0
#SusPed	300.829427	0	0
#SusPed	300.838542	70	0
#SusPed	301.539062	0	0
#SusPed	301.550781	75	0
#SusPed	301.848958	0	0
#SusPed	301.855469	84	0
#SusPed	302.878906	0	0
#SusPed	302.886719	70	0
#SusPed	303.369792	0	0
#SusPed	303.378906	72	0
#SusPed	304.049479	0	0
#SusPed	304.061198	64	0
#SusPed	305.619792	0	0
#SusPed	305.626302	68	0
#SusPed	307.989583	0	0
#SusPed	308.002604	64	0
#SusPed	308.378906	0	0
#SusPed	308.393229	71	0
#SusPed	309.239583	0	0
#SusPed	309.252604	68	0
#SusPed	309.500000	0	0
#SusPed	309.505208	70	0
#SusPed	310.549479	0	0
#SusPed	310.563802	81	0
#SusPed	311.128906	0	0
#SusPed	311.136719	67	0
#SusPed	311.389323	0	0
#SusPed	311.394531	71	0
#SusPed	312.199219	0	0
#SusPed	312.213542	67	0
#SusPed	312.919271	0	0
#SusPed	312.927083	82	0
#SusPed	313.009115	0	0
#SusPed	313.014323	89	0
#SusPed	313.218750	0	0
#SusPed	313.233073	85	0
#SusPed	313.649740	0	0
#SusPed	313.662760	79	0
#SusPed	314.009115	0	0
#SusPed	314.023438	84	0
#SusPed	314.468750	0	0
#SusPed	314.483073	101	0
#SofPed	315.490885	52	0
#SofPed	315.569010	0	0
#SofPed	315.578125	46	0
#SofPed	315.619792	0	0
#SofPed	315.628906	44	0
#SofPed	315.989583	0	0
#SusPed	316.628906	0	0
#SusPed	316.634115	69	0
#SusPed	316.779948	0	0
#SusPed	316.790365	76	0
#SusPed	317.389323	0	0
#SusPed	317.401042	82	0
#SusPed	318.299479	0	0
#SusPed	318.313802	84	0
#SusPed	318.549479	0	0
#SusPed	318.555990	80	0
#SusPed	319.649740	0	0
#SusPed	319.654948	63	0
#SusPed	319.809896	0	0
#SusPed	319.817708	76	0
#SusPed	322.688802	0	0
#SusPed	322.700521	73	0
#SusPed	323.979167	0	0
#SusPed	323.985677	76	0
#SusPed	324.139323	0	0
#SusPed	324.145833	80	0
#SusPed	325.169271	0	0
#SusPed	325.177083	88	0
#SusPed	325.389323	0	0
#SusPed	325.394531	93	0
#SusPed	325.869792	0	0
#SusPed	325.875000	85	0
#SusPed	326.500000	0	0
#SusPed	326.511719	94	0
#SusPed	326.819010	0	0
#SusPed	326.832031	70	0
#SusPed	326.959635	0	0
#SusPed	326.973958	81	0
#SusPed	327.098958	0	0
#SusPed	327.111979	82	0
#SusPed	328.069010	0	0
#SusPed	328.076823	69	0
#SusPed	328.218750	0	0
#SusPed	328.233073	88	0
#SusPed	330.598958	0	0
#SusPed	330.608073	65	0
#SusPed	330.829427	0	0
#SusPed	330.839844	92	0
#SusPed	331.628906	0	0
#SusPed	331.634115	85	0
#SusPed	332.718750	0	0
#SusPed	332.726562	72	0
#SusPed	332.819010	0	0
#SusPed	332.824219	105	0
#SusPed	334.299479	0	0
#SusPed	334.304688	81	0
#SusPed	334.459635	0	0
#SusPed	334.471354	85	0
#SofPed	334.813802	34	0
#SusPed	335.569010	0	0
#SusPed	335.574219	80	0
#SusPed	335.759115	0	0
#SusPed	335.765625	92	0
#SusPed	337.069010	0	0
#SusPed	337.075521	94	0
#SusPed	337.229167	0	0
#SusPed	337.243490	72	0
#SusPed	337.399740	0	0
#SusPed	337.410156	83	0
#SusPed	338.819010	0	0
#SusPed	338.830729	66	0
#SusPed	338.959635	0	0
#SusPed	339.324219	83	0
#SusPed	340.438802	0	0
#SusPed	340.450521	64	0
#SusPed	340.639323	0	0
#SusPed	340.644531	71	0
#SofPed	340.819010	0	0
#SusPed	343.188802	0	0
#SusPed	343.194010	66	0
#SusPed	343.500000	0	0
#SusPed	343.510417	91	0
#SusPed	344.109375	0	0
#SusPed	344.123698	87	0
#SusPed	344.218750	0	0
#SusPed	344.225260	92	0
#SusPed	345.489583	0	0
#SusPed	345.496094	76	0
#SusPed	345.649740	0	0
#SusPed	345.662760	85	0
#SusPed	347.029948	0	0
#SusPed	347.042969	69	0
#SusPed	347.539062	0	0
#SusPed	347.545573	67	0
#SusPed	348.169271	0	0
#SusPed	348.183594	79	0
#SusPed	348.609375	0	0
#SusPed	348.622396	68	0
#SusPed	349.549479	0	0
#SusPed	349.562500	61	0
#SusPed	351.098958	0	0
#SusPed	351.113281	67	0
#SusPed	351.468750	0	0
#SusPed	351.484375	61	0
#SusPed	352.399740	0	0
#SusPed	352.408854	59	0
#SusPed	352.589844	0	0
#SusPed	352.604167	63	0
#SusPed	352.859375	0	0
#SusPed	352.865885	70	0
#SusPed	354.408854	0	0
#SusPed	354.419271	86	0
#SusPed	355.128906	0	0
#SusPed	355.140625	79	0
#SusPed	355.269531	0	0
#SusPed	355.276042	73	0
#SusPed	356.239583	0	0
#SusPed	356.253906	70	0
#SusPed	356.929688	0	0
#SusPed	356.938802	68	0
#SusPed	357.649740	0	0
#SusPed	357.654948	77	0
#SusPed	358.938802	0	0
#SusPed	358.944010	74	0
#SusPed	359.509115	0	0
#SusPed	359.523438	62	0
#SusPed	360.179688	0	0
#SusPed	360.186198	66	0
#SusPed	360.679688	0	0
#SusPed	360.692708	72	0
#SusPed	361.098958	0	0
#SusPed	361.113281	73	0
#SusPed	362.039062	0	0
#SusPed	362.052083	66	0
#SusPed	362.169271	0	0
#SusPed	362.662760	73	0
#SusPed	363.519531	0	0
#SusPed	363.527344	65	0
#SusPed	363.949219	0	0
#SusPed	363.955729	49	0
#SusPed	364.289062	0	0
#SusPed	364.302083	53	0
#SusPed	364.369792	0	0
#SusPed	364.376302	59	0
#SusPed	364.679688	0	0
#SusPed	364.686198	53	0
#SusPed	365.619792	0	0
#SusPed	365.626302	73	0
#SusPed	366.250000	0	0
#SusPed	366.257812	63	0
#SusPed	367.119792	0	0
#SusPed	367.126302	70	0
#SusPed	368.149740	0	0
#SusPed	368.154948	70	0
#SusPed	368.188802	0	0
#SusPed	368.204427	66	0
#SusPed	368.539062	0	0
#SusPed	368.545573	65	0
#SusPed	371.218750	0	0
#SusPed	371.233073	67	0
#SusPed	372.779948	0	0
#SusPed	372.792969	79	0
#SusPed	373.119792	0	0
#SusPed	373.125000	79	0
#SusPed	373.679688	0	0
#SusPed	373.690104	77	0
#SusPed	374.468750	0	0
#SusPed	374.484375	80	0
#SusPed	374.779948	0	0
#SusPed	374.783854	88	0
#SusPed	374.979167	0	0
#SusPed	374.993490	87	0
#SusPed	375.559896	0	0
#SusPed	375.565104	80	0
#SusPed	377.199219	0	0
#SusPed	377.205729	58	0
#SusPed	377.429688	0	0
#SusPed	377.434896	70	0
#SusPed	378.169271	0	0
#SusPed	378.183594	75	0
#SusPed	378.658854	0	0
#SusPed	378.673177	82	0
#SusPed	378.699219	0	0
#SusPed	378.709635	81	0
#SusPed	378.959635	0	0
#SusPed	378.966146	57	0
#SusPed	379.739583	0	0
#SusPed	379.744792	75	0
#SusPed	383.299479	0	0
#SusPed	383.313802	72	0
#SusPed	384.119792	0	0
#SusPed	384.132812	77	0
#SusPed	385.658854	0	0
#SusPed	385.667969	95	0
#SusPed	385.789062	0	0
#SusPed	385.802083	62	0
#SusPed	385.938802	0	0
#SusPed	385.945312	86	0
#SusPed	386.059896	0	0
#SusPed	386.071615	71	0
#SusPed	386.119792	0	0
#SusPed	386.131510	50	0
#SusPed	386.188802	0	0
#SusPed	386.204427	69	0
#SusPed	386.579427	0	0
#SusPed	386.585938	63	0
#SusPed	387.000000	0	0
#SusPed	387.009115	37	0
#SusPed	387.429688	0	0
#SusPed	387.444010	53	0
#SusPed	387.688802	0	0
#SusPed	387.703125	50	0
#SusPed	387.869792	0	0
#SusPed	387.875000	44	0
#SusPed	387.959635	0	0
#SusPed	388.395833	73	0
#SusPed	389.449219	0	0
#SusPed	389.462240	72	0
#SusPed	389.639323	0	0
#SusPed	389.648438	61	0
#SusPed	389.899740	0	0
#SusPed	389.904948	79	0
#SusPed	391.000000	0	0
#SusPed	391.005208	64	0
#SusPed	391.109375	0	0
#SusPed	391.476562	80	0
#SusPed	391.869792	0	0
#SusPed	391.880208	78	0
#SusPed	391.959635	0	0
#SusPed	392.334635	52	0
#SusPed	392.989583	0	0
#SusPed	392.994792	71	0
#SusPed	393.279948	0	0
#SusPed	393.292969	74	0
#SusPed	393.399740	0	0
#SusPed	393.946615	73	0
#SusPed	394.309896	0	0
#SusPed	394.322917	74	0
#SusPed	394.438802	0	0
#SusPed	395.714844	58	0
#SofPed	396.141927	68	0
#SusPed	396.649740	0	0
#SusPed	396.661458	72	0
#SusPed	398.139323	0	0
#SusPed	398.147135	68	0
#SusPed	398.699219	0	0
#SusPed	398.713542	67	0
#SusPed	398.989583	0	0
#SusPed	398.997396	78	0
#SusPed	399.658854	0	0
#SusPed	399.665365	72	0
#SusPed	399.829427	0	0
#SusPed	399.835938	79	0
#SusPed	400.419271	0	0
#SusPed	400.430990	70	0
#SusPed	400.609375	0	0
#SusPed	400.622396	79	0
#SofPed	402.139323	0	0
#SusPed	402.299479	0	0
#SusPed	402.305990	89	0
#SusPed	402.809896	0	0
#SusPed	402.819010	76	0
#SusPed	402.929688	0	0
#SusPed	402.942708	86	0
#SusPed	403.309896	0	0
#SusPed	403.315104	94	0
#SusPed	403.468750	0	0
#SusPed	403.476562	71	0
#SusPed	403.609375	0	0
#SusPed	403.618490	79	0
#SusPed	404.039062	0	0
#SusPed	404.052083	73	0
#SusPed	404.139323	0	0
#SusPed	404.153646	72	0
#SusPed	404.789062	0	0
#SusPed	404.800781	80	0
#SusPed	404.968750	0	0
#SusPed	404.981771	76	0
#SusPed	405.589844	0	0
#SusPed	405.604167	70	0
#SusPed	405.718750	0	0
#SusPed	405.727865	75	0
#SusPed	406.250000	0	0
#SusPed	406.264323	76	0
#SusPed	406.378906	0	0
#SusPed	406.384115	81	0
#SusPed	407.479167	0	0
#SusPed	407.485677	70	0
#SusPed	407.709635	0	0
#SusPed	407.717448	62	0
#SusPed	408.899740	0	0
#SusPed	408.906250	69	0
#SusPed	409.269531	0	0
#SusPed	409.281250	69	0
#SusPed	409.628906	0	0
#SusPed	409.639323	72	0
#SusPed	410.229167	0	0
#SusPed	410.244792	53	0
#SusPed	410.399740	0	0
#SusPed	410.412760	79	0
#SusPed	410.829427	0	0
#SusPed	410.842448	66	0
#SusPed	411.009115	0	0
#SusPed	411.019531	77	0
#SusPed	411.529948	0	0
#SusPed	411.537760	66	0
#SusPed	411.639323	0	0
#SusPed	411.645833	82	0
#SusPed	412.250000	0	0
#SusPed	412.263021	69	0
#SusPed	413.019531	0	0
#SusPed	413.031250	58	0
#SusPed	413.289062	0	0
#SusPed	413.302083	72	0
#SusPed	413.699219	0	0
#SusPed	413.708333	59	0
#SusPed	413.869792	0	0
#SusPed	413.881510	66	0
#SusPed	414.289062	0	0
#SusPed	414.303385	65	0
#SusPed	414.459635	0	0
#SusPed	414.467448	73	0
#SusPed	415.449219	0	0
#SusPed	415.455729	66	0
#SusPed	415.759115	0	0
#SusPed	415.765625	59	0
#SusPed	416.819010	0	0
#SusPed	416.826823	76	0
#SusPed	417.139323	0	0
#SusPed	417.145833	66	0
#SusPed	417.479167	0	0
#SusPed	417.484375	67	0
#SusPed	417.848958	0	0
#SusPed	417.856771	66	0
#SusPed	418.158854	0	0
#SusPed	418.173177	72	0
#SusPed	418.579427	0	0
#SusPed	418.585938	85	0
#SusPed	419.000000	0	0
#SusPed	419.010417	58	0
#SusPed	419.069010	0	0
#SusPed	419.082031	60	0
#SusPed	419.559896	0	0
#SusPed	419.574219	84	0
#SusPed	420.069010	0	0
#SusPed	420.084635	74	0
#SusPed	420.239583	0	0
#SusPed	420.485677	68	0
#SusPed	421.279948	0	0
#SusPed	421.289062	56	0
#SusPed	421.429688	0	0
#SusPed	421.444010	67	0
#SusPed	422.119792	0	0
#SusPed	422.130208	58	0
#SusPed	422.269531	0	0
#SusPed	422.523438	70	0
#SusPed	423.369792	0	0
#SusPed	423.381510	66	0
#SusPed	423.959635	0	0
#SusPed	423.970052	41	0
#SusPed	424.369792	0	0
#SusPed	424.376302	57	0
#SusPed	424.519531	0	0
#SusPed	424.524740	53	0
#SusPed	425.709635	0	0
#SusPed	425.720052	77	0
#SusPed	428.319010	0	0
#SusPed	428.324219	79	0
#SusPed	429.419271	0	0
#SusPed	429.433594	79	0
#SusPed	429.639323	0	0
#SusPed	429.645833	81	0
#SusPed	431.169271	0	0
#SusPed	431.183594	68	0
#SusPed	437.179688	0	0
