//Version: ScorePerfmMatch_v170503
// Score: /Users/toddywang/Documents/VsCodeProjects/xmltoexp/ATEPP-1.2/ATEPP-1.2/Ludwig_van_Beethoven/Piano_Sonata_No._17_in_D_Minor,_Op._31_No._2_"Tempest"/II._Adagio/score_hmm.txt
// Perfm: /Users/toddywang/Documents/VsCodeProjects/xmltoexp/ATEPP-1.2/ATEPP-1.2/Ludwig_van_Beethoven/Piano_Sonata_No._17_in_D_Minor,_Op._31_No._2_"Tempest"/II._Adagio/08342_spr.txt
0	0.535156	5.049479	Bb1	26	80	0	0	0	P1-1-4	0	0
1	0.541667	1.299479	Bb2	25	80	0	0	0	P1-1-6	0	-
2	1.156250	6.829427	F2	50	80	0	0	0	P1-1-5	0	-
3	1.516927	6.878906	Bb2	65	80	0	0	0	P1-1-6	0	-
4	1.786458	5.589844	D3	56	80	0	0	0	P1-1-7	0	-
5	2.005208	5.539062	F3	67	80	0	0	0	P1-1-8	0	-
6	2.303385	4.750000	Bb3	74	80	0	0	0	P1-1-9	0	-
7	6.337240	7.908854	D5	70	80	0	0	720	P1-2-1	0	-
8	7.678385	7.928385	Eb5	69	80	0	0	930	P1-2-2	0	-
9	7.924479	9.688802	F5	63	80	0	0	960	P1-2-3	0	-
10	9.731771	10.878906	F3	36	80	0	0	1200	P1-2-5	0	-
11	9.731771	11.989583	Bb3	37	80	0	0	1200	P1-2-6	0	-
12	9.747396	10.779948	D3	31	80	0	0	1200	P1-2-4	0	-
13	9.755208	10.829427	F2	31	80	0	0	1200	P1-2-10	0	-
14	9.761719	10.759115	Bb2	31	80	0	0	1200	P1-2-11	0	-
15	9.763021	11.549479	Bb1	31	80	0	0	1200	P1-2-9	0	-
16	11.714844	14.408854	A3	39	80	0	0	1440	P1-3-3	0	-
17	11.734375	15.188802	C3	33	80	0	0	1440	P1-3-6	0	-
18	11.736979	14.029948	F3	35	80	0	0	1440	P1-3-2	0	-
19	11.736979	14.739583	Eb3	35	80	0	0	1440	P1-3-1	0	-
20	11.738281	16.109375	F2	32	80	0	0	1440	P1-3-5	0	-
21	15.875000	17.419271	A5	71	80	0	0	2160	P1-4-1	0	-
22	17.309896	17.709635	Bb5	73	80	0	0	2370	P1-4-2	0	-
23	17.592448	18.169271	C6	72	80	0	0	2400	P1-4-3	0	-
24	19.354167	22.359375	Eb4	44	80	0	0	2640	P1-4-5	0	-
25	19.358073	21.759115	C4	35	80	0	0	2640	P1-4-4	0	-
26	19.360677	19.938802	F2	33	80	0	0	2640	P1-4-9	0	-
27	19.365885	21.229167	F3	36	80	0	0	2640	P1-4-9	0	-
28	19.377604	21.628906	A2	31	80	0	0	2640	P1-4-8	0	-
29	21.507812	23.679688	D4	39	80	0	0	2880	P1-5-2	0	-
30	21.526042	24.319010	Bb3	30	80	0	0	2880	P1-5-1	0	-
31	21.526042	25.449219	F3	27	80	0	0	2880	P1-5-14	0	-
32	21.535156	25.669271	Bb2	25	80	0	0	2880	P1-5-13	0	-
33	24.115885	24.609375	D4	35	80	0	0	3360	P1-5-3	0	-
34	24.411458	24.759115	F4	50	80	0	0	3390	P1-5-4	0	-
35	24.605469	24.765625	Eb4	53	80	0	0	3420	P1-5-5	0	-
36	24.787760	24.979167	D4	63	80	0	0	3450	P1-5-6	0	-
37	24.932292	25.109375	Eb4	71	80	0	0	3480	P1-5-7	0	-
38	25.053385	25.209635	F4	69	80	0	0	3510	P1-5-8	0	-
39	25.180990	25.304688	G4	68	80	0	0	3540	P1-5-9	0	-
40	25.303385	25.398438	A4	76	80	0	0	3570	P1-5-10	0	-
41	25.415365	25.513021	Bb4	75	80	0	0	3600	P1-5-11	0	-
42	25.535156	25.714844	C5	77	80	0	0	3630	P1-5-12	0	-
43	25.696615	26.938802	D5	83	80	0	0	3690	P1-6-1	0	-
44	26.817708	27.132812	Eb5	83	80	0	0	3900	P1-6-2	0	-
45	27.093750	28.479167	F5	81	80	0	0	3930	P1-6-3	0	-
46	28.492188	30.049479	F5	87	80	0	0	4170	P1-6-4	0	-
47	28.493490	30.250000	B3	74	80	0	0	4170	P1-6-8	0	-
48	28.505208	30.378906	D3	64	80	0	0	4170	P1-6-9	0	-
49	28.507812	29.938802	Ab4	75	80	0	0	4170	P1-6-5	0	-
50	30.225260	31.819010	F5	80	80	0	0	4410	P1-7-1	0	-
51	30.264323	31.919271	B3	41	80	0	0	4410	P1-7-10	0	-
52	30.265625	32.199219	G4	42	80	0	0	4410	P1-7-6	0	-
53	30.274740	31.679688	Eb3	36	80	0	0	4410	P1-7-15	0	-
54	31.554688	32.279948	Eb5	74	80	0	0	4650	P1-7-2	0	-
55	31.571615	32.209635	C4	42	80	0	0	4650	P1-7-11	0	-
56	32.216146	33.019531	D5	77	80	0	0	4770	P1-7-3	0	-
57	32.226562	32.688802	Bb4	59	80	0	0	4770	P1-7-7	0	-
58	32.231771	33.000000	D4	56	80	0	0	4770	P1-7-12	0	-
59	32.233073	32.819010	F3	50	80	0	0	4770	P1-7-16	0	-
60	32.914062	33.359375	C5	78	80	0	0	4890	P1-7-4	0	-
61	32.925781	33.419271	Bb4	67	80	0	0	4890	P1-7-8	0	-
62	32.932292	33.438802	Eb4	62	80	0	0	4890	P1-7-13	0	-
63	32.934896	33.429688	G3	51	80	0	0	4890	P1-7-17	0	-
64	33.654948	34.039062	C5	69	80	0	0	5010	P1-7-5	0	-
65	33.669271	34.029948	Bb4	63	80	0	0	5010	P1-7-9	0	-
66	33.673177	34.059896	E4	64	80	0	0	5010	P1-7-14	0	-
67	33.680990	34.098958	G3	48	80	0	0	5010	P1-7-18	0	-
68	34.464844	36.199219	Bb4	60	80	0	0	5130	P1-8-9	0	-
69	34.494792	36.649740	E4	54	80	0	0	5130	P1-8-19	0	-
70	34.522135	38.369792	F3	43	80	0	0	5130	P1-8-23	0	-
71	34.524740	34.666667	C5	49	80	0	0	5145	P1-8-12	0	-
72	34.690104	34.761719	D5	63	80	0	0	5160	P1-8-13	0	-
73	34.785156	34.841146	C5	64	80	0	0	5175	P1-8-14	0	-
74	34.864583	34.932292	D5	67	80	0	0	5190	P1-8-15	0	-
75	34.951823	35.009115	C5	63	80	0	0	5205	P1-8-16	0	-
76	35.042969	35.145833	B4	72	80	0	0	5220	P1-8-17	0	-
77	35.167969	35.295573	C5	70	80	0	0	5235	P1-8-18	0	-
78	35.316406	36.059896	D5	62	80	0	0	5250	P1-8-4	0	-
79	35.986979	36.239583	C5	53	80	0	0	5310	P1-8-5	0	-
80	36.679688	37.709635	C5	46	80	0	0	5370	P1-8-6	0	-
81	36.684896	37.819010	A4	38	80	0	0	5370	P1-8-10	0	-
82	36.712240	37.839844	F4	31	80	0	0	5370	P1-8-20	0	-
83	39.891927	40.889323	F3	39	80	0	0	5670	P1-8-26	0	-
84	40.346354	40.899740	G3	56	80	0	0	5730	P1-8-28	0	-
85	40.391927	40.989583	Eb3	41	80	0	0	5730	P1-8-27	0	-
86	40.703125	41.359375	A3	59	80	0	0	5790	P1-8-30	0	-
87	40.744792	41.309896	C3	42	80	0	0	5790	P1-8-29	0	-
88	41.261719	45.059896	Bb3	64	80	0	0	5850	P1-9-1	0	-
89	41.303385	41.729167	F3	32	80	0	0	5850	P1-9-1	0	-
90	41.305990	45.339844	Bb1	34	80	0	0	5850	P1-9-10	0	-
91	41.308594	42.429688	D3	36	80	0	0	5850	P1-9-3	0	-
92	41.308594	45.378906	Bb2	35	80	0	0	5850	P1-9-2	0	-
93	42.744792	43.169271	Eb3	39	80	0	0	6060	P1-9-5	0	-
94	42.744792	43.098958	C3	41	80	0	0	6060	P1-9-4	0	-
95	43.002604	43.919271	F3	40	80	0	0	6090	P1-9-7	0	-
96	43.003906	43.899740	D3	38	80	0	0	6090	P1-9-6	0	-
97	44.653646	45.209635	F3	38	80	0	0	6330	P1-9-9	0	-
98	44.677083	45.309896	D3	30	80	0	0	6330	P1-9-8	0	-
99	46.514323	47.114583	D5	73	80	0	0	6570	P1-10-1	0	-
100	46.558594	46.709635	Bb3	39	80	0	0	6570	P1-10-11	0	-
101	46.558594	49.049479	F3	36	80	0	0	6570	P1-10-13	0	-
102	46.563802	49.149740	D3	37	80	0	0	6570	P1-10-12	0	-
103	46.567708	49.158854	Bb2	38	80	0	0	6570	P1-10-11	0	-
104	47.093750	47.214844	Eb5	69	80	0	0	6660	P1-10-8	0	-
105	47.205729	47.302083	D5	76	80	0	0	6670	P1-10-9	0	-
106	47.322917	47.500000	C5	70	80	0	0	6680	P1-10-10	0	-
107	47.437500	48.123698	D5	74	80	0	0	6690	P1-10-2	0	-
108	48.084635	48.281250	Eb5	66	80	0	0	6780	P1-10-3	0	-
109	48.300781	49.009115	F5	59	80	0	0	6810	P1-10-4	0	-
110	50.253906	52.188802	Bb3	46	80	0	0	7050	P1-10-7	0	-
111	50.273438	51.468750	F3	35	80	0	0	7050	P1-10-6	0	-
112	50.277344	51.209635	D3	34	80	0	0	7050	P1-10-5	0	-
113	50.283854	51.250000	Bb1	34	80	0	0	7050	P1-10-14	0	-
114	50.285156	51.250000	Bb2	35	80	0	0	7050	P1-10-15	0	-
115	52.154948	56.559896	A3	52	80	0	0	7290	P1-11-1	0	-
116	52.165365	53.889323	Eb3	36	80	0	0	7290	P1-11-3	0	-
117	52.174479	53.098958	C3	34	80	0	0	7290	P1-11-2	0	-
118	52.183594	56.500000	F2	31	80	0	0	7290	P1-11-11	0	-
119	53.700521	54.019531	F3	51	80	0	0	7500	P1-11-5	0	-
120	53.703125	53.989583	D3	43	80	0	0	7500	P1-11-4	0	-
121	53.897135	55.438802	Gb3	41	80	0	0	7530	P1-11-7	0	-
122	53.902344	55.429688	Eb3	38	80	0	0	7530	P1-11-6	0	-
123	55.569010	56.809896	Gb3	46	80	0	0	7770	P1-11-9	0	-
124	55.575521	56.889323	Eb3	38	80	0	0	7770	P1-11-8	0	-
125	57.684896	58.359375	C6	70	80	0	0	8010	P1-12-1	0	-
126	57.707031	58.069010	F#2	39	80	0	0	8010	P1-12-10	0	-
127	57.712240	57.718750	C5	46	80	0	0	8010	P1-12-1	0	-
128	57.714844	59.919271	Gb3	41	80	0	0	8010	P1-12-12	0	-
129	58.296875	58.500000	D6	73	80	0	0	8100	P1-12-7	0	-
130	58.406250	58.569010	C6	70	80	0	0	8110	P1-12-8	0	-
131	58.481771	58.585938	B5	77	80	0	0	8120	P1-12-9	0	-
132	58.576823	60.269531	C6	76	80	0	0	8130	P1-12-2	0	-
133	59.236979	60.459635	D6	78	80	0	0	8220	P1-12-3	0	-
134	59.496094	61.119792	Eb6	82	80	0	0	8250	P1-12-4	0	-
135	61.463542	63.709635	Gb4	88	80	0	0	8490	P1-12-6	0	-
136	61.466146	62.859375	Eb4	68	80	0	0	8490	P1-12-5	0	-
137	61.472656	62.799479	C4	65	80	0	0	8490	P1-12-15	0	-
138	61.473958	62.500000	Bb3	73	80	0	0	8490	P1-12-14	0	-
139	63.472656	67.500000	F4	54	80	0	0	8730	P1-13-1	0	-
140	63.515625	65.109375	Eb4	38	80	0	0	8730	P1-13-2	0	-
141	63.523438	65.000000	C4	34	80	0	0	8730	P1-13-7	0	-
142	63.524740	64.438802	A3	33	80	0	0	8730	P1-13-6	0	-
143	64.944010	65.329427	D4	42	80	0	0	8940	P1-13-9	0	-
144	64.947917	65.319010	B3	42	80	0	0	8940	P1-13-8	0	-
145	65.184896	66.529948	C4	44	80	0	0	8970	P1-13-10	0	-
146	65.187500	66.529948	Eb4	41	80	0	0	8970	P1-13-11	0	-
147	66.990885	67.889323	Eb4	30	80	0	0	9210	P1-13-13	0	-
148	66.992188	67.799479	C4	30	80	0	0	9210	P1-13-12	0	-
149	68.855469	69.549479	C6	68	80	0	0	9450	P1-14-1	0	-
150	68.908854	71.468750	F3	35	80	0	0	9450	P1-14-15	0	-
151	68.912760	71.399740	C4	33	80	0	0	9450	P1-14-12	0	-
152	68.914062	71.500000	Eb4	36	80	0	0	9450	P1-14-10	0	-
153	69.526042	69.709635	D6	74	80	0	0	9540	P1-14-7	0	-
154	69.644531	69.742188	C6	74	80	0	0	9550	P1-14-8	0	-
155	69.735677	69.872396	B5	78	80	0	0	9560	P1-14-9	0	-
156	69.848958	70.649740	C6	83	80	0	0	9570	P1-14-2	0	-
157	70.507812	70.792969	D6	75	80	0	0	9660	P1-14-3	0	-
158	70.752604	71.309896	Eb6	68	80	0	0	9690	P1-14-4	0	-
159	70.787760	71.479167	A3	40	80	0	0	9690	P1-14-13	0	-
160	72.502604	74.500000	Eb5	69	80	0	0	9930	P1-14-6	0	-
161	72.529948	72.539062	F#2	36	80	0	0	9930	P1-14-16	0	-
162	72.535156	74.369792	F#3	37	80	0	0	9930	P1-14-16	0	-
163	72.541667	73.759115	C5	57	80	0	0	9930	P1-14-14	0	-
164	72.542969	73.500000	C4	43	80	0	0	9930	P1-14-14	0	-
165	72.545573	73.509115	Eb4	47	80	0	0	9930	P1-14-11	0	-
166	72.545573	74.169271	A4	45	80	0	0	9930	P1-14-5	0	-
167	74.548177	76.049479	D5	48	80	0	0	10170	P1-15-2	0	-
168	74.575521	75.739583	D4	25	80	0	0	10170	P1-15-12	0	-
169	74.575521	75.769531	Bb4	32	80	0	0	10170	P1-15-1	0	-
170	74.593750	75.869792	G3	26	80	0	0	10170	P1-15-10	0	-
171	74.597656	75.569010	Bb3	26	80	0	0	10170	P1-15-11	0	-
172	76.804688	81.000000	G5	100	80	0	0	10410	P1-15-4	0	-
173	78.326823	78.658854	Db5	92	80	0	0	10650	P1-15-8	0	-
174	78.326823	78.679688	Db4	91	80	0	0	10650	P1-15-17	0	-
175	78.328125	78.679688	G4	88	80	0	0	10650	P1-15-6	0	-
176	78.332031	78.679688	Bb3	88	80	0	0	10650	P1-15-16	0	-
177	78.334635	78.669271	E3	84	80	0	0	10650	P1-15-15	0	-
178	80.903646	82.919271	F5	64	80	0	0	10890	P1-16-1	0	-
179	82.628906	82.895833	D5	35	80	0	0	11130	P1-16-6	0	-
180	82.634115	82.938802	Bb4	29	80	0	0	11130	P1-16-5	0	-
181	82.634115	82.901042	Bb3	27	80	0	0	11130	P1-16-14	0	-
182	82.638021	82.919271	D4	23	80	0	0	11130	P1-16-15	0	-
183	82.638021	82.649740	F2	25	80	0	0	11130	P1-16-13	0	-
184	82.638021	82.902344	F3	22	80	0	0	11130	P1-16-13	0	-
185	84.165365	84.382812	A4	36	80	0	0	11370	P1-16-10	0	-
186	84.182292	84.373698	C4	26	80	0	0	11370	P1-16-8	0	-
187	84.183594	84.377604	F2	26	80	0	0	11370	P1-16-17	0	-
188	84.184896	84.699219	Eb4	26	80	0	0	11370	P1-16-9	0	-
189	84.195312	84.479167	F3	20	80	0	0	11370	P1-16-18	0	-
190	85.782552	86.239583	Bb4	35	80	0	0	11610	P1-17-3	0	-
191	85.785156	86.218750	D4	24	80	0	0	11610	P1-17-2	0	-
192	85.790365	86.179688	Bb3	29	80	0	0	11610	P1-17-1	0	-
193	85.795573	86.149740	Bb2	26	80	0	0	11610	P1-17-8	0	-
194	85.796875	86.109375	Bb1	24	80	0	0	11610	P1-17-7	0	-
195	85.804688	86.049479	F3	20	80	0	0	11610	P1-17-1	0	-
196	87.015625	87.067708	Bb2	46	80	0	0	11790	P1-17-10	0	-
197	87.127604	87.279948	Bb1	39	80	0	0	11810	P1-17-11	0	-
198	87.212240	87.277344	Bb2	40	80	0	0	11830	P1-17-12	0	-
199	87.355469	87.634115	Bb1	27	80	0	0	11850	P1-17-13	0	-
200	88.483073	88.536458	Bb2	36	80	0	0	12030	P1-17-15	0	-
201	88.582031	88.644531	Bb1	37	80	0	0	12050	P1-17-16	0	-
202	88.664062	88.733073	Bb2	43	80	0	0	12070	P1-17-17	0	-
203	88.799479	89.102865	Bb1	35	80	0	0	12090	P1-17-18	0	-
204	90.303385	90.368490	Bb2	29	80	0	0	12270	P1-17-20	0	-
205	90.428385	90.503906	Bb1	26	80	0	0	12290	P1-17-21	0	-
206	90.515625	90.614583	Bb2	36	80	0	0	12310	P1-17-22	0	-
207	90.691406	92.509115	Eb4	56	80	0	0	12330	P1-18-3	0	-
208	90.695312	91.779948	Bb3	44	80	0	0	12330	P1-18-2	0	-
209	90.695312	91.229167	Bb2	35	80	0	0	12330	P1-18-2	0	-
210	90.699219	90.869792	Bb1	37	80	0	0	12330	P1-18-10	0	-
211	90.703125	92.369792	G3	39	80	0	0	12330	P1-18-1	0	-
212	92.256510	94.259115	D4	67	80	0	0	12570	P1-18-6	0	-
213	92.291667	93.968750	Bb3	48	80	0	0	12570	P1-18-5	0	-
214	92.294271	94.179688	F3	43	80	0	0	12570	P1-18-4	0	-
215	93.977865	95.819010	C#4	59	80	0	0	12810	P1-18-9	0	-
216	93.983073	95.529948	Bb3	54	80	0	0	12810	P1-18-9	0	-
217	93.988281	95.419271	E3	51	80	0	0	12810	P1-18-7	0	-
218	95.826823	97.859375	C#4	45	80	0	0	13050	P1-19-3	0	-
219	95.837240	99.399740	Bb3	42	80	0	0	13050	P1-19-3	0	-
220	95.842448	97.500000	E3	40	80	0	0	13050	P1-19-1	0	-
221	97.454427	97.639323	Bb2	31	80	0	0	13230	P1-19-11	0	-
222	97.572917	97.709635	Bb1	24	80	0	0	13250	P1-19-12	0	-
223	97.644531	98.509115	Bb2	38	80	0	0	13270	P1-19-13	0	-
224	97.796875	99.919271	D4	42	80	0	0	13290	P1-19-6	0	-
225	97.803385	98.539062	Bb1	34	80	0	0	13290	P1-19-14	0	-
226	97.828125	99.179688	F3	26	80	0	0	13290	P1-19-4	0	-
227	99.153646	99.222656	Bb2	36	80	0	0	13470	P1-19-16	0	-
228	99.266927	99.408854	Bb1	36	80	0	0	13490	P1-19-17	0	-
229	99.352865	99.434896	Bb2	36	80	0	0	13510	P1-19-18	0	-
230	99.493490	100.009115	Bb1	30	80	0	0	13530	P1-19-19	0	-
231	100.750000	100.889323	Bb2	34	80	0	0	13710	P1-19-21	0	-
232	100.882812	101.049479	Bb1	32	80	0	0	13730	P1-19-22	0	-
233	100.983073	102.449219	Bb2	39	80	0	0	13750	P1-19-23	0	-
234	101.162760	102.419271	C4	62	80	0	0	13770	P1-20-10	0	-
235	101.186198	104.309896	G3	42	80	0	0	13770	P1-20-2	0	-
236	101.187500	104.250000	Eb3	39	80	0	0	13770	P1-20-1	0	-
237	102.313802	102.579427	D4	61	80	0	0	13920	P1-20-12	0	-
238	102.498698	102.704427	C4	67	80	0	0	13950	P1-20-13	0	-
239	102.695312	102.973958	B3	66	80	0	0	13980	P1-20-14	0	-
240	102.906250	104.128906	C4	72	80	0	0	14010	P1-20-6	0	-
241	103.696615	104.789062	Eb4	75	80	0	0	14130	P1-20-7	0	-
242	104.695312	105.829427	C4	49	80	0	0	14250	P1-20-8	0	-
243	104.723958	106.009115	Gb3	39	80	0	0	14250	P1-20-4	0	-
244	104.725260	105.929688	Eb3	37	80	0	0	14250	P1-20-3	0	-
245	105.429688	105.919271	A3	43	80	0	0	14370	P1-20-9	0	-
246	106.315104	107.429688	A3	37	80	0	0	14490	P1-21-3	0	-
247	106.322917	107.500000	C4	35	80	0	0	14490	P1-21-4	0	-
248	106.329427	107.309896	Eb3	30	80	0	0	14490	P1-21-1	0	-
249	106.338542	107.429688	Gb3	29	80	0	0	14490	P1-21-2	0	-
250	107.658854	107.799479	Bb2	31	80	0	0	14670	P1-21-12	0	-
251	107.766927	107.968750	Bb1	31	80	0	0	14690	P1-21-13	0	-
252	107.858073	107.979167	Bb2	35	80	0	0	14710	P1-21-14	0	-
253	108.003906	108.889323	Bb3	42	80	0	0	14730	P1-21-7	0	-
254	108.036458	108.529948	F3	29	80	0	0	14730	P1-21-6	0	-
255	108.040365	108.434896	D3	29	80	0	0	14730	P1-21-5	0	-
256	108.041667	108.579427	Bb1	30	80	0	0	14730	P1-21-15	0	-
257	109.212240	109.281250	Bb2	47	80	0	0	14910	P1-21-17	0	-
258	109.335938	109.404948	Bb1	34	80	0	0	14930	P1-21-18	0	-
259	109.433594	109.492188	Bb2	31	80	0	0	14950	P1-21-19	0	-
260	109.536458	110.049479	Bb1	36	80	0	0	14970	P1-21-20	0	-
261	110.805990	110.885417	Bb2	43	80	0	0	15150	P1-21-22	0	-
262	110.932292	111.049479	Bb1	38	80	0	0	15170	P1-21-23	0	-
263	111.018229	111.067708	Bb2	37	80	0	0	15190	P1-21-24	0	-
264	111.207031	112.859375	Bb4	69	80	0	0	15210	P1-22-2	0	-
265	111.251302	111.549479	Bb3	41	80	0	0	15450	P1-22-3	0	-
266	111.255208	112.408854	D4	42	80	0	0	15450	P1-22-4	0	-
267	112.606771	114.179688	G4	74	80	0	0	15450	P1-22-5	0	-
268	112.636719	113.639323	D4	52	80	0	0	15450	P1-22-4	0	-
269	112.641927	113.718750	Bb3	58	80	0	0	15450	P1-22-3	0	-
270	114.087240	116.359375	F4	77	80	0	0	15690	P1-22-8	0	-
271	114.100260	115.559896	D4	59	80	0	0	15690	P1-22-7	0	-
272	114.104167	115.009115	A3	64	80	0	0	15690	P1-22-6	0	-
273	116.335938	118.169271	E4	40	80	0	0	15930	P1-23-3	0	-
274	116.360677	118.158854	G3	36	80	0	0	15930	P1-23-1	0	-
275	116.363281	118.309896	C4	34	80	0	0	15930	P1-23-2	0	-
276	117.444010	117.639323	C3	33	80	0	0	16110	P1-23-15	0	-
277	117.570312	117.938802	C2	33	80	0	0	16130	P1-23-16	0	-
278	117.651042	118.019531	C3	26	80	0	0	16150	P1-23-17	0	-
279	118.596354	120.389323	E4	48	80	0	0	16290	P1-23-6	0	-
280	118.617188	119.179688	C4	37	80	0	0	16290	P1-23-5	0	-
281	118.622396	119.128906	G3	38	80	0	0	16290	P1-23-4	0	-
282	119.044271	119.188802	C6	41	80	0	0	16350	P1-23-20	0	-
283	119.173177	119.569010	C5	41	80	0	0	16370	P1-23-21	0	-
284	119.196615	119.329427	C6	51	80	0	0	16390	P1-23-22	0	-
285	119.324219	119.959635	F4	47	80	0	0	16410	P1-23-9	0	-
286	119.338542	119.750000	C4	41	80	0	0	16410	P1-23-8	0	-
287	119.367188	119.699219	A3	42	80	0	0	16410	P1-23-7	0	-
288	119.951823	120.639323	G4	59	80	0	0	16530	P1-23-12	0	-
289	119.962240	120.559896	C4	40	80	0	0	16530	P1-23-11	0	-
290	119.964844	120.382812	Bb3	45	80	0	0	16530	P1-23-10	0	-
291	120.735677	122.069010	G4	41	80	0	0	16650	P1-24-3	0	-
292	120.740885	121.449219	Bb3	41	80	0	0	16650	P1-24-1	0	-
293	120.742188	122.598958	C4	39	80	0	0	16650	P1-24-2	0	-
294	121.734375	122.128906	E4	44	80	0	0	16830	P1-24-6	0	-
295	121.753906	121.919271	C3	41	80	0	0	16830	P1-24-21	0	-
296	121.755208	122.039062	G#3	43	80	0	0	16830	P1-24-4	0	-
297	121.884115	122.089844	C2	38	80	0	0	16850	P1-24-22	0	-
298	121.963542	122.250000	C3	43	80	0	0	16870	P1-24-23	0	-
299	122.087240	122.649740	F4	45	80	0	0	16890	P1-24-9	0	-
300	122.092448	122.549479	A3	42	80	0	0	16890	P1-24-7	0	-
301	122.095052	122.263021	C2	37	80	0	0	16890	P1-24-24	0	-
302	122.837240	123.598958	F4	62	80	0	0	17010	P1-24-12	0	-
303	122.864583	123.378906	A3	45	80	0	0	17010	P1-24-10	0	-
304	122.865885	123.419271	C4	53	80	0	0	17010	P1-24-11	0	-
305	123.273438	123.325521	C6	63	80	0	0	17070	P1-24-26	0	-
306	123.398438	123.889323	C5	44	80	0	0	17090	P1-24-27	0	-
307	123.451823	123.522135	C6	68	80	0	0	17110	P1-24-28	0	-
308	123.553385	124.239583	G4	68	80	0	0	17130	P1-24-15	0	-
309	123.578125	124.250000	E4	53	80	0	0	17130	P1-24-14	0	-
310	123.578125	124.059896	C4	54	80	0	0	17130	P1-24-13	0	-
311	124.179688	124.839844	A4	80	80	0	0	17250	P1-24-18	0	-
312	124.207031	124.819010	F4	52	80	0	0	17250	P1-24-17	0	-
313	124.210938	124.799479	C4	56	80	0	0	17250	P1-24-16	0	-
314	124.954427	126.479167	A4	64	80	0	0	17370	P1-25-2	0	-
315	124.980469	127.119792	C4	62	80	0	0	17370	P1-25-16	0	-
316	124.981771	126.218750	F4	47	80	0	0	17370	P1-25-1	0	-
317	126.055990	126.415365	F#4	69	80	0	0	17550	P1-25-4	0	-
318	126.105469	126.269531	C3	50	80	0	0	17550	P1-25-20	0	-
319	126.114583	126.669271	D#4	45	80	0	0	17550	P1-25-3	0	-
320	126.225260	126.729167	C2	42	80	0	0	17570	P1-25-21	0	-
321	126.315104	126.750000	C3	46	80	0	0	17590	P1-25-22	0	-
322	126.430990	127.059896	G4	58	80	0	0	17610	P1-25-6	0	-
323	126.433594	127.009115	E4	49	80	0	0	17610	P1-25-5	0	-
324	127.231771	127.949219	G4	80	80	0	0	17730	P1-25-9	0	-
325	127.257812	127.968750	E4	66	80	0	0	17730	P1-25-8	0	-
326	127.266927	127.819010	C4	62	80	0	0	17730	P1-25-7	0	-
327	127.664062	127.731771	C6	60	80	0	0	17790	P1-25-25	0	-
328	127.764323	127.899740	C5	55	80	0	0	17810	P1-25-26	0	-
329	127.833333	127.895833	C6	63	80	0	0	17830	P1-25-27	0	-
330	127.923177	128.619792	A4	76	80	0	0	17850	P1-25-12	0	-
331	127.946615	128.598958	F4	63	80	0	0	17850	P1-25-11	0	-
332	127.957031	128.438802	C4	64	80	0	0	17850	P1-25-10	0	-
333	128.537760	129.089844	Bb4	85	80	0	0	17970	P1-25-15	0	-
334	128.571615	129.128906	G4	57	80	0	0	17970	P1-25-14	0	-
335	128.572917	129.109375	C4	51	80	0	0	17970	P1-25-13	0	-
336	129.285156	130.500000	Bb4	82	80	0	0	18090	P1-26-2	0	-
337	129.305990	130.519531	G4	62	80	0	0	18090	P1-26-1	0	-
338	129.313802	130.709635	C4	59	80	0	0	18090	P1-26-18	0	-
339	130.355469	130.718750	G#4	78	80	0	0	18270	P1-26-4	0	-
340	130.389323	130.709635	E4	56	80	0	0	18270	P1-26-3	0	-
341	130.398438	130.471354	C3	49	80	0	0	18270	P1-26-22	0	-
342	130.518229	130.709635	C2	51	80	0	0	18290	P1-26-23	0	-
343	130.598958	130.769531	C3	55	80	0	0	18310	P1-26-24	0	-
344	130.705729	131.149740	A4	70	80	0	0	18330	P1-26-6	0	-
345	130.716146	131.149740	F4	59	80	0	0	18330	P1-26-5	0	-
346	130.723958	130.919271	C2	50	80	0	0	18330	P1-26-25	0	-
347	131.437500	132.069010	A4	89	80	0	0	18450	P1-26-9	0	-
348	131.444010	132.188802	F4	79	80	0	0	18450	P1-26-8	0	-
349	131.445312	132.139323	C4	79	80	0	0	18450	P1-26-7	0	-
350	131.899740	132.079427	C6	83	80	0	0	18510	P1-26-27	0	-
351	132.024740	132.158854	C5	62	80	0	0	18530	P1-26-28	0	-
352	132.088542	132.348958	C6	87	80	0	0	18550	P1-26-29	0	-
353	132.195312	132.809896	B4	91	80	0	0	18570	P1-26-13	0	-
354	132.199219	132.789062	F4	73	80	0	0	18570	P1-26-11	0	-
355	132.200521	132.839844	D4	79	80	0	0	18570	P1-26-10	0	-
356	132.200521	132.859375	Ab4	84	80	0	0	18570	P1-26-12	0	-
357	132.950521	133.449219	B4	89	80	0	0	18690	P1-26-17	0	-
358	132.953125	133.299479	Ab4	92	80	0	0	18690	P1-26-16	0	-
359	132.954427	133.559896	D4	80	80	0	0	18690	P1-26-14	0	-
360	132.955729	133.218750	F4	84	80	0	0	18690	P1-26-15	0	-
361	133.473958	133.679688	C6	92	80	0	0	18750	P1-26-32	0	-
362	133.614583	133.769531	C5	61	80	0	0	18770	P1-26-33	0	-
363	133.743490	133.796875	C6	70	80	0	0	18790	P1-26-34	0	-
364	134.235677	134.750000	C5	74	80	0	0	18810	P1-27-3	0	-
365	134.281250	134.799479	G4	51	80	0	0	18810	P1-27-2	0	-
366	134.282552	134.839844	E4	46	80	0	0	18810	P1-27-1	0	-
367	135.111979	136.348958	G4	69	80	0	0	18930	P1-27-6	0	-
368	135.131510	136.369792	E4	51	80	0	0	18930	P1-27-5	0	-
369	135.134115	136.389323	C4	50	80	0	0	18930	P1-27-4	0	-
370	135.552083	135.688802	C3	39	80	0	0	18990	P1-27-18	0	-
371	135.701823	136.000000	C2	39	80	0	0	19020	P1-27-19	0	-
372	135.910156	136.089844	C3	39	80	0	0	19050	P1-27-20	0	-
373	136.675781	137.259115	G4	72	80	0	0	19170	P1-27-9	0	-
374	136.700521	137.509115	E4	55	80	0	0	19170	P1-27-8	0	-
375	136.704427	137.479167	C4	55	80	0	0	19170	P1-27-7	0	-
376	137.174479	137.500000	C6	60	80	0	0	19230	P1-27-22	0	-
377	137.335938	138.309896	C5	53	80	0	0	19260	P1-27-23	0	-
378	137.511719	138.158854	B4	56	80	0	0	19290	P1-27-12	0	-
379	137.531250	137.669271	G4	45	80	0	0	19290	P1-27-11	0	-
380	137.536458	138.089844	D4	39	80	0	0	19290	P1-27-10	0	-
381	137.542969	138.000000	F4	41	80	0	0	19290	P1-27-11	0	-
382	138.313802	138.769531	G4	47	80	0	0	19410	P1-27-15	0	-
383	138.325521	139.188802	F4	43	80	0	0	19410	P1-27-14	0	-
384	138.330729	139.109375	D4	43	80	0	0	19410	P1-27-13	0	-
385	139.153646	139.709635	C5	75	80	0	0	19530	P1-28-3	0	-
386	139.179688	139.329427	G4	48	80	0	0	19530	P1-28-1	0	-
387	139.182292	139.718750	E4	50	80	0	0	19530	P1-28-2	0	-
388	139.191406	139.679688	C4	48	80	0	0	19530	P1-28-1	0	-
389	140.045573	141.229167	G4	63	80	0	0	19650	P1-28-6	0	-
390	140.057292	141.279948	E4	50	80	0	0	19650	P1-28-5	0	-
391	140.067708	141.299479	C4	43	80	0	0	19650	P1-28-4	0	-
392	140.502604	140.658854	C3	54	80	0	0	19710	P1-28-18	0	-
393	140.644531	140.714844	C2	51	80	0	0	19740	P1-28-19	0	-
394	140.807292	141.000000	C3	45	80	0	0	19770	P1-28-20	0	-
395	141.602865	142.429688	G4	72	80	0	0	19890	P1-28-9	0	-
396	141.635417	142.429688	E4	47	80	0	0	19890	P1-28-8	0	-
397	141.638021	143.039062	C4	48	80	0	0	19890	P1-28-7	0	-
398	142.162760	142.276042	C6	57	80	0	0	19950	P1-28-22	0	-
399	142.304688	142.468750	C5	48	80	0	0	19980	P1-28-23	0	-
400	142.440104	143.139323	B4	58	80	0	0	20010	P1-28-12	0	-
401	142.458333	143.000000	D4	43	80	0	0	20010	P1-28-10	0	-
402	142.458333	142.959635	F4	45	80	0	0	20010	P1-28-11	0	-
403	143.402344	144.069010	G4	48	80	0	0	20130	P1-28-15	0	-
404	143.410156	143.908854	F4	41	80	0	0	20130	P1-28-14	0	-
405	143.414062	143.949219	D4	33	80	0	0	20130	P1-28-13	0	-
406	144.492188	145.459635	C5	50	80	0	0	20250	P1-29-3	0	-
407	144.523438	144.893229	C4	31	80	0	0	20250	P1-29-1	0	-
408	144.523438	144.891927	E4	34	80	0	0	20250	P1-29-2	0	-
409	145.441406	146.789062	G4	42	80	0	0	20370	P1-29-6	0	-
410	145.479167	146.709635	C4	29	80	0	0	20370	P1-29-4	0	-
411	145.483073	146.489583	E4	31	80	0	0	20370	P1-29-5	0	-
412	146.022135	146.218750	C3	35	80	0	0	20430	P1-29-15	0	-
413	146.201823	147.309896	C2	33	80	0	0	20460	P1-29-16	0	-
414	146.363281	146.908854	C3	38	80	0	0	20490	P1-29-17	0	-
415	147.143229	148.319010	C4	33	80	0	0	20610	P1-29-8	0	-
416	147.144531	148.848958	E4	34	80	0	0	20610	P1-29-9	0	-
417	147.152344	148.299479	G3	32	80	0	0	20610	P1-29-7	0	-
418	147.584635	147.734375	C3	32	80	0	0	20670	P1-29-19	0	-
419	147.764323	148.309896	C2	32	80	0	0	20700	P1-29-20	0	-
420	147.980469	148.279948	C3	30	80	0	0	20730	P1-29-21	0	-
421	148.964844	150.389323	C4	34	80	0	0	20850	P1-29-12	0	-
422	148.981771	150.579427	G3	33	80	0	0	20850	P1-29-11	0	-
423	148.994792	150.218750	E3	31	80	0	0	20850	P1-29-10	0	-
424	149.436198	149.709635	C3	33	80	0	0	20910	P1-29-23	0	-
425	149.626302	150.049479	C2	35	80	0	0	20940	P1-29-24	0	-
426	149.903646	150.188802	C3	28	80	0	0	20970	P1-30-13	0	-
427	150.894531	152.199219	C4	47	80	0	0	21090	P1-30-14	0	-
428	151.722656	152.799479	B3	75	80	0	0	21210	P1-30-15	0	-
429	152.660156	154.015625	C4	84	80	0	0	21330	P1-30-19	0	-
430	152.695312	153.509115	Bb3	58	80	0	0	21330	P1-30-16	0	-
431	153.503906	154.419271	A3	60	80	0	0	21450	P1-30-17	0	-
432	153.906250	154.024740	D4	76	80	0	0	21510	P1-30-7	0	-
433	154.135417	154.247396	E4	83	80	0	0	21540	P1-30-8	0	-
434	154.382812	154.505208	F4	81	80	0	0	21570	P1-30-9	0	-
435	154.385417	155.019531	G3	61	80	0	0	21570	P1-30-18	0	-
436	154.385417	154.799479	Bb3	62	80	0	0	21570	P1-30-20	0	-
437	154.615885	154.906250	G4	85	80	0	0	21600	P1-30-10	0	-
438	154.868490	155.190104	A4	90	80	0	0	21630	P1-30-11	0	-
439	155.154948	155.669271	Bb4	84	80	0	0	21660	P1-30-12	0	-
440	155.565104	156.699219	F2	38	80	0	0	21690	P1-31-9	0	-
441	155.805990	159.299479	C5	71	80	0	0	21690	P1-31-1	0	-
442	156.634115	158.109375	F3	26	80	0	0	21810	P1-31-10	0	-
443	157.423177	162.500000	F4	24	80	0	0	21930	P1-31-7	0	-
444	157.454427	158.919271	A3	30	80	0	0	21930	P1-31-11	0	-
445	157.457031	159.218750	C4	27	80	0	0	21930	P1-31-12	0	-
446	158.263021	159.438802	F3	33	80	0	0	22050	P1-31-13	0	-
447	158.888021	159.529948	A4	78	80	0	0	22140	P1-31-3	0	-
448	159.283854	161.149740	F5	81	80	0	0	22170	P1-31-4	0	-
449	159.334635	160.709635	D4	33	80	0	0	22170	P1-31-15	0	-
450	159.337240	160.919271	Bb3	42	80	0	0	22170	P1-31-14	0	-
451	160.114583	161.179688	F3	42	80	0	0	22290	P1-31-16	0	-
452	160.682292	161.130208	D5	79	80	0	0	22380	P1-31-5	0	-
453	161.001302	163.098958	C5	75	80	0	0	22410	P1-32-1	0	-
454	161.049479	162.269531	A3	37	80	0	0	22410	P1-32-10	0	-
455	161.050781	162.239583	C4	35	80	0	0	22410	P1-32-11	0	-
456	161.835938	163.459635	F3	34	80	0	0	22530	P1-32-12	0	-
457	162.669271	164.459635	F4	43	80	0	0	22650	P1-32-7	0	-
458	162.695312	164.489583	C4	33	80	0	0	22650	P1-32-14	0	-
459	162.704427	164.378906	A3	33	80	0	0	22650	P1-32-13	0	-
460	163.468750	165.419271	F3	48	80	0	0	22770	P1-32-15	0	-
461	164.132812	164.528646	A4	77	80	0	0	22860	P1-32-3	0	-
462	164.427083	166.149740	Bb4	71	80	0	0	22890	P1-32-4	0	-
463	164.463542	165.549479	D3	42	80	0	0	22890	P1-32-16	0	-
464	164.467448	165.598958	F4	42	80	0	0	22890	P1-32-8	0	-
465	165.220052	166.279948	D4	43	80	0	0	23010	P1-32-9	0	-
466	165.234375	165.658854	Bb2	38	80	0	0	23010	P1-32-17	0	-
467	165.872396	166.269531	G4	70	80	0	0	23100	P1-32-5	0	-
468	166.216146	169.679688	F4	70	80	0	0	23130	P1-33-1	0	-
469	166.244792	167.209635	C2	38	80	0	0	23130	P1-33-10	0	-
470	167.039062	167.500000	A3	47	80	0	0	23250	P1-33-7	0	-
471	167.067708	168.079427	C3	41	80	0	0	23250	P1-33-11	0	-
472	167.914062	169.250000	C4	55	80	0	0	23370	P1-33-8	0	-
473	167.944010	169.658854	A3	37	80	0	0	23370	P1-33-13	0	-
474	167.951823	169.509115	F3	29	80	0	0	23370	P1-33-12	0	-
475	168.722656	170.109375	C3	31	80	0	0	23490	P1-33-14	0	-
476	169.579427	170.208333	A4	58	80	0	0	23610	P1-33-2	0	-
477	169.623698	171.209635	G3	37	80	0	0	23610	P1-33-16	0	-
478	169.626302	171.289062	C4	37	80	0	0	23610	P1-33-9	0	-
479	169.627604	170.559896	E3	34	80	0	0	23610	P1-33-15	0	-
480	170.092448	170.604167	G4	64	80	0	0	23670	P1-33-3	0	-
481	170.554688	171.399740	F4	53	80	0	0	23730	P1-33-4	0	-
482	170.562500	171.709635	C3	38	80	0	0	23730	P1-33-17	0	-
483	170.985677	171.339844	G4	64	80	0	0	23790	P1-33-5	0	-
484	171.596354	173.665365	G4	46	80	0	0	23850	P1-34-1	0	-
485	171.626302	173.769531	C4	33	80	0	0	23850	P1-34-13	0	-
486	171.638021	173.789062	F2	33	80	0	0	23850	P1-34-21	0	-
487	171.645833	173.019531	E3	37	80	0	0	23850	P1-34-15	0	-
488	172.600260	173.773438	C3	33	80	0	0	23970	P1-34-16	0	-
489	173.468750	173.718750	G#4	47	80	0	0	24060	P1-34-2	0	-
490	173.755208	175.479167	A4	48	80	0	0	24090	P1-34-3	0	-
491	173.782552	175.049479	C4	28	80	0	0	24090	P1-34-3	0	-
492	173.799479	175.089844	F2	28	80	0	0	24090	P1-34-17	0	-
493	173.807292	174.979167	F3	29	80	0	0	24090	P1-34-17	0	-
494	174.832031	175.838542	A2	47	80	0	0	24210	P1-34-18	0	-
495	175.722656	176.584635	Bb2	56	80	0	0	24330	P1-34-19	0	-
496	175.934896	176.029948	C4	63	80	0	0	24360	P1-34-6	0	-
497	176.128906	176.214844	D4	68	80	0	0	24390	P1-34-7	0	-
498	176.324219	176.414062	E4	80	80	0	0	24420	P1-34-8	0	-
499	176.549479	176.652344	F4	82	80	0	0	24450	P1-34-9	0	-
500	176.550781	176.559896	G1	54	80	0	0	24450	P1-34-20	0	-
501	176.552083	177.536458	G2	53	80	0	0	24450	P1-34-20	0	-
502	176.752604	176.834635	G4	82	80	0	0	24480	P1-34-10	0	-
503	176.967448	177.053385	A4	79	80	0	0	24510	P1-34-11	0	-
504	177.208333	177.325521	Bb4	76	80	0	0	24540	P1-34-12	0	-
505	177.493490	178.218750	F2	35	80	0	0	24570	P1-35-9	0	-
506	177.501302	177.509115	C4	31	80	0	0	24570	P1-35-1	0	-
507	177.690104	180.779948	C5	60	80	0	0	24570	P1-35-1	0	-
508	178.532552	179.750000	F3	33	80	0	0	24690	P1-35-10	0	-
509	178.865885	179.589844	E4	45	80	0	0	24750	P1-35-7	0	-
510	179.393229	184.098958	F4	42	80	0	0	24810	P1-35-8	0	-
511	179.402344	180.348958	A3	34	80	0	0	24810	P1-35-11	0	-
512	179.412760	181.179688	C4	31	80	0	0	24810	P1-35-12	0	-
513	180.141927	181.239583	F3	30	80	0	0	24930	P1-35-13	0	-
514	180.764323	181.239583	A4	68	80	0	0	25020	P1-35-3	0	-
515	181.101562	182.750000	F5	53	80	0	0	25050	P1-35-4	0	-
516	181.125000	182.279948	Bb3	36	80	0	0	25050	P1-35-14	0	-
517	181.130208	182.709635	D4	28	80	0	0	25050	P1-35-15	0	-
518	181.963542	183.049479	F3	30	80	0	0	25170	P1-35-16	0	-
519	182.583333	182.919271	D5	55	80	0	0	25260	P1-35-5	0	-
520	182.821615	184.500000	C5	56	80	0	0	25290	P1-36-1	0	-
521	182.884115	184.019531	A3	30	80	0	0	25290	P1-36-12	0	-
522	182.884115	184.169271	C4	30	80	0	0	25290	P1-36-13	0	-
523	183.602865	184.539062	F3	32	80	0	0	25410	P1-36-14	0	-
524	183.984375	184.539062	E4	42	80	0	0	25470	P1-36-8	0	-
525	184.454427	186.000000	F4	41	80	0	0	25530	P1-36-9	0	-
526	184.464844	186.009115	C4	33	80	0	0	25530	P1-36-16	0	-
527	184.473958	185.459635	A3	33	80	0	0	25530	P1-36-15	0	-
528	185.303385	186.348958	F3	41	80	0	0	25650	P1-36-17	0	-
529	185.911458	186.255208	A4	71	80	0	0	25740	P1-36-3	0	-
530	186.212240	186.839844	C5	60	80	0	0	25770	P1-36-4	0	-
531	186.235677	187.209635	F4	43	80	0	0	25770	P1-36-10	0	-
532	186.240885	187.509115	D3	36	80	0	0	25770	P1-36-18	0	-
533	186.664062	187.569010	Bb4	62	80	0	0	25830	P1-36-5	0	-
534	187.088542	187.688802	Bb2	38	80	0	0	25890	P1-36-19	0	-
535	187.093750	187.589844	D4	42	80	0	0	25890	P1-36-11	0	-
536	187.446615	188.059896	G4	58	80	0	0	25950	P1-36-6	0	-
537	187.963542	191.459635	F4	59	80	0	0	26010	P1-37-1	0	-
538	188.003906	188.598958	A3	37	80	0	0	26010	P1-37-3	0	-
539	188.005208	190.589844	C3	33	80	0	0	26010	P1-37-14	0	-
540	188.845052	189.649740	A3	37	80	0	0	26130	P1-37-5	0	-
541	188.876302	190.059896	F3	38	80	0	0	26130	P1-37-4	0	-
542	189.653646	190.729167	C4	58	80	0	0	26250	P1-37-7	0	-
543	189.656250	190.188802	A3	45	80	0	0	26250	P1-37-6	0	-
544	190.473958	191.339844	A3	56	80	0	0	26370	P1-37-9	0	-
545	190.476562	191.269531	F3	53	80	0	0	26370	P1-37-8	0	-
546	191.317708	193.919271	C4	67	80	0	0	26490	P1-37-2	0	-
547	191.325521	192.688802	G3	55	80	0	0	26490	P1-37-11	0	-
548	191.333333	192.229167	E3	56	80	0	0	26490	P1-37-10	0	-
549	191.341146	193.250000	C2	50	80	0	0	26490	P1-37-15	0	-
550	192.235677	193.309896	E3	42	80	0	0	26610	P1-37-13	0	-
551	192.236979	192.799479	C3	43	80	0	0	26610	P1-37-12	0	-
552	193.341146	193.919271	A3	34	80	0	0	26730	P1-38-3	0	-
553	193.355469	193.878906	F1	26	80	0	0	26730	P1-38-8	0	-
554	193.360677	193.878906	F2	26	80	0	0	26730	P1-38-9	0	-
555	193.375000	193.878906	F3	23	80	0	0	26730	P1-38-2	0	-
556	193.375000	193.889323	C3	23	80	0	0	26730	P1-38-1	0	-
557	194.804688	194.884115	F2	27	80	0	0	26910	P1-38-11	0	-
558	194.907552	195.063802	F1	35	80	0	0	26930	P1-38-12	0	-
559	195.002604	195.072917	F2	37	80	0	0	26950	P1-38-13	0	-
560	195.115885	195.390625	F1	36	80	0	0	26970	P1-38-14	0	-
561	196.425781	196.559896	F2	25	80	0	0	27150	P1-38-16	0	-
562	196.528646	196.750000	F1	31	80	0	0	27170	P1-38-17	0	-
563	196.634115	196.707031	F2	28	80	0	0	27190	P1-38-18	0	-
564	196.757812	197.036458	F1	26	80	0	0	27210	P1-38-19	0	-
565	197.822917	198.419271	F4	29	80	0	0	27330	P1-38-7	0	-
566	198.746094	200.729167	F4	33	80	0	0	27450	P1-39-1	0	-
567	200.246094	201.000000	F2	29	80	0	0	27630	P1-39-10	0	-
568	200.375000	200.989583	F1	34	80	0	0	27650	P1-39-11	0	-
569	200.623698	203.500000	Gb4	44	80	0	0	27690	P1-39-2	0	-
570	200.634115	206.098958	Eb4	39	80	0	0	27690	P1-39-7	0	-
571	200.647135	205.889323	A3	33	80	0	0	27690	P1-39-5	0	-
572	200.652344	206.019531	C4	35	80	0	0	27690	P1-39-6	0	-
573	202.084635	202.199219	F2	28	80	0	0	27870	P1-39-15	0	-
574	202.199219	202.419271	F1	36	80	0	0	27890	P1-39-16	0	-
575	202.305990	202.789062	F2	26	80	0	0	27910	P1-39-17	0	-
576	202.433594	202.619792	F1	29	80	0	0	27930	P1-39-18	0	-
577	203.511719	204.369792	Gb4	38	80	0	0	28050	P1-39-3	0	-
578	204.375000	206.059896	Gb4	45	80	0	0	28170	P1-40-1	0	-
579	205.837240	205.929688	F2	37	80	0	0	28350	P1-40-10	0	-
580	205.967448	206.949219	F1	39	80	0	0	28370	P1-40-11	0	-
581	206.053385	206.819010	F2	39	80	0	0	28390	P1-40-12	0	-
582	206.154948	211.069010	F#4	54	80	0	0	28410	P1-40-4	0	-
583	206.157552	208.859375	A4	58	80	0	0	28410	P1-40-6	0	-
584	206.171875	211.269531	C4	48	80	0	0	28410	P1-40-4	0	-
585	206.182292	211.239583	Eb4	47	80	0	0	28410	P1-40-5	0	-
586	207.601562	207.779948	F2	41	80	0	0	28590	P1-40-15	0	-
587	207.716146	207.825521	F1	34	80	0	0	28610	P1-40-16	0	-
588	207.794271	207.919271	F2	41	80	0	0	28630	P1-40-17	0	-
589	207.933594	208.059896	F1	45	80	0	0	28650	P1-40-18	0	-
590	207.934896	208.378906	F2	43	80	0	0	28650	P1-40-18	0	-
591	208.873698	209.688802	A4	70	80	0	0	28770	P1-40-7	0	-
592	209.704427	211.250000	A4	72	80	0	0	28890	P1-41-1	0	-
593	211.062500	211.113281	F2	63	80	0	0	29070	P1-41-10	0	-
594	211.184896	211.669271	F1	50	80	0	0	29090	P1-41-11	0	-
595	211.253906	211.549479	F2	56	80	0	0	29110	P1-41-12	0	-
596	211.373698	214.209635	Gb4	76	80	0	0	29130	P1-41-5	0	-
597	211.375000	213.819010	C5	77	80	0	0	29130	P1-41-6	0	-
598	211.375000	214.359375	A4	74	80	0	0	29130	P1-41-4	0	-
599	211.382812	214.339844	Eb4	72	80	0	0	29130	P1-41-4	0	-
600	212.716146	212.769531	F2	61	80	0	0	29310	P1-41-15	0	-
601	212.843750	213.049479	F1	58	80	0	0	29330	P1-41-16	0	-
602	212.914062	212.989583	F2	59	80	0	0	29350	P1-41-17	0	-
603	213.057292	213.789062	F1	66	80	0	0	29370	P1-41-18	0	-
604	213.824219	214.289062	C5	92	80	0	0	29490	P1-41-7	0	-
605	214.636719	215.279948	C5	97	80	0	0	29610	P1-42-1	0	-
606	215.557292	216.979167	Eb5	101	80	0	0	29730	P1-42-2	0	-
607	216.035156	216.147135	A3	78	80	0	0	29790	P1-42-20	0	-
608	216.035156	216.152344	C4	76	80	0	0	29790	P1-42-21	0	-
609	216.175781	216.282552	F3	76	80	0	0	29810	P1-42-22	0	-
610	216.279948	216.449219	C4	80	80	0	0	29830	P1-42-24	0	-
611	216.298177	216.466146	A3	76	80	0	0	29830	P1-42-23	0	-
612	216.453125	216.841146	F3	70	80	0	0	29850	P1-42-25	0	-
613	216.895833	217.151042	D5	83	80	0	0	29910	P1-42-4	0	-
614	217.143229	217.441406	C5	87	80	0	0	29940	P1-42-5	0	-
615	217.399740	217.699219	Bb4	84	80	0	0	29970	P1-42-6	0	-
616	217.636719	217.873698	A4	88	80	0	0	30000	P1-42-7	0	-
617	217.871094	218.164062	G4	86	80	0	0	30030	P1-42-8	0	-
618	218.093750	218.479167	F4	80	80	0	0	30060	P1-42-9	0	-
619	218.410156	218.791667	E4	81	80	0	0	30090	P1-42-10	0	-
620	218.764323	219.085938	Eb4	65	80	0	0	30120	P1-42-11	0	-
621	219.072917	219.304688	D4	54	80	0	0	30150	P1-42-12	0	-
622	219.313802	219.626302	C4	56	80	0	0	30180	P1-42-13	0	-
623	219.625000	220.013021	Bb3	44	80	0	0	30210	P1-42-14	0	-
624	219.976562	220.511719	A3	40	80	0	0	30240	P1-42-15	0	-
625	220.498698	221.839844	Eb4	38	80	0	0	30270	P1-42-16	0	-
626	220.941406	221.269531	A3	37	80	0	0	30300	P1-42-17	0	-
627	221.863281	226.128906	Bb3	53	80	0	0	30330	P1-43-1	0	-
628	221.880208	223.979167	D3	34	80	0	0	30330	P1-43-8	0	-
629	221.942708	226.309896	Bb1	25	80	0	0	30330	P1-43-2	0	-
630	221.945312	226.549479	Bb2	27	80	0	0	30330	P1-43-3	0	-
631	221.946615	226.949219	F2	25	80	0	0	30330	P1-43-2	0	-
632	223.368490	223.574219	Eb3	36	80	0	0	30540	P1-43-5	0	-
633	223.593750	225.269531	F3	41	80	0	0	30570	P1-43-6	0	-
634	225.277344	226.239583	F3	39	80	0	0	30810	P1-43-7	0	-
635	227.632812	228.252604	D5	52	80	0	0	31050	P1-44-1	0	-
636	227.669271	230.009115	F3	26	80	0	0	31050	P1-44-12	0	-
637	227.670573	230.049479	D3	25	80	0	0	31050	P1-44-11	0	-
638	227.673177	230.079427	Bb2	28	80	0	0	31050	P1-44-10	0	-
639	228.243490	228.342448	Eb5	57	80	0	0	31140	P1-44-7	0	-
640	228.350260	228.445312	D5	67	80	0	0	31150	P1-44-8	0	-
641	228.471354	228.669271	C5	67	80	0	0	31160	P1-44-9	0	-
642	228.597656	229.205729	D5	71	80	0	0	31170	P1-44-2	0	-
643	229.196615	229.417969	Eb5	60	80	0	0	31260	P1-44-3	0	-
644	229.427083	230.019531	F5	60	80	0	0	31290	P1-44-4	0	-
645	231.209635	233.188802	Bb3	58	80	0	0	31530	P1-44-6	0	-
646	231.240885	232.348958	D3	42	80	0	0	31530	P1-44-5	0	-
647	231.243490	232.289062	Bb2	39	80	0	0	31530	P1-44-15	0	-
648	231.247396	232.869792	F2	35	80	0	0	31530	P1-44-14	0	-
649	231.248698	233.009115	Bb1	36	80	0	0	31530	P1-44-13	0	-
650	233.113281	237.500000	A3	61	80	0	0	31770	P1-45-2	0	-
651	233.152344	235.878906	Eb3	35	80	0	0	31770	P1-45-3	0	-
652	233.153646	237.500000	F2	31	80	0	0	31770	P1-45-8	0	-
653	233.154948	237.449219	C3	34	80	0	0	31770	P1-45-9	0	-
654	233.160156	237.500000	C2	31	80	0	0	31770	P1-45-7	0	-
655	234.717448	234.992188	F3	61	80	0	0	31980	P1-45-4	0	-
656	234.994792	236.759115	Gb3	55	80	0	0	32010	P1-45-5	0	-
657	236.765625	237.459635	Gb3	61	80	0	0	32250	P1-45-6	0	-
658	238.842448	239.434896	A5	57	80	0	0	32490	P1-46-1	0	-
659	238.878906	240.787760	Gb3	39	80	0	0	32490	P1-46-13	0	-
660	238.893229	241.598958	C4	46	80	0	0	32490	P1-46-10	0	-
661	238.899740	241.750000	Eb4	41	80	0	0	32490	P1-46-11	0	-
662	239.455729	239.537760	Bb5	54	80	0	0	32580	P1-46-7	0	-
663	239.571615	239.634115	A5	59	80	0	0	32590	P1-46-8	0	-
664	239.661458	239.760417	G5	60	80	0	0	32600	P1-46-9	0	-
665	239.776042	240.569010	A5	58	80	0	0	32610	P1-46-2	0	-
666	240.523438	240.859375	Bb5	53	80	0	0	32700	P1-46-3	0	-
667	240.746094	241.500000	C6	53	80	0	0	32730	P1-46-4	0	-
668	240.791667	241.848958	F3	33	80	0	0	32730	P1-46-14	0	-
669	242.772135	246.899740	Eb4	51	80	0	0	32970	P1-46-6	0	-
670	242.795573	242.878906	F2	31	80	0	0	32970	P1-46-12	0	-
671	242.795573	242.809896	A1	33	80	0	0	32970	P1-46-15	0	-
672	242.795573	244.250000	F3	33	80	0	0	32970	P1-46-12	0	-
673	242.795573	244.289062	C4	37	80	0	0	32970	P1-46-5	0	-
674	242.798177	244.500000	A2	32	80	0	0	32970	P1-46-15	0	-
675	244.941406	249.119792	D4	60	80	0	0	33210	P1-47-2	0	-
676	244.954427	247.009115	Ab3	45	80	0	0	33210	P1-47-3	0	-
677	244.955729	249.669271	F3	38	80	0	0	33210	P1-47-1	0	-
678	244.957031	249.429688	Bb2	35	80	0	0	33210	P1-47-8	0	-
679	246.678385	246.989583	Bb3	51	80	0	0	33420	P1-47-4	0	-
680	246.957031	248.679688	B3	47	80	0	0	33420	P1-47-4	0	-
681	248.691406	249.789062	Cb4	60	80	0	0	33450	P1-47-5	0	-
682	250.575521	252.619792	Cb4	58	80	0	0	33690	P1-47-6	0	-
683	250.632812	253.339844	Ab4	52	80	0	0	33930	P1-48-11	0	-
684	250.632812	253.279948	F4	44	80	0	0	33930	P1-48-10	0	-
685	250.634115	251.250000	D5	58	80	0	0	33930	P1-48-1	0	-
686	251.200521	251.287760	Eb5	65	80	0	0	34020	P1-48-7	0	-
687	251.304688	251.382812	D5	69	80	0	0	34030	P1-48-8	0	-
688	251.403646	251.501302	C5	68	80	0	0	34040	P1-48-9	0	-
689	251.523438	252.158854	D5	65	80	0	0	34050	P1-48-2	0	-
690	252.093750	252.459635	Eb5	65	80	0	0	34140	P1-48-3	0	-
691	252.364583	253.259115	F5	55	80	0	0	34170	P1-48-4	0	-
692	252.407552	253.369792	Bb3	31	80	0	0	34170	P1-48-14	0	-
693	254.101562	255.500000	F5	85	80	0	0	34410	P1-48-6	0	-
694	254.131510	255.049479	D3	39	80	0	0	34410	P1-48-15	0	-
695	254.141927	255.259115	Ab4	53	80	0	0	34410	P1-48-5	0	-
696	254.144531	254.158854	D4	38	80	0	0	34410	P1-48-15	0	-
697	254.144531	255.199219	Bb3	50	80	0	0	34410	P1-48-12	0	-
698	255.845052	257.359375	F5	67	80	0	0	34650	P1-49-1	0	-
699	255.868490	256.569010	Bb3	38	80	0	0	34650	P1-49-10	0	-
700	255.873698	257.968750	Eb3	33	80	0	0	34650	P1-49-16	0	-
701	255.880208	257.649740	G4	39	80	0	0	34650	P1-49-6	0	-
702	256.576823	257.269531	B3	58	80	0	0	34770	P1-49-11	0	-
703	257.273438	257.688802	Eb5	74	80	0	0	34890	P1-49-2	0	-
704	257.274740	257.859375	C4	49	80	0	0	34890	P1-49-12	0	-
705	257.979167	258.789062	D5	80	80	0	0	35010	P1-49-3	0	-
706	258.005208	258.489583	Bb4	56	80	0	0	35010	P1-49-7	0	-
707	258.006510	258.489583	F3	51	80	0	0	35010	P1-49-17	0	-
708	258.007812	258.375000	D4	51	80	0	0	35010	P1-49-13	0	-
709	258.738281	259.169271	C5	74	80	0	0	35130	P1-49-4	0	-
710	258.751302	259.229167	Bb4	69	80	0	0	35130	P1-49-8	0	-
711	258.752604	259.158854	Eb4	63	80	0	0	35130	P1-49-14	0	-
712	258.756510	259.188802	G3	52	80	0	0	35130	P1-49-18	0	-
713	259.567708	259.968750	E4	69	80	0	0	35250	P1-49-15	0	-
714	259.571615	259.949219	C5	64	80	0	0	35250	P1-49-5	0	-
715	259.574219	259.949219	Bb4	64	80	0	0	35250	P1-49-9	0	-
716	259.593750	260.039062	G3	48	80	0	0	35250	P1-49-19	0	-
717	260.455729	261.259115	Bb4	60	80	0	0	35370	P1-50-18	0	-
718	260.484375	262.500000	E4	50	80	0	0	35370	P1-50-28	0	-
719	260.492188	263.658854	F3	45	80	0	0	35370	P1-50-32	0	-
720	260.673177	260.744792	D5	57	80	0	0	35400	P1-50-22	0	-
721	260.770833	260.826823	C5	64	80	0	0	35415	P1-50-23	0	-
722	260.847656	260.933594	D5	69	80	0	0	35445	P1-50-1	0	-
723	260.955729	261.023438	C5	71	80	0	0	35475	P1-50-27	0	-
724	261.033854	261.203125	B4	73	80	0	0	35490	P1-50-2	0	-
725	261.165365	261.324219	C5	70	80	0	0	35490	P1-50-3	0	-
726	261.338542	261.938802	D5	67	80	0	0	35490	P1-50-4	0	-
727	261.794271	262.229167	C5	66	80	0	0	35550	P1-50-5	0	-
728	262.617188	263.199219	C5	41	80	0	0	35610	P1-50-6	0	-
729	262.617188	263.519531	A4	38	80	0	0	35610	P1-50-19	0	-
730	262.647135	263.408854	F4	29	80	0	0	35610	P1-50-29	0	-
731	265.076823	265.300781	F3	34	80	0	0	35880	P1-50-9	0	-
732	265.311198	265.582031	G3	44	80	0	0	35910	P1-50-10	0	-
733	265.541667	265.714844	F3	44	80	0	0	35940	P1-50-11	0	-
734	265.755208	265.945312	E3	44	80	0	0	35970	P1-50-12	0	-
735	265.968750	266.203125	F3	45	80	0	0	36000	P1-50-13	0	-
736	266.207031	266.539062	G3	43	80	0	0	36030	P1-50-15	0	-
737	266.243490	266.688802	Eb3	35	80	0	0	36030	P1-50-14	0	-
738	266.454427	266.938802	A3	47	80	0	0	36060	P1-50-17	0	-
739	266.513021	266.908854	C3	39	80	0	0	36060	P1-50-16	0	-
740	266.872396	269.109375	Bb3	63	80	0	0	36090	P1-51-1	0	-
741	266.902344	267.938802	D3	43	80	0	0	36090	P1-51-3	0	-
742	266.924479	268.329427	Bb2	35	80	0	0	36090	P1-51-2	0	-
743	266.928385	267.889323	Bb1	34	80	0	0	36090	P1-51-10	0	-
744	268.604167	269.059896	Eb3	36	80	0	0	36300	P1-51-5	0	-
745	268.605469	269.059896	C3	35	80	0	0	36300	P1-51-4	0	-
746	268.942708	270.289062	F3	51	80	0	0	36330	P1-51-7	0	-
747	268.947917	270.369792	D3	43	80	0	0	36330	P1-51-6	0	-
748	269.300781	269.473958	Bb5	51	80	0	0	36360	P1-51-13	0	-
749	269.515625	269.769531	D6	47	80	0	0	36390	P1-51-14	0	-
750	269.714844	269.861979	Bb5	54	80	0	0	36420	P1-51-15	0	-
751	269.906250	270.098958	F5	42	80	0	0	36450	P1-51-16	0	-
752	270.083333	270.209635	Bb5	46	80	0	0	36480	P1-51-17	0	-
753	270.255208	270.458333	D5	53	80	0	0	36510	P1-51-18	0	-
754	270.473958	270.699219	F5	50	80	0	0	36540	P1-51-19	0	-
755	270.683594	271.279948	F3	44	80	0	0	36570	P1-51-9	0	-
756	270.694010	271.649740	D3	36	80	0	0	36570	P1-51-8	0	-
757	270.890625	271.069010	D5	50	80	0	0	36600	P1-51-21	0	-
758	271.054688	271.192708	F4	50	80	0	0	36630	P1-51-22	0	-
759	271.234375	271.429688	Bb4	43	80	0	0	36660	P1-51-23	0	-
760	271.406250	271.649740	D4	45	80	0	0	36690	P1-51-24	0	-
761	271.755208	271.989583	Bb3	41	80	0	0	36750	P1-51-26	0	-
762	271.898438	272.218750	D4	44	80	0	0	36780	P1-51-27	0	-
763	272.128906	272.574219	D5	69	80	0	0	36810	P1-52-1	0	-
764	272.166667	272.479167	F3	36	80	0	0	36810	P1-52-9	0	-
765	272.317708	272.509115	Bb3	44	80	0	0	36840	P1-52-10	0	-
766	272.489583	272.848958	D3	37	80	0	0	36870	P1-52-11	0	-
767	272.584635	272.696615	Eb5	68	80	0	0	36900	P1-52-6	0	-
768	272.675781	272.889323	F3	44	80	0	0	36900	P1-52-12	0	-
769	272.684896	272.755208	D5	76	80	0	0	36910	P1-52-7	0	-
770	272.768229	272.867188	C5	70	80	0	0	36920	P1-52-8	0	-
771	272.861979	273.089844	Bb2	52	80	0	0	36930	P1-52-13	0	-
772	272.863281	273.509115	D5	76	80	0	0	36930	P1-52-2	0	-
773	273.022135	273.269531	D3	52	80	0	0	36960	P1-52-14	0	-
774	273.234375	273.529948	F2	46	80	0	0	36990	P1-52-15	0	-
775	273.402344	273.670573	Eb5	75	80	0	0	37020	P1-52-3	0	-
776	273.424479	273.649740	Bb2	38	80	0	0	37020	P1-52-16	0	-
777	273.674479	274.859375	F5	63	80	0	0	37050	P1-52-4	0	-
778	273.908854	274.408854	Bb1	36	80	0	0	37080	P1-52-18	0	-
779	274.113281	274.289062	D2	28	80	0	0	37110	P1-52-19	0	-
780	274.298177	274.485677	F2	40	80	0	0	37140	P1-52-20	0	-
781	274.505208	274.819010	Bb2	42	80	0	0	37170	P1-52-21	0	-
782	274.674479	274.889323	D2	37	80	0	0	37200	P1-52-22	0	-
783	274.863281	275.057292	F2	44	80	0	0	37230	P1-52-23	0	-
784	275.065104	275.339844	Bb2	49	80	0	0	37260	P1-52-24	0	-
785	275.299479	277.049479	Bb3	63	80	0	0	37290	P1-52-5	0	-
786	275.315104	275.598958	D3	36	80	0	0	37290	P1-52-25	0	-
787	275.507812	275.718750	Bb2	42	80	0	0	37320	P1-52-26	0	-
788	275.673177	275.877604	F2	42	80	0	0	37350	P1-52-27	0	-
789	275.875000	276.019531	D2	36	80	0	0	37380	P1-52-28	0	-
790	276.085938	276.203125	Bb2	39	80	0	0	37410	P1-52-29	0	-
791	276.268229	276.539062	F2	40	80	0	0	37440	P1-52-30	0	-
792	276.484375	276.679688	D2	30	80	0	0	37470	P1-52-31	0	-
793	276.682292	276.979167	Bb1	34	80	0	0	37500	P1-52-32	0	-
794	277.007812	278.688802	A3	54	80	0	0	37530	P1-53-1	0	-
795	277.036458	277.929688	F1	30	80	0	0	37530	P1-53-10	0	-
796	277.063802	278.479167	Eb3	31	80	0	0	37530	P1-53-3	0	-
797	277.067708	277.919271	C3	30	80	0	0	37530	P1-53-2	0	-
798	278.403646	278.729167	F3	41	80	0	0	37740	P1-53-5	0	-
799	278.414062	278.739583	D3	39	80	0	0	37740	P1-53-4	0	-
800	278.703125	280.119792	Gb3	41	80	0	0	37770	P1-53-7	0	-
801	278.703125	280.128906	Eb3	41	80	0	0	37770	P1-53-6	0	-
802	278.703125	280.789062	A3	37	80	0	0	37770	P1-53-6	0	-
803	278.953125	279.259115	C6	49	80	0	0	37800	P1-53-13	0	-
804	279.174479	279.438802	Eb6	61	80	0	0	37830	P1-53-14	0	-
805	279.363281	279.484375	C6	50	80	0	0	37860	P1-53-15	0	-
806	279.527344	279.717448	A5	56	80	0	0	37890	P1-53-16	0	-
807	279.716146	280.128906	C6	49	80	0	0	37920	P1-53-17	0	-
808	279.899740	280.033854	Gb5	50	80	0	0	37950	P1-53-18	0	-
809	280.063802	280.419271	A5	50	80	0	0	37980	P1-53-19	0	-
810	280.268229	281.309896	Gb3	48	80	0	0	38010	P1-53-9	0	-
811	280.286458	281.089844	Eb3	39	80	0	0	38010	P1-53-8	0	-
812	280.287760	280.529948	Eb5	45	80	0	0	38010	P1-53-20	0	-
813	280.451823	281.529948	Gb5	57	80	0	0	38040	P1-53-21	0	-
814	280.680990	280.869792	C5	30	80	0	0	38070	P1-53-22	0	-
815	280.822917	281.269531	Eb5	53	80	0	0	38100	P1-53-23	0	-
816	281.040365	281.178385	A4	49	80	0	0	38130	P1-53-24	0	-
817	281.213542	281.341146	C5	48	80	0	0	38160	P1-53-25	0	-
818	281.385417	281.505208	Gb4	42	80	0	0	38190	P1-53-26	0	-
819	281.557292	281.799479	A4	36	80	0	0	38220	P1-53-27	0	-
820	281.785156	282.009115	Eb4	38	80	0	0	38250	P1-54-11	0	-
821	281.785156	282.299479	C6	72	80	0	0	38250	P1-54-1	0	-
822	281.964844	282.250000	Gb4	49	80	0	0	38280	P1-54-12	0	-
823	282.140625	282.399740	C4	50	80	0	0	38310	P1-54-13	0	-
824	282.255208	282.408854	D6	69	80	0	0	38340	P1-54-8	0	-
825	282.294271	283.479167	Eb4	49	80	0	0	38340	P1-54-14	0	-
826	282.347656	282.500000	C6	70	80	0	0	38350	P1-54-9	0	-
827	282.425781	282.526042	B5	74	80	0	0	38360	P1-54-10	0	-
828	282.511719	283.098958	C6	75	80	0	0	38370	P1-54-2	0	-
829	282.515625	282.709635	A3	51	80	0	0	38370	P1-54-15	0	-
830	282.692708	282.938802	C4	40	80	0	0	38400	P1-54-16	0	-
831	282.867188	283.179688	Gb3	45	80	0	0	38430	P1-54-17	0	-
832	283.027344	283.321615	D6	81	80	0	0	38460	P1-54-3	0	-
833	283.037760	283.299479	A3	49	80	0	0	38460	P1-54-18	0	-
834	283.268229	284.468750	C3	44	80	0	0	38490	P1-54-19	0	-
835	283.296875	284.709635	Eb6	74	80	0	0	38490	P1-54-4	0	-
836	283.510417	283.908854	Gb3	49	80	0	0	38520	P1-54-20	0	-
837	283.694010	284.348958	Eb3	51	80	0	0	38550	P1-54-21	0	-
838	283.885417	284.091146	A3	54	80	0	0	38580	P1-54-22	0	-
839	284.093750	284.509115	Gb3	60	80	0	0	38610	P1-54-23	0	-
840	284.264323	284.489583	C4	62	80	0	0	38640	P1-54-24	0	-
841	284.446615	285.348958	A3	58	80	0	0	38670	P1-54-25	0	-
842	284.635417	285.628906	Gb3	62	80	0	0	38700	P1-54-26	0	-
843	284.893229	286.919271	Gb4	85	80	0	0	38730	P1-54-7	0	-
844	284.930990	286.419271	Eb4	58	80	0	0	38730	P1-54-6	0	-
845	284.932292	286.299479	C4	56	80	0	0	38730	P1-54-5	0	-
846	285.195312	285.519531	Eb3	51	80	0	0	38760	P1-54-28	0	-
847	285.421875	286.348958	Bb2	49	80	0	0	38790	P1-54-29	0	-
848	285.644531	286.029948	Gb3	42	80	0	0	38820	P1-54-30	0	-
849	285.838542	286.269531	Eb3	38	80	0	0	38850	P1-54-31	0	-
850	286.028646	286.389323	Bb3	47	80	0	0	38880	P1-54-32	0	-
851	286.220052	286.500000	Gb3	44	80	0	0	38910	P1-54-33	0	-
852	286.338542	286.739583	Eb3	31	80	0	0	38940	P1-54-34	0	-
853	286.627604	287.209635	A2	40	80	0	0	38970	P1-55-15	0	-
854	286.734375	289.589844	F4	64	80	0	0	38970	P1-55-1	0	-
855	286.776042	288.199219	Eb4	49	80	0	0	38970	P1-55-6	0	-
856	286.783854	287.229167	C4	41	80	0	0	38970	P1-55-5	0	-
857	287.555990	288.218750	C4	41	80	0	0	39090	P1-55-8	0	-
858	287.562500	288.188802	A3	40	80	0	0	39090	P1-55-7	0	-
859	288.135417	288.375000	D4	58	80	0	0	39180	P1-55-10	0	-
860	288.140625	288.359375	B3	53	80	0	0	39180	P1-55-9	0	-
861	288.365885	289.519531	C4	42	80	0	0	39210	P1-55-11	0	-
862	288.365885	289.569010	Eb4	49	80	0	0	39210	P1-55-12	0	-
863	288.572917	288.761719	C6	52	80	0	0	39240	P1-55-18	0	-
864	288.755208	288.937500	Eb6	58	80	0	0	39270	P1-55-19	0	-
865	288.947917	289.095052	C6	51	80	0	0	39300	P1-55-20	0	-
866	289.123698	289.255208	A5	57	80	0	0	39330	P1-55-21	0	-
867	289.274740	289.549479	C6	51	80	0	0	39360	P1-55-22	0	-
868	289.470052	289.618490	Eb5	54	80	0	0	39390	P1-55-23	0	-
869	289.626302	289.812500	A5	61	80	0	0	39420	P1-55-24	0	-
870	289.832031	290.389323	Eb4	59	80	0	0	39450	P1-55-14	0	-
871	289.841146	290.639323	C4	58	80	0	0	39450	P1-55-13	0	-
872	290.023438	290.153646	Eb5	57	80	0	0	39480	P1-55-26	0	-
873	290.174479	290.359375	A4	49	80	0	0	39510	P1-55-27	0	-
874	290.351562	290.549479	C5	47	80	0	0	39540	P1-55-28	0	-
875	290.529948	291.250000	Eb4	37	80	0	0	39570	P1-55-29	0	-
876	290.703125	290.859375	A4	40	80	0	0	39600	P1-55-30	0	-
877	290.875000	291.199219	C4	41	80	0	0	39630	P1-55-31	0	-
878	291.048177	291.299479	C6	75	80	0	0	39630	P1-55-4	0	-
879	291.214844	291.445312	A3	45	80	0	0	39660	P1-55-32	0	-
880	291.309896	291.759115	C6	78	80	0	0	39690	P1-56-1	0	-
881	291.473958	291.617188	C4	42	80	0	0	39720	P1-56-12	0	-
882	291.662760	291.779948	F3	52	80	0	0	39750	P1-56-13	0	-
883	291.756510	291.899740	D6	71	80	0	0	39780	P1-56-8	0	-
884	291.803385	292.009115	A3	46	80	0	0	39780	P1-56-14	0	-
885	291.830729	292.000000	C6	71	80	0	0	39790	P1-56-9	0	-
886	291.924479	292.029948	B5	73	80	0	0	39800	P1-56-10	0	-
887	291.984375	292.144531	C3	47	80	0	0	39810	P1-56-15	0	-
888	292.003906	292.658854	C6	80	80	0	0	39810	P1-56-2	0	-
889	292.183594	292.305990	F3	47	80	0	0	39840	P1-56-16	0	-
890	292.335938	292.609375	A2	50	80	0	0	39870	P1-56-17	0	-
891	292.546875	292.869792	D6	80	80	0	0	39900	P1-56-3	0	-
892	292.557292	292.750000	C3	48	80	0	0	39900	P1-56-18	0	-
893	292.740885	293.149740	F2	46	80	0	0	39930	P1-56-19	0	-
894	292.783854	293.579427	Eb6	85	80	0	0	39930	P1-56-4	0	-
895	293.125000	293.479167	C2	49	80	0	0	39990	P1-56-21	0	-
896	293.322917	293.589844	F2	44	80	0	0	40020	P1-56-22	0	-
897	293.326823	293.500000	C3	42	80	0	0	40020	P1-56-22	0	-
898	293.497396	293.938802	A1	47	80	0	0	40050	P1-56-23	0	-
899	293.680990	294.429688	C2	51	80	0	0	40080	P1-56-24	0	-
900	293.868490	294.669271	F1	51	80	0	0	40110	P1-56-25	0	-
901	294.074219	294.649740	A1	59	80	0	0	40140	P1-56-26	0	-
902	294.333333	296.169271	Eb5	93	80	0	0	40170	P1-56-7	0	-
903	294.346354	296.319010	A4	76	80	0	0	40170	P1-56-5	0	-
904	294.348958	296.149740	C5	74	80	0	0	40170	P1-56-6	0	-
905	294.583333	294.809896	F#1	53	80	0	0	40200	P1-56-28	0	-
906	294.802083	295.628906	A1	57	80	0	0	40230	P1-56-29	0	-
907	294.992188	295.479167	C2	58	80	0	0	40260	P1-56-30	0	-
908	295.205729	296.049479	F#2	64	80	0	0	40290	P1-56-31	0	-
909	295.389323	295.679688	A2	61	80	0	0	40320	P1-56-32	0	-
910	295.595052	295.869792	C3	62	80	0	0	40350	P1-56-33	0	-
911	296.096354	297.539062	D5	60	80	0	0	40410	P1-57-2	0	-
912	296.319010	296.514323	G1	48	80	0	0	40440	P1-57-11	0	-
913	296.520833	296.688802	Bb1	52	80	0	0	40470	P1-57-12	0	-
914	296.687500	296.873698	D2	52	80	0	0	40500	P1-57-13	0	-
915	296.878906	297.378906	G2	56	80	0	0	40530	P1-57-14	0	-
916	297.093750	297.296875	Bb2	58	80	0	0	40560	P1-57-15	0	-
917	297.289062	297.472656	D3	60	80	0	0	40590	P1-57-16	0	-
918	297.473958	297.619792	G3	56	80	0	0	40620	P1-57-17	0	-
919	297.777344	298.319010	G5	102	80	0	0	40650	P1-57-4	0	-
920	298.046875	298.468750	E2	76	80	0	0	40680	P1-57-19	0	-
921	298.244792	298.500000	G2	73	80	0	0	40710	P1-57-20	0	-
922	298.423177	298.649740	Bb2	86	80	0	0	40740	P1-57-21	0	-
923	298.615885	298.839844	E3	77	80	0	0	40770	P1-57-22	0	-
924	298.792969	298.953125	G3	77	80	0	0	40800	P1-57-23	0	-
925	298.962240	299.239583	Bb3	79	80	0	0	40830	P1-57-24	0	-
926	299.127604	299.378906	G3	76	80	0	0	40860	P1-57-25	0	-
927	299.352865	299.799479	Bb4	89	80	0	0	40890	P1-57-7	0	-
928	299.354167	300.019531	Db5	93	80	0	0	40890	P1-57-8	0	-
929	299.354167	299.789062	G4	91	80	0	0	40890	P1-57-6	0	-
930	299.361979	299.619792	Db4	83	80	0	0	40890	P1-57-26	0	-
931	299.555990	299.718750	Bb3	60	80	0	0	40920	P1-57-27	0	-
932	299.701823	299.908854	G3	57	80	0	0	40950	P1-57-28	0	-
933	299.906250	300.119792	E3	61	80	0	0	40980	P1-57-29	0	-
934	300.085938	300.192708	Db3	56	80	0	0	41010	P1-57-30	0	-
935	300.225260	300.539062	Bb2	53	80	0	0	41040	P1-57-31	0	-
936	300.658854	300.669271	E2	35	80	0	0	41100	P1-57-33	0	-
937	301.147135	303.449219	F5	63	80	0	0	41130	P1-58-1	0	-
938	301.373698	301.563802	F2	41	80	0	0	41160	P1-58-13	0	-
939	301.584635	301.753906	Bb2	48	80	0	0	41190	P1-58-14	0	-
940	301.768229	301.924479	D3	44	80	0	0	41220	P1-58-15	0	-
941	301.983073	302.145833	F3	43	80	0	0	41250	P1-58-16	0	-
942	302.182292	302.292969	D3	29	80	0	0	41280	P1-58-17	0	-
943	302.324219	302.506510	Bb2	37	80	0	0	41310	P1-58-18	0	-
944	302.510417	302.631510	F2	39	80	0	0	41340	P1-58-19	0	-
945	302.742188	303.408854	D5	50	80	0	0	41370	P1-58-10	0	-
946	302.753906	303.419271	F4	37	80	0	0	41370	P1-58-8	0	-
947	302.933594	303.166667	F2	44	80	0	0	41400	P1-58-21	0	-
948	303.114583	303.434896	Bb2	53	80	0	0	41430	P1-58-22	0	-
949	303.316406	303.433594	D3	47	80	0	0	41460	P1-58-23	0	-
950	303.494792	303.707031	F3	51	80	0	0	41490	P1-58-24	0	-
951	303.687500	303.989583	D3	43	80	0	0	41520	P1-58-25	0	-
952	303.871094	304.209635	Bb2	42	80	0	0	41550	P1-58-26	0	-
953	304.033854	304.718750	F2	35	80	0	0	41580	P1-58-27	0	-
954	304.322917	305.829427	A4	57	80	0	0	41610	P1-58-5	0	-
955	304.348958	306.119792	Eb4	46	80	0	0	41610	P1-58-3	0	-
956	304.350260	306.079427	C4	46	80	0	0	41610	P1-58-2	0	-
957	304.351562	304.699219	Eb3	40	80	0	0	41610	P1-58-28	0	-
958	304.615885	304.878906	C3	43	80	0	0	41640	P1-58-29	0	-
959	304.817708	305.059896	A2	36	80	0	0	41670	P1-58-30	0	-
960	305.013021	305.223958	F2	52	80	0	0	41700	P1-58-31	0	-
961	305.204427	305.399740	Eb2	46	80	0	0	41730	P1-58-32	0	-
962	305.385417	305.588542	C2	51	80	0	0	41760	P1-58-33	0	-
963	305.585938	305.750000	A1	40	80	0	0	41790	P1-58-34	0	-
964	305.768229	306.109375	F1	37	80	0	0	41820	P1-58-35	0	-
965	306.118490	306.908854	Bb4	41	80	0	0	41850	P1-59-4	0	-
966	306.135417	306.959635	Bb3	33	80	0	0	41850	P1-59-1	0	-
967	306.139323	306.848958	Bb2	33	80	0	0	41850	P1-59-1	0	-
968	306.143229	306.859375	D4	31	80	0	0	41850	P1-59-2	0	-
969	306.143229	306.878906	Bb1	33	80	0	0	41850	P1-59-8	0	-
970	307.533854	307.595052	Bb2	46	80	0	0	42030	P1-59-10	0	-
971	307.632812	307.787760	Bb1	37	80	0	0	42050	P1-59-11	0	-
972	307.730469	307.792969	Bb2	44	80	0	0	42070	P1-59-12	0	-
973	307.877604	309.000000	Bb1	34	80	0	0	42090	P1-59-13	0	-
974	309.243490	309.307292	Bb2	45	80	0	0	42270	P1-59-15	0	-
975	309.354167	309.519531	Bb1	45	80	0	0	42290	P1-59-16	0	-
976	309.463542	309.545573	Bb2	40	80	0	0	42310	P1-59-17	0	-
977	309.623698	310.709635	Bb1	35	80	0	0	42330	P1-59-18	0	-
978	311.191406	311.264323	Bb2	29	80	0	0	42510	P1-59-20	0	-
979	311.294271	311.384115	Bb1	41	80	0	0	42530	P1-59-21	0	-
980	311.414062	311.500000	Bb2	37	80	0	0	42550	P1-59-22	0	-
981	311.614583	313.644531	F4	51	80	0	0	42570	P1-60-3	0	-
982	311.627604	313.609375	Ab3	49	80	0	0	42570	P1-60-1	0	-
983	311.630208	312.109375	Bb2	42	80	0	0	42570	P1-60-2	0	-
984	311.631510	313.009115	Bb3	49	80	0	0	42570	P1-60-2	0	-
985	311.632812	311.639323	D4	38	80	0	0	42570	P1-60-1	0	-
986	311.634115	311.799479	Bb1	41	80	0	0	42570	P1-60-10	0	-
987	313.544271	315.899740	Eb4	44	80	0	0	42810	P1-60-6	0	-
988	313.571615	315.639323	G3	30	80	0	0	42810	P1-60-4	0	-
989	313.576823	314.739583	Bb3	33	80	0	0	42810	P1-60-5	0	-
990	315.494792	316.949219	D4	31	80	0	0	43050	P1-60-9	0	-
991	315.503906	316.819010	Bb3	28	80	0	0	43050	P1-60-8	0	-
992	315.520833	316.829427	F#3	27	80	0	0	43050	P1-60-7	0	-
993	317.473958	319.519531	D4	33	80	0	0	43290	P1-61-3	0	-
994	317.475260	319.309896	Bb3	33	80	0	0	43290	P1-61-2	0	-
995	317.501302	319.269531	F#3	26	80	0	0	43290	P1-61-1	0	-
996	318.985677	319.149740	Bb2	34	80	0	0	43470	P1-61-11	0	-
997	319.113281	319.339844	Bb1	35	80	0	0	43490	P1-61-12	0	-
998	319.234375	319.809896	Bb2	31	80	0	0	43510	P1-61-13	0	-
999	319.339844	321.750000	Eb4	33	80	0	0	43530	P1-61-6	0	-
1000	319.345052	319.949219	Bb1	30	80	0	0	43530	P1-61-14	0	-
1001	319.360677	320.899740	G3	31	80	0	0	43530	P1-61-4	0	-
1002	320.653646	320.819010	Bb2	37	80	0	0	43710	P1-61-16	0	-
1003	320.778646	320.842448	Bb1	32	80	0	0	43730	P1-61-17	0	-
1004	320.878906	320.941406	Bb2	33	80	0	0	43750	P1-61-18	0	-
1005	320.996094	321.579427	Bb1	33	80	0	0	43770	P1-61-19	0	-
1006	322.497396	322.572917	Bb2	42	80	0	0	43950	P1-61-21	0	-
1007	322.613281	322.750000	Bb1	37	80	0	0	43970	P1-61-22	0	-
1008	322.712240	322.766927	Bb2	44	80	0	0	43990	P1-61-23	0	-
1009	322.884115	324.739583	Ab4	74	80	0	0	44010	P1-62-3	0	-
1010	322.923177	324.569010	F4	50	80	0	0	44010	P1-62-2	0	-
1011	322.923177	324.419271	Bb3	46	80	0	0	44010	P1-62-1	0	-
1012	324.388021	326.408854	G4	74	80	0	0	44250	P1-62-6	0	-
1013	324.420573	326.289062	Eb4	48	80	0	0	44250	P1-62-5	0	-
1014	324.425781	325.779948	Bb3	47	80	0	0	44250	P1-62-4	0	-
1015	326.143229	327.329427	F#4	75	80	0	0	44490	P1-62-9	0	-
1016	326.171875	327.419271	D4	56	80	0	0	44490	P1-62-8	0	-
1017	326.177083	327.329427	Bb3	52	80	0	0	44490	P1-62-7	0	-
1018	327.752604	329.609375	F#4	70	80	0	0	44730	P1-63-2	0	-
1019	327.785156	329.438802	D4	50	80	0	0	44730	P1-63-1	0	-
1020	327.786458	329.359375	Bb3	52	80	0	0	44730	P1-63-8	0	-
1021	329.255208	329.378906	Eb3	34	80	0	0	44910	P1-63-12	0	-
1022	329.346354	329.529948	Eb2	40	80	0	0	44930	P1-63-13	0	-
1023	329.433594	329.759115	Eb3	41	80	0	0	44950	P1-63-14	0	-
1024	329.549479	331.579427	G4	56	80	0	0	44970	P1-63-4	0	-
1025	329.576823	330.039062	Eb2	36	80	0	0	44970	P1-63-15	0	-
1026	329.583333	332.158854	Eb4	40	80	0	0	44970	P1-63-3	0	-
1027	329.584635	331.628906	Bb3	40	80	0	0	44970	P1-63-3	0	-
1028	330.776042	330.859375	Eb3	35	80	0	0	45150	P1-63-17	0	-
1029	330.861979	330.933594	Eb2	45	80	0	0	45170	P1-63-18	0	-
1030	330.945312	330.997396	Eb3	43	80	0	0	45190	P1-63-19	0	-
1031	331.057292	331.209635	Eb2	45	80	0	0	45210	P1-63-20	0	-
1032	331.772135	332.389323	G4	73	80	0	0	45330	P1-63-7	0	-
1033	332.292969	332.419271	Eb3	46	80	0	0	45390	P1-63-22	0	-
1034	332.414062	332.869792	Eb2	38	80	0	0	45410	P1-63-23	0	-
1035	332.492188	332.848958	Eb3	54	80	0	0	45430	P1-63-24	0	-
1036	332.645833	334.769531	Eb5	88	80	0	0	45450	P1-64-2	0	-
1037	332.694010	333.949219	G4	55	80	0	0	45450	P1-64-1	0	-
1038	333.997396	335.649740	C5	83	80	0	0	45690	P1-64-5	0	-
1039	334.026042	334.968750	G4	52	80	0	0	45690	P1-64-4	0	-
1040	334.032552	335.009115	Eb4	50	80	0	0	45690	P1-64-3	0	-
1041	335.492188	337.500000	Bb4	84	80	0	0	45930	P1-64-8	0	-
1042	335.503906	337.359375	G4	65	80	0	0	45930	P1-64-7	0	-
1043	335.514323	337.199219	D4	55	80	0	0	45930	P1-64-6	0	-
1044	337.949219	339.889323	A4	46	80	0	0	46170	P1-65-3	0	-
1045	337.954427	339.839844	F4	40	80	0	0	46170	P1-65-2	0	-
1046	337.963542	339.378906	C4	43	80	0	0	46170	P1-65-1	0	-
1047	339.054688	339.179688	F3	42	80	0	0	46350	P1-65-15	0	-
1048	339.156250	339.279948	F2	41	80	0	0	46370	P1-65-16	0	-
1049	339.252604	339.332031	F3	35	80	0	0	46390	P1-65-17	0	-
1050	339.386719	339.598958	F2	33	80	0	0	46410	P1-65-18	0	-
1051	339.393229	339.839844	C4	31	80	0	0	46530	P1-65-4	0	-
1052	340.105469	340.799479	A4	49	80	0	0	46530	P1-65-6	0	-
1053	340.121094	341.250000	F4	40	80	0	0	46530	P1-65-5	0	-
1054	340.134115	340.709635	C4	42	80	0	0	46530	P1-65-4	0	-
1055	340.523438	340.606771	F6	58	80	0	0	46590	P1-65-20	0	-
1056	340.634115	340.691406	F5	56	80	0	0	46610	P1-65-21	0	-
1057	340.707031	340.908854	F6	64	80	0	0	46630	P1-65-22	0	-
1058	340.842448	341.119792	Bb4	51	80	0	0	46650	P1-65-9	0	-
1059	340.845052	341.089844	F5	54	80	0	0	46650	P1-65-23	0	-
1060	340.863281	341.449219	D4	39	80	0	0	46650	P1-65-7	0	-
1061	341.444010	341.979167	C5	65	80	0	0	46770	P1-65-12	0	-
1062	341.494792	342.029948	Eb4	51	80	0	0	46770	P1-65-10	0	-
1063	341.494792	341.789062	A4	44	80	0	0	46770	P1-65-10	0	-
1064	341.497396	342.059896	F4	50	80	0	0	46770	P1-65-11	0	-
1065	342.226562	343.699219	C5	65	80	0	0	46890	P1-66-2	0	-
1066	342.255208	343.419271	Eb4	45	80	0	0	46890	P1-66-1	0	-
1067	342.270833	344.119792	F4	45	80	0	0	46890	P1-66-16	0	-
1068	343.325521	343.869792	A4	52	80	0	0	47070	P1-66-4	0	-
1069	343.346354	343.699219	C#4	36	80	0	0	47070	P1-66-3	0	-
1070	343.355469	343.369792	F2	35	80	0	0	47070	P1-66-19	0	-
1071	343.363281	343.669271	F3	34	80	0	0	47070	P1-66-3	0	-
1072	343.463542	343.658854	F2	42	80	0	0	47090	P1-66-20	0	-
1073	343.666667	344.179688	Bb4	46	80	0	0	47130	P1-66-6	0	-
1074	343.717448	344.119792	D4	35	80	0	0	47130	P1-66-5	0	-
1075	343.726562	343.919271	F2	38	80	0	0	47130	P1-66-22	0	-
1076	344.354167	344.989583	Bb4	60	80	0	0	47250	P1-66-9	0	-
1077	344.375000	345.089844	D4	52	80	0	0	47250	P1-66-7	0	-
1078	344.377604	344.968750	F4	50	80	0	0	47250	P1-66-8	0	-
1079	344.798177	344.919271	F6	63	80	0	0	47310	P1-66-24	0	-
1080	344.890625	344.947917	F5	66	80	0	0	47330	P1-66-25	0	-
1081	344.967448	345.299479	F6	69	80	0	0	47350	P1-66-26	0	-
1082	345.071615	345.759115	C5	73	80	0	0	47370	P1-66-12	0	-
1083	345.074219	345.359375	F5	69	80	0	0	47370	P1-66-27	0	-
1084	345.074219	345.598958	A4	67	80	0	0	47370	P1-66-11	0	-
1085	345.078125	345.539062	F4	58	80	0	0	47370	P1-66-10	0	-
1086	345.703125	346.158854	D5	86	80	0	0	47490	P1-66-15	0	-
1087	345.734375	346.119792	Bb4	59	80	0	0	47490	P1-66-14	0	-
1088	345.744792	346.079427	F4	49	80	0	0	47490	P1-66-13	0	-
1089	346.481771	347.759115	D5	85	80	0	0	47610	P1-67-2	0	-
1090	346.513021	347.500000	Bb4	68	80	0	0	47610	P1-67-1	0	-
1091	346.513021	347.759115	F4	53	80	0	0	47610	P1-67-16	0	-
1092	347.604167	347.959635	B4	74	80	0	0	47790	P1-67-4	0	-
1093	347.648438	347.721354	F3	58	80	0	0	47790	P1-67-20	0	-
1094	347.649740	347.938802	G#4	56	80	0	0	47790	P1-67-3	0	-
1095	347.750000	348.109375	F2	54	80	0	0	47810	P1-67-21	0	-
1096	347.835938	348.019531	F3	56	80	0	0	47830	P1-67-22	0	-
1097	347.960938	348.479167	C5	64	80	0	0	47850	P1-67-6	0	-
1098	347.971354	348.500000	A4	56	80	0	0	47850	P1-67-5	0	-
1099	347.983073	348.199219	C4	50	80	0	0	47850	P1-67-6	0	-
1100	348.688802	349.459635	C5	74	80	0	0	47970	P1-67-9	0	-
1101	348.692708	349.479167	A4	69	80	0	0	47970	P1-67-8	0	-
1102	348.695312	349.359375	F4	61	80	0	0	47970	P1-67-7	0	-
1103	349.154948	349.329427	F6	63	80	0	0	48030	P1-67-25	0	-
1104	349.253906	349.325521	F5	62	80	0	0	48050	P1-67-26	0	-
1105	349.337240	349.459635	F6	65	80	0	0	48070	P1-67-27	0	-
1106	349.415365	350.169271	D5	90	80	0	0	48090	P1-67-12	0	-
1107	349.423177	350.509115	Bb4	77	80	0	0	48090	P1-67-11	0	-
1108	349.438802	349.699219	F5	80	80	0	0	48090	P1-67-28	0	-
1109	349.446615	350.009115	F4	59	80	0	0	48090	P1-67-10	0	-
1110	350.083333	350.529948	Eb5	98	80	0	0	48210	P1-67-15	0	-
1111	350.106771	350.569010	C5	70	80	0	0	48210	P1-67-14	0	-
1112	350.114583	350.658854	F4	55	80	0	0	48210	P1-67-13	0	-
1113	350.864583	352.128906	Eb5	93	80	0	0	48330	P1-68-2	0	-
1114	350.889323	351.519531	C5	69	80	0	0	48330	P1-68-1	0	-
1115	350.893229	352.500000	F4	62	80	0	0	48330	P1-68-18	0	-
1116	351.976562	352.221354	C#5	84	80	0	0	48510	P1-68-4	0	-
1117	352.010417	352.348958	A4	69	80	0	0	48510	P1-68-3	0	-
1118	352.013021	352.139323	F3	66	80	0	0	48510	P1-68-22	0	-
1119	352.127604	352.539062	F2	59	80	0	0	48530	P1-68-23	0	-
1120	352.184896	352.279948	F3	76	80	0	0	48550	P1-68-24	0	-
1121	352.316406	352.699219	D5	85	80	0	0	48570	P1-68-6	0	-
1122	352.320312	352.699219	Bb4	74	80	0	0	48570	P1-68-5	0	-
1123	353.045573	353.679688	D5	92	80	0	0	48690	P1-68-9	0	-
1124	353.054688	353.649740	Bb4	84	80	0	0	48690	P1-68-8	0	-
1125	353.055990	353.649740	F4	73	80	0	0	48690	P1-68-7	0	-
1126	353.505208	353.669271	F6	82	80	0	0	48750	P1-68-27	0	-
1127	353.632812	353.700521	F5	70	80	0	0	48770	P1-68-28	0	-
1128	353.683594	353.799479	F6	87	80	0	0	48790	P1-68-29	0	-
1129	353.792969	354.509115	E5	94	80	0	0	48810	P1-68-13	0	-
1130	353.795573	354.509115	G4	90	80	0	0	48810	P1-68-10	0	-
1131	353.798177	354.489583	Bb4	85	80	0	0	48810	P1-68-11	0	-
1132	353.802083	354.468750	Db5	85	80	0	0	48810	P1-68-12	0	-
1133	354.592448	355.149740	E5	97	80	0	0	48930	P1-68-17	0	-
1134	354.596354	355.429688	G4	95	80	0	0	48930	P1-68-14	0	-
1135	354.598958	355.369792	Bb4	91	80	0	0	48930	P1-68-15	0	-
1136	354.601562	355.329427	Db5	91	80	0	0	48930	P1-68-16	0	-
1137	355.095052	355.299479	F6	94	80	0	0	48990	P1-68-32	0	-
1138	355.212240	355.389323	F5	78	80	0	0	49010	P1-68-33	0	-
1139	355.345052	355.669271	F6	88	80	0	0	49030	P1-68-34	0	-
1140	355.794271	356.699219	F5	75	80	0	0	49050	P1-69-3	0	-
1141	355.839844	356.449219	A4	48	80	0	0	49050	P1-69-1	0	-
1142	355.839844	356.359375	C5	46	80	0	0	49050	P1-69-2	0	-
1143	356.734375	357.959635	C5	79	80	0	0	49170	P1-69-6	0	-
1144	356.743490	357.949219	A4	63	80	0	0	49170	P1-69-5	0	-
1145	356.783854	358.009115	F4	46	80	0	0	49170	P1-69-4	0	-
1146	357.135417	357.201823	F3	40	80	0	0	49230	P1-69-18	0	-
1147	357.257812	357.529948	F2	47	80	0	0	49260	P1-69-19	0	-
1148	357.454427	357.718750	F3	48	80	0	0	49290	P1-69-20	0	-
1149	358.250000	359.029948	C5	60	80	0	0	49410	P1-69-9	0	-
1150	358.274740	358.938802	A4	47	80	0	0	49410	P1-69-8	0	-
1151	358.276042	358.959635	F4	41	80	0	0	49410	P1-69-7	0	-
1152	358.773438	358.979167	F6	58	80	0	0	49470	P1-69-22	0	-
1153	358.903646	359.049479	F5	53	80	0	0	49500	P1-69-23	0	-
1154	359.109375	360.199219	E5	50	80	0	0	49530	P1-69-12	0	-
1155	359.114583	359.408854	F6	54	80	0	0	49530	P1-69-24	0	-
1156	359.115885	359.419271	E6	49	80	0	0	49530	P1-69-24	0	-
1157	359.115885	359.679688	F5	51	80	0	0	49530	P1-69-12	0	-
1158	359.135417	359.589844	Bb4	34	80	0	0	49530	P1-69-11	0	-
1159	359.144531	359.669271	G4	33	80	0	0	49530	P1-69-10	0	-
1160	359.944010	360.989583	C5	44	80	0	0	49650	P1-69-15	0	-
1161	359.947917	360.549479	Bb4	41	80	0	0	49650	P1-69-14	0	-
1162	359.951823	360.789062	G4	36	80	0	0	49650	P1-69-13	0	-
1163	360.845052	362.718750	F5	77	80	0	0	49770	P1-70-3	0	-
1164	360.884115	361.369792	A4	51	80	0	0	49770	P1-70-2	0	-
1165	360.884115	362.679688	F4	45	80	0	0	49770	P1-70-1	0	-
1166	361.635417	362.688802	C5	64	80	0	0	49890	P1-70-6	0	-
1167	361.644531	362.739583	A4	56	80	0	0	49890	P1-70-5	0	-
1168	362.040365	362.158854	F3	57	80	0	0	49950	P1-70-18	0	-
1169	362.188802	362.329427	F2	48	80	0	0	49980	P1-70-19	0	-
1170	362.373698	362.574219	F3	45	80	0	0	50010	P1-70-20	0	-
1171	363.154948	363.899740	C5	61	80	0	0	50130	P1-70-9	0	-
1172	363.160156	363.829427	A4	53	80	0	0	50130	P1-70-8	0	-
1173	363.171875	363.649740	F4	43	80	0	0	50130	P1-70-7	0	-
1174	363.614583	363.727865	F6	65	80	0	0	50190	P1-70-22	0	-
1175	363.765625	363.869792	F5	58	80	0	0	50220	P1-70-23	0	-
1176	363.993490	364.519531	F6	58	80	0	0	50250	P1-70-24	0	-
1177	364.001302	364.699219	F5	55	80	0	0	50250	P1-70-12	0	-
1178	364.003906	364.549479	G4	39	80	0	0	50250	P1-70-10	0	-
1179	364.013021	364.019531	A4	36	80	0	0	50250	P1-70-11	0	-
1180	364.851562	365.378906	Bb4	44	80	0	0	50370	P1-70-14	0	-
1181	364.851562	365.500000	C5	47	80	0	0	50370	P1-70-15	0	-
1182	364.856771	365.589844	G4	40	80	0	0	50370	P1-70-13	0	-
1183	364.877604	364.889323	C4	26	80	0	0	50370	P1-70-15	0	-
1184	365.803385	366.509115	F5	64	80	0	0	50490	P1-71-3	0	-
1185	365.848958	366.274740	A4	38	80	0	0	50490	P1-71-2	0	-
1186	365.851562	366.389323	F4	38	80	0	0	50490	P1-71-1	0	-
1187	366.708333	367.979167	C5	54	80	0	0	50610	P1-71-6	0	-
1188	366.714844	367.848958	A4	48	80	0	0	50610	P1-71-5	0	-
1189	366.716146	367.949219	F4	35	80	0	0	50610	P1-71-4	0	-
1190	367.114583	367.289062	F3	32	80	0	0	50670	P1-71-15	0	-
1191	367.287760	367.385417	F2	35	80	0	0	50700	P1-71-16	0	-
1192	367.494792	367.899740	F3	34	80	0	0	50730	P1-71-17	0	-
1193	368.279948	369.789062	A4	37	80	0	0	50850	P1-71-9	0	-
1194	368.302083	369.739583	F4	31	80	0	0	50850	P1-71-8	0	-
1195	368.304688	369.699219	C4	30	80	0	0	50850	P1-71-7	0	-
1196	368.712240	368.824219	F3	33	80	0	0	50910	P1-71-19	0	-
1197	368.881510	369.089844	F2	33	80	0	0	50940	P1-71-20	0	-
1198	369.154948	369.859375	F3	29	80	0	0	50970	P1-71-21	0	-
1199	370.089844	372.069010	F4	36	80	0	0	51090	P1-71-12	0	-
1200	370.114583	371.839844	A3	29	80	0	0	51090	P1-71-10	0	-
1201	370.115885	372.259115	C4	28	80	0	0	51090	P1-71-11	0	-
1202	370.545573	370.660156	F3	31	80	0	0	51150	P1-71-23	0	-
1203	370.751302	370.859375	F2	32	80	0	0	51180	P1-71-24	0	-
1204	371.055990	371.598958	F3	29	80	0	0	51210	P1-72-13	0	-
1205	372.074219	373.369792	F4	52	80	0	0	51330	P1-72-14	0	-
1206	372.962240	373.912760	E4	62	80	0	0	51450	P1-72-15	0	-
1207	373.790365	375.269531	F4	71	80	0	0	51570	P1-72-19	0	-
1208	373.796875	374.734375	Eb4	58	80	0	0	51570	P1-72-16	0	-
1209	374.652344	375.378906	D4	51	80	0	0	51690	P1-72-17	0	-
1210	375.096354	375.389323	G4	65	80	0	0	51750	P1-72-7	0	-
1211	375.335938	375.541667	A4	79	80	0	0	51780	P1-72-8	0	-
1212	375.574219	375.829427	Bb4	76	80	0	0	51810	P1-72-9	0	-
1213	375.598958	376.199219	C4	43	80	0	0	51810	P1-72-18	0	-
1214	375.617188	376.369792	Eb4	31	80	0	0	51810	P1-72-20	0	-
1215	375.805990	376.069010	C5	84	80	0	0	51840	P1-72-10	0	-
1216	376.044271	376.351562	D5	89	80	0	0	51870	P1-72-11	0	-
1217	376.325521	376.839844	Eb5	90	80	0	0	51900	P1-72-12	0	-
1218	376.666667	377.709635	Bb2	35	80	0	0	51930	P1-73-9	0	-
1219	376.881510	380.149740	F5	78	80	0	0	51930	P1-73-1	0	-
1220	377.692708	378.408854	Bb3	32	80	0	0	52050	P1-73-10	0	-
1221	378.406250	382.468750	Bb4	38	80	0	0	52170	P1-73-7	0	-
1222	378.424479	379.819010	D4	31	80	0	0	52170	P1-73-11	0	-
1223	378.424479	378.829427	Bb3	30	80	0	0	52170	P1-73-7	0	-
1224	378.430990	380.109375	F4	33	80	0	0	52170	P1-73-12	0	-
1225	379.194010	380.179688	Bb3	28	80	0	0	52290	P1-73-13	0	-
1226	379.774740	380.259115	D5	72	80	0	0	52380	P1-73-3	0	-
1227	380.118490	381.729167	Bb5	72	80	0	0	52410	P1-73-4	0	-
1228	380.164062	381.128906	G4	33	80	0	0	52410	P1-73-15	0	-
1229	380.165365	381.688802	Eb4	34	80	0	0	52410	P1-73-14	0	-
1230	380.854167	381.729167	Bb3	36	80	0	0	52530	P1-73-16	0	-
1231	381.393229	381.692708	G5	63	80	0	0	52620	P1-73-5	0	-
1232	381.644531	384.218750	F5	67	80	0	0	52650	P1-74-1	0	-
1233	381.683594	382.699219	D4	30	80	0	0	52650	P1-74-10	0	-
1234	381.684896	382.658854	F4	32	80	0	0	52650	P1-74-11	0	-
1235	382.453125	383.559896	Bb3	32	80	0	0	52770	P1-74-12	0	-
1236	383.201823	384.619792	Bb4	39	80	0	0	52890	P1-74-7	0	-
1237	383.234375	384.899740	F4	27	80	0	0	52890	P1-74-14	0	-
1238	383.235677	384.339844	D4	29	80	0	0	52890	P1-74-13	0	-
1239	383.979167	385.759115	Bb3	44	80	0	0	53010	P1-74-15	0	-
1240	384.536458	384.968750	D5	78	80	0	0	53100	P1-74-3	0	-
1241	384.850260	386.658854	Eb5	79	80	0	0	53130	P1-74-4	0	-
1242	384.884115	385.519531	Bb4	47	80	0	0	53130	P1-74-8	0	-
1243	384.891927	386.009115	G3	39	80	0	0	53130	P1-74-16	0	-
1244	385.640625	386.639323	G4	45	80	0	0	53250	P1-74-9	0	-
1245	385.645833	386.139323	Eb3	37	80	0	0	53250	P1-74-17	0	-
1246	386.212240	386.699219	C5	69	80	0	0	53340	P1-74-5	0	-
1247	386.606771	390.098958	Bb4	60	80	0	0	53370	P1-75-1	0	-
1248	386.626302	387.098958	F2	33	80	0	0	53370	P1-75-10	0	-
1249	387.498698	388.319010	D4	58	80	0	0	53490	P1-75-7	0	-
1250	387.532552	388.848958	F3	31	80	0	0	53490	P1-75-11	0	-
1251	388.316406	389.549479	F4	49	80	0	0	53610	P1-75-8	0	-
1252	388.326823	389.569010	D4	36	80	0	0	53610	P1-75-13	0	-
1253	388.345052	389.569010	Bb3	34	80	0	0	53610	P1-75-12	0	-
1254	389.096354	390.049479	F3	44	80	0	0	53730	P1-75-14	0	-
1255	389.864583	390.386719	D5	67	80	0	0	53850	P1-75-2	0	-
1256	389.924479	391.539062	F4	36	80	0	0	53850	P1-75-9	0	-
1257	389.930990	391.479167	C4	35	80	0	0	53850	P1-75-16	0	-
1258	389.937500	391.109375	A3	35	80	0	0	53850	P1-75-15	0	-
1259	390.335938	390.908854	C5	72	80	0	0	53910	P1-75-3	0	-
1260	390.694010	391.589844	F3	39	80	0	0	53970	P1-75-17	0	-
1261	390.755208	391.449219	Bb4	74	80	0	0	53970	P1-75-4	0	-
1262	391.125000	391.519531	C5	76	80	0	0	54030	P1-75-5	0	-
1263	391.507812	393.569010	Bb2	33	80	0	0	54090	P1-76-21	0	-
1264	391.674479	393.289062	C5	70	80	0	0	54090	P1-76-1	0	-
1265	391.705729	393.348958	F4	35	80	0	0	54090	P1-76-13	0	-
1266	391.729167	393.309896	A3	37	80	0	0	54090	P1-76-15	0	-
1267	392.473958	394.339844	F3	38	80	0	0	54210	P1-76-16	0	-
1268	393.119792	393.365885	C#5	53	80	0	0	54300	P1-76-2	0	-
1269	393.404948	394.929688	D5	49	80	0	0	54330	P1-76-3	0	-
1270	393.463542	394.878906	F4	33	80	0	0	54330	P1-76-3	0	-
1271	393.473958	394.739583	Bb3	32	80	0	0	54330	P1-76-17	0	-
1272	394.261719	395.209635	D3	49	80	0	0	54450	P1-76-18	0	-
1273	395.055990	395.864583	Eb3	47	80	0	0	54570	P1-76-19	0	-
1274	395.253906	395.365885	F4	68	80	0	0	54600	P1-76-6	0	-
1275	395.459635	395.529948	G4	78	80	0	0	54630	P1-76-7	0	-
1276	395.649740	395.701823	A4	81	80	0	0	54660	P1-76-8	0	-
1277	395.833333	395.911458	Bb4	81	80	0	0	54690	P1-76-9	0	-
1278	395.880208	396.838542	C3	45	80	0	0	54690	P1-76-20	0	-
1279	396.024740	396.097656	C5	84	80	0	0	54720	P1-76-10	0	-
1280	396.214844	396.303385	D5	87	80	0	0	54750	P1-76-11	0	-
1281	396.438802	396.554688	Eb5	88	80	0	0	54780	P1-76-12	0	-
1282	396.789062	399.179688	Bb2	42	80	0	0	54810	P1-77-9	0	-
1283	396.921875	398.489583	F5	68	80	0	0	54810	P1-77-1	0	-
1284	397.722656	399.259115	Bb3	38	80	0	0	54930	P1-77-10	0	-
1285	398.114583	398.859375	A4	55	80	0	0	54990	P1-77-7	0	-
1286	398.729167	403.199219	Bb4	39	80	0	0	55050	P1-77-8	0	-
1287	398.730469	400.158854	D4	31	80	0	0	55050	P1-77-11	0	-
1288	398.733073	400.399740	F4	29	80	0	0	55050	P1-77-12	0	-
1289	399.559896	401.529948	Bb3	30	80	0	0	55170	P1-77-13	0	-
1290	400.268229	400.769531	D5	59	80	0	0	55260	P1-77-3	0	-
1291	400.692708	402.479167	Bb5	55	80	0	0	55290	P1-77-4	0	-
1292	400.714844	401.669271	G4	31	80	0	0	55290	P1-77-15	0	-
1293	400.725260	402.399740	Eb4	28	80	0	0	55290	P1-77-14	0	-
1294	401.541667	402.479167	Bb3	27	80	0	0	55410	P1-77-16	0	-
1295	402.070312	402.391927	G5	57	80	0	0	55500	P1-77-5	0	-
1296	402.333333	404.199219	F5	57	80	0	0	55530	P1-78-1	0	-
1297	402.377604	403.649740	D4	29	80	0	0	55530	P1-78-11	0	-
1298	402.377604	404.009115	F4	33	80	0	0	55530	P1-78-12	0	-
1299	403.152344	404.339844	Bb3	34	80	0	0	55650	P1-78-13	0	-
1300	403.533854	404.089844	A4	49	80	0	0	55710	P1-78-7	0	-
1301	403.983073	405.339844	Bb4	42	80	0	0	55770	P1-78-8	0	-
1302	404.023438	405.658854	F4	27	80	0	0	55770	P1-78-15	0	-
1303	404.023438	405.089844	D4	29	80	0	0	55770	P1-78-14	0	-
1304	404.756510	405.750000	Bb3	43	80	0	0	55890	P1-78-16	0	-
1305	405.371094	405.673177	D5	70	80	0	0	55980	P1-78-3	0	-
1306	405.647135	406.489583	F5	71	80	0	0	56010	P1-78-4	0	-
1307	405.667969	407.069010	G3	41	80	0	0	56010	P1-78-17	0	-
1308	405.670573	406.639323	Bb4	46	80	0	0	56010	P1-78-9	0	-
1309	406.113281	407.188802	Eb5	73	80	0	0	56010	P1-78-4	0	-
1310	406.523438	407.329427	G4	57	80	0	0	56130	P1-78-10	0	-
1311	406.524740	407.399740	Eb3	42	80	0	0	56130	P1-78-18	0	-
1312	406.898438	407.468750	C5	69	80	0	0	56220	P1-78-5	0	-
1313	407.384115	410.019531	Bb4	66	80	0	0	56250	P1-79-1	0	-
1314	407.423177	408.119792	D4	40	80	0	0	56250	P1-79-3	0	-
1315	407.427083	410.348958	F3	41	80	0	0	56250	P1-79-14	0	-
1316	408.252604	408.839844	D4	41	80	0	0	56370	P1-79-5	0	-
1317	408.260417	409.269531	Bb3	41	80	0	0	56370	P1-79-4	0	-
1318	409.091146	410.199219	F4	63	80	0	0	56490	P1-79-7	0	-
1319	409.093750	409.609375	D4	52	80	0	0	56490	P1-79-6	0	-
1320	409.890625	411.639323	D4	60	80	0	0	56610	P1-79-9	0	-
1321	409.890625	410.519531	Bb3	61	80	0	0	56610	P1-79-8	0	-
1322	410.708333	413.539062	F4	80	80	0	0	56730	P1-79-2	0	-
1323	410.730469	412.169271	C4	68	80	0	0	56730	P1-79-11	0	-
1324	410.733073	411.329427	A3	66	80	0	0	56730	P1-79-10	0	-
1325	410.742188	411.579427	F2	58	80	0	0	56730	P1-79-16	0	-
1326	410.744792	412.259115	F1	58	80	0	0	56730	P1-79-15	0	-
1327	411.591146	412.468750	F2	49	80	0	0	56850	P1-79-12	0	-
1328	411.593750	412.399740	A3	67	80	0	0	56850	P1-79-13	0	-
1329	411.595052	411.968750	F3	55	80	0	0	56850	P1-79-12	0	-
1330	412.674479	413.399740	D4	43	80	0	0	56970	P1-80-3	0	-
1331	412.694010	413.369792	F3	32	80	0	0	56970	P1-80-1	0	-
1332	412.695312	413.419271	Bb3	35	80	0	0	56970	P1-80-2	0	-
1333	412.697917	412.789062	F2	36	80	0	0	56970	P1-80-1	0	-
1334	412.705729	413.378906	Bb2	35	80	0	0	56970	P1-80-2	0	-
1335	413.921875	414.002604	Bb2	44	80	0	0	57150	P1-80-10	0	-
1336	414.031250	414.095052	Bb1	37	80	0	0	57170	P1-80-11	0	-
1337	414.132812	414.214844	Bb2	46	80	0	0	57190	P1-80-12	0	-
1338	414.265625	414.658854	Bb1	36	80	0	0	57210	P1-80-13	0	-
1339	415.516927	415.584635	Bb2	33	80	0	0	57390	P1-80-15	0	-
1340	415.614583	415.829427	Bb1	39	80	0	0	57410	P1-80-16	0	-
1341	415.752604	415.838542	Bb2	32	80	0	0	57430	P1-80-17	0	-
1342	415.902344	416.389323	Bb1	29	80	0	0	57450	P1-80-18	0	-
1343	416.783854	417.378906	Bb3	30	80	0	0	57570	P1-80-7	0	-
1344	417.647135	419.109375	Bb3	33	80	0	0	57690	P1-81-1	0	-
1345	419.023438	419.199219	Bb2	33	80	0	0	57870	P1-81-6	0	-
1346	419.144531	419.509115	Bb1	32	80	0	0	57890	P1-81-7	0	-
1347	419.393229	422.079427	Cb4	46	80	0	0	57930	P1-81-2	0	-
1348	419.421875	422.500000	Ab3	43	80	0	0	57930	P1-81-18	0	-
1349	419.427083	422.839844	D3	33	80	0	0	57930	P1-81-16	0	-
1350	419.445312	422.500000	F3	35	80	0	0	57930	P1-81-17	0	-
1351	420.721354	420.859375	Bb2	29	80	0	0	58110	P1-81-11	0	-
1352	420.802083	421.069010	Bb1	35	80	0	0	58130	P1-81-12	0	-
1353	420.928385	421.239583	Bb2	34	80	0	0	58150	P1-81-13	0	-
1354	421.082031	421.247396	Bb1	34	80	0	0	58170	P1-81-14	0	-
1355	422.087240	422.569010	Cb4	48	80	0	0	58290	P1-81-3	0	-
1356	422.975260	424.899740	Cb4	60	80	0	0	58410	P1-82-1	0	-
1357	424.700521	424.829427	Bb2	46	80	0	0	58590	P1-82-9	0	-
1358	424.804688	424.989583	Bb1	45	80	0	0	58610	P1-82-10	0	-
1359	424.902344	425.019531	Bb2	47	80	0	0	58630	P1-82-11	0	-
1360	425.044271	427.378906	D4	64	80	0	0	58650	P1-82-5	0	-
1361	425.053385	427.329427	Cb4	55	80	0	0	58650	P1-82-4	0	-
1362	425.063802	427.359375	F3	46	80	0	0	58650	P1-82-2	0	-
1363	425.065104	427.348958	Ab3	49	80	0	0	58650	P1-82-3	0	-
1364	425.072917	425.899740	Bb1	44	80	0	0	58650	P1-82-12	0	-
1365	426.424479	426.492188	Bb2	60	80	0	0	58830	P1-82-14	0	-
1366	426.540365	426.600260	Bb1	45	80	0	0	58850	P1-82-15	0	-
1367	426.634115	426.726562	Bb2	51	80	0	0	58870	P1-82-16	0	-
1368	426.782552	427.979167	Bb1	47	80	0	0	58890	P1-82-17	0	-
1369	427.558594	428.369792	D4	73	80	0	0	59010	P1-82-6	0	-
1370	428.514323	429.938802	D4	80	80	0	0	59130	P1-83-1	0	-
1371	429.763021	429.919271	Bb2	50	80	0	0	59310	P1-83-12	0	-
1372	429.864583	430.369792	Bb1	53	80	0	0	59330	P1-83-13	0	-
1373	429.962240	430.149740	Bb2	41	80	0	0	59350	P1-83-14	0	-
1374	430.042969	431.449219	F4	76	80	0	0	59370	P1-83-5	0	-
1375	430.044271	431.489583	D4	71	80	0	0	59370	P1-83-4	0	-
1376	430.045573	431.149740	Ab3	80	80	0	0	59370	P1-83-2	0	-
1377	430.045573	431.309896	Cb4	76	80	0	0	59370	P1-83-3	0	-
1378	431.332031	431.407552	Bb2	64	80	0	0	59550	P1-83-17	0	-
1379	431.432292	431.669271	Bb1	57	80	0	0	59570	P1-83-18	0	-
1380	431.615885	434.628906	Ab4	93	80	0	0	59610	P1-83-9	0	-
1381	431.622396	432.639323	Cb4	84	80	0	0	59610	P1-83-6	0	-
1382	431.625000	433.649740	F4	73	80	0	0	59610	P1-83-8	0	-
1383	431.626302	434.829427	D4	71	80	0	0	59610	P1-83-7	0	-
1384	432.993490	433.158854	Bb2	52	80	0	0	59790	P1-83-22	0	-
1385	433.110677	433.839844	Bb1	46	80	0	0	59810	P1-83-23	0	-
1386	433.216146	434.079427	Bb2	48	80	0	0	59830	P1-83-24	0	-
1387	433.333333	436.968750	Cb5	100	80	0	0	59850	P1-84-1	0	-
1388	434.583333	434.717448	Ab3	65	80	0	0	60030	P1-84-12	0	-
1389	434.770833	435.369792	Bb2	37	80	0	0	60050	P1-84-13	0	-
1390	434.850260	435.759115	Ab3	50	80	0	0	60070	P1-84-14	0	-
1391	434.934896	436.529948	Ab4	49	80	0	0	60090	P1-84-7	0	-
1392	434.938802	434.949219	F4	40	80	0	0	60090	P1-84-6	0	-
1393	434.940104	436.609375	D4	41	80	0	0	60090	P1-84-5	0	-
1394	434.940104	434.949219	Bb3	45	80	0	0	60090	P1-84-15	0	-
1395	436.493490	436.584635	Ab3	34	80	0	0	60270	P1-84-17	0	-
1396	436.626302	438.408854	Bb2	38	80	0	0	60290	P1-84-18	0	-
1397	436.764323	437.299479	Ab3	35	80	0	0	60310	P1-84-19	0	-
1398	436.888021	437.829427	Bb4	50	80	0	0	60330	P1-84-2	0	-
1399	436.915365	437.829427	F4	29	80	0	0	60330	P1-84-9	0	-
1400	436.916667	436.929688	Bb3	34	80	0	0	60330	P1-84-2	0	-
1401	437.580729	438.479167	Ab4	53	80	0	0	60450	P1-84-3	0	-
1402	437.588542	438.479167	Bb3	37	80	0	0	60450	P1-84-3	0	-
1403	438.322917	439.859375	F#4	46	80	0	0	60570	P1-85-1	0	-
1404	439.493490	439.688802	Bb2	41	80	0	0	60750	P1-85-9	0	-
1405	439.623698	439.829427	Bb1	33	80	0	0	60770	P1-85-10	0	-
1406	439.696615	439.839844	Bb2	39	80	0	0	60790	P1-85-11	0	-
1407	439.809896	442.188802	G4	57	80	0	0	60810	P1-85-2	0	-
1408	439.841146	440.209635	Bb1	37	80	0	0	60810	P1-85-12	0	-
1409	439.845052	441.459635	Bb3	38	80	0	0	60810	P1-85-5	0	-
1410	439.846354	440.348958	Bb2	38	80	0	0	60810	P1-85-12	0	-
1411	439.846354	442.500000	Eb4	39	80	0	0	60810	P1-85-6	0	-
1412	440.924479	440.975260	Bb2	52	80	0	0	60990	P1-85-14	0	-
1413	441.040365	441.093750	Bb1	54	80	0	0	61010	P1-85-15	0	-
1414	441.130208	441.178385	Bb2	52	80	0	0	61030	P1-85-16	0	-
1415	441.252604	441.519531	Bb1	51	80	0	0	61050	P1-85-17	0	-
1416	441.907552	442.509115	Bb4	77	80	0	0	61170	P1-85-3	0	-
1417	442.864583	444.378906	Eb5	98	80	0	0	61290	P1-86-1	0	-
1418	444.013021	444.109375	Bb3	65	80	0	0	61470	P1-86-11	0	-
1419	444.105469	444.259115	Bb2	64	80	0	0	61490	P1-86-12	0	-
1420	444.174479	445.218750	Bb3	76	80	0	0	61510	P1-86-13	0	-
1421	444.263021	447.500000	Eb4	82	80	0	0	61530	P1-86-7	0	-
1422	444.264323	446.259115	A4	82	80	0	0	61530	P1-86-5	0	-
1423	444.264323	447.158854	Gb4	82	80	0	0	61530	P1-86-8	0	-
1424	444.266927	445.329427	Bb2	70	80	0	0	61530	P1-86-14	0	-
1425	445.591146	445.819010	Bb3	42	80	0	0	61710	P1-86-16	0	-
1426	445.718750	447.709635	Bb2	37	80	0	0	61730	P1-86-17	0	-
1427	445.830729	447.500000	Bb3	45	80	0	0	61750	P1-86-18	0	-
1428	445.912760	447.299479	C5	75	80	0	0	61770	P1-86-2	0	-
1429	446.761719	448.419271	A4	70	80	0	0	61890	P1-86-3	0	-
1430	447.576823	449.789062	C5	74	80	0	0	62010	P1-87-1	0	-
1431	448.945312	449.098958	Bb2	37	80	0	0	62190	P1-87-12	0	-
1432	449.044271	449.679688	Bb1	39	80	0	0	62210	P1-87-13	0	-
1433	449.110677	449.509115	Bb2	51	80	0	0	62230	P1-87-14	0	-
1434	449.164062	450.750000	Bb4	72	80	0	0	62250	P1-87-2	0	-
1435	449.194010	449.779948	D4	55	80	0	0	62250	P1-87-6	0	-
1436	449.195312	450.259115	F4	48	80	0	0	62250	P1-87-7	0	-
1437	450.227865	450.378906	Bb2	58	80	0	0	62430	P1-87-17	0	-
1438	450.332031	450.489583	Bb1	62	80	0	0	62450	P1-87-18	0	-
1439	450.394531	452.378906	Bb2	68	80	0	0	62470	P1-87-19	0	-
1440	450.494792	452.319010	Bb1	70	80	0	0	62490	P1-87-20	0	-
1441	450.503906	451.229167	Ab4	69	80	0	0	62490	P1-87-9	0	-
1442	450.506510	450.799479	F4	65	80	0	0	62490	P1-87-8	0	-
1443	451.101562	451.809896	D5	100	80	0	0	62610	P1-87-4	0	-
1444	451.945312	452.759115	F5	101	80	0	0	62730	P1-88-1	0	-
1445	452.644531	453.369792	Eb5	102	80	0	0	62850	P1-88-2	0	-
1446	453.092448	453.250000	Bb3	70	80	0	0	62910	P1-88-18	0	-
1447	453.186198	454.149740	Bb2	57	80	0	0	62950	P1-88-20	0	-
1448	453.257812	454.158854	Bb3	67	80	0	0	62950	P1-88-20	0	-
1449	453.343750	454.239583	G4	90	80	0	0	62970	P1-88-6	0	-
1450	453.345052	453.688802	Bb4	85	80	0	0	62970	P1-88-7	0	-
1451	454.113281	454.889323	A4	89	80	0	0	63090	P1-88-9	0	-
1452	454.113281	455.209635	Gb4	93	80	0	0	63090	P1-88-8	0	-
1453	454.536458	454.688802	Bb3	66	80	0	0	63150	P1-88-23	0	-
1454	454.636719	454.841146	Bb2	65	80	0	0	63190	P1-88-25	0	-
1455	454.713542	454.878906	Bb3	62	80	0	0	63190	P1-88-25	0	-
1456	454.794271	455.688802	C5	90	80	0	0	63210	P1-88-3	0	-
1457	454.800781	455.419271	Eb4	82	80	0	0	63210	P1-88-10	0	-
1458	455.536458	456.449219	A4	77	80	0	0	63330	P1-88-4	0	-
1459	455.544271	456.759115	Gb4	67	80	0	0	63330	P1-88-15	0	-
1460	455.558594	456.199219	C4	67	80	0	0	63330	P1-88-13	0	-
1461	455.567708	456.199219	Eb4	57	80	0	0	63330	P1-88-14	0	-
1462	456.114583	456.378906	Bb3	90	80	0	0	63390	P1-88-28	0	-
1463	456.252604	456.658854	Bb2	65	80	0	0	63410	P1-88-29	0	-
1464	456.385417	457.179688	Bb3	66	80	0	0	63430	P1-88-30	0	-
1465	456.643229	458.082031	D3	61	80	0	0	63450	P1-89-15	0	-
1466	456.671875	461.500000	Bb2	45	80	0	0	63450	P1-89-22	0	-
1467	458.042969	458.282552	Eb3	49	80	0	0	63660	P1-89-17	0	-
1468	458.067708	458.283854	C3	34	80	0	0	63660	P1-89-16	0	-
1469	458.277344	460.359375	F3	43	80	0	0	63690	P1-89-19	0	-
1470	458.309896	460.279948	D3	37	80	0	0	63690	P1-89-18	0	-
1471	460.222656	461.750000	Eb3	32	80	0	0	63930	P1-89-21	0	-
1472	460.226562	461.729167	C3	26	80	0	0	63930	P1-89-20	0	-
1473	460.458333	460.532552	F4	54	80	0	0	63960	P1-89-7	0	-
1474	460.654948	460.744792	E4	62	80	0	0	63990	P1-89-8	0	-
1475	460.824219	460.884115	F4	68	80	0	0	64020	P1-89-9	0	-
1476	460.983073	461.052083	G4	68	80	0	0	64050	P1-89-10	0	-
1477	461.141927	461.212240	A4	66	80	0	0	64080	P1-89-11	0	-
1478	461.295573	461.363281	Bb4	56	80	0	0	64110	P1-89-12	0	-
1479	461.455729	461.506510	C5	62	80	0	0	64140	P1-89-13	0	-
1480	461.682292	463.158854	D5	77	80	0	0	64170	P1-90-2	0	-
1481	461.704427	462.222656	D3	37	80	0	0	64170	P1-90-12	0	-
1482	461.714844	462.223958	Bb2	39	80	0	0	64170	P1-90-11	0	-
1483	461.714844	464.869792	F4	37	80	0	0	64170	P1-90-9	0	-
1484	463.095052	463.399740	Eb5	76	80	0	0	64380	P1-90-4	0	-
1485	463.097656	463.419271	C5	59	80	0	0	64380	P1-90-3	0	-
1486	463.342448	465.929688	F5	68	80	0	0	64410	P1-90-6	0	-
1487	463.355469	465.158854	D5	54	80	0	0	64410	P1-90-5	0	-
1488	465.411458	467.119792	Eb5	53	80	0	0	64650	P1-90-8	0	-
1489	465.462240	466.598958	C5	31	80	0	0	64650	P1-90-7	0	-
1490	465.713542	465.774740	F3	52	80	0	0	64680	P1-90-16	0	-
1491	465.920573	465.975260	E3	61	80	0	0	64710	P1-90-17	0	-
1492	466.076823	466.192708	F3	58	80	0	0	64740	P1-90-18	0	-
1493	466.269531	466.355469	G3	57	80	0	0	64770	P1-90-19	0	-
1494	466.423177	466.496094	A3	53	80	0	0	64800	P1-90-20	0	-
1495	466.613281	466.699219	Bb3	48	80	0	0	64830	P1-90-21	0	-
1496	466.792969	466.855469	C4	57	80	0	0	64860	P1-90-22	0	-
1497	467.063802	468.524740	D4	64	80	0	0	64890	P1-91-8	0	-
1498	467.104167	468.699219	Bb3	39	80	0	0	64890	P1-91-7	0	-
1499	468.480469	468.733073	Eb4	72	80	0	0	65100	P1-91-10	0	-
1500	468.481771	468.727865	C4	62	80	0	0	65100	P1-91-9	0	-
1501	468.694010	472.500000	F4	77	80	0	0	65130	P1-91-12	0	-
1502	468.733073	472.500000	D4	59	80	0	0	65130	P1-91-11	0	-
1503	470.337240	473.679688	Bb1	84	80	0	0	65370	P1-91-13	0	-
1504	473.294271	477.389323	A1	34	80	0	0	65610	P1-92-2	0	-
1505	478.820312	479.539062	C6	45	80	0	0	66330	P1-93-1	0	-
1506	479.516927	479.597656	D6	49	80	0	0	66420	P1-93-6	0	-
1507	479.638021	479.699219	C6	55	80	0	0	66430	P1-93-7	0	-
1508	479.695312	479.819010	B5	54	80	0	0	66440	P1-93-8	0	-
1509	479.770833	480.509115	C6	58	80	0	0	66450	P1-93-2	0	-
1510	480.494792	480.748698	D6	52	80	0	0	66540	P1-93-3	0	-
1511	480.725260	481.359375	Eb6	48	80	0	0	66570	P1-93-4	0	-
1512	482.692708	485.378906	Gb4	79	80	0	0	66810	P1-93-5	0	-
1513	482.736979	483.889323	Bb3	40	80	0	0	66810	P1-93-11	0	-
1514	482.738281	484.199219	Eb4	35	80	0	0	66810	P1-93-13	0	-
1515	482.740885	483.859375	C4	35	80	0	0	66810	P1-93-12	0	-
1516	485.282552	486.959635	F4	34	80	0	0	67050	P1-94-1	0	-
1517	485.295573	487.459635	C4	28	80	0	0	67050	P1-94-17	0	-
1518	485.309896	488.759115	A3	26	80	0	0	67050	P1-94-16	0	-
1519	485.311198	486.789062	Eb4	27	80	0	0	67050	P1-94-18	0	-
1520	487.460938	487.929688	G4	36	80	0	0	67530	P1-94-2	0	-
1521	487.471354	488.959635	C4	22	80	0	0	67530	P1-94-2	0	-
1522	487.750000	487.914062	F4	40	80	0	0	67547	P1-94-3	0	-
1523	487.967448	488.199219	E4	41	80	0	0	67564	P1-94-4	0	-
1524	488.123698	488.579427	F4	44	80	0	0	67581	P1-94-5	0	-
1525	488.264323	488.359375	G4	44	80	0	0	67598	P1-94-6	0	-
1526	488.351562	488.411458	A4	53	80	0	0	67615	P1-94-7	0	-
1527	488.458333	488.559896	Bb4	54	80	0	0	67632	P1-94-8	0	-
1528	488.565104	488.613281	C5	56	80	0	0	67649	P1-94-9	0	-
1529	488.643229	488.692708	D5	60	80	0	0	67666	P1-94-10	0	-
1530	488.707031	488.766927	Eb5	65	80	0	0	67683	P1-94-11	0	-
1531	488.804688	488.848958	F5	60	80	0	0	67700	P1-94-12	0	-
1532	488.856771	488.928385	G5	72	80	0	0	67717	P1-94-13	0	-
1533	488.920573	488.966146	A5	70	80	0	0	67734	P1-94-14	0	-
1534	488.972656	489.089844	Bb5	71	80	0	0	67751	P1-94-15	0	-
1535	489.063802	489.679688	C6	72	80	0	0	67770	P1-95-1	0	-
1536	489.664062	489.752604	D6	61	80	0	0	67860	P1-95-8	0	-
1537	489.744792	489.809896	C6	64	80	0	0	67870	P1-95-9	0	-
1538	489.798177	489.906250	B5	70	80	0	0	67880	P1-95-10	0	-
1539	489.885417	490.532552	C6	73	80	0	0	67890	P1-95-2	0	-
1540	490.505208	490.734375	D6	69	80	0	0	67980	P1-95-3	0	-
1541	490.705729	491.239583	Eb6	70	80	0	0	68010	P1-95-4	0	-
1542	492.427083	494.309896	Eb5	82	80	0	0	68250	P1-95-7	0	-
1543	492.444010	494.319010	A4	66	80	0	0	68250	P1-95-5	0	-
1544	492.444010	494.309896	C5	72	80	0	0	68250	P1-95-6	0	-
1545	492.444010	493.938802	C4	67	80	0	0	68250	P1-95-15	0	-
1546	492.445312	494.279948	F#3	64	80	0	0	68250	P1-95-14	0	-
1547	492.446615	493.709635	Eb4	69	80	0	0	68250	P1-95-16	0	-
1548	494.260417	495.769531	D5	53	80	0	0	68490	P1-96-2	0	-
1549	494.287760	494.348958	Eb4	28	80	0	0	68490	P1-96-13	0	-
1550	494.290365	495.438802	Bb4	37	80	0	0	68490	P1-96-1	0	-
1551	494.292969	495.759115	G3	33	80	0	0	68490	P1-96-11	0	-
1552	494.294271	495.569010	Bb3	35	80	0	0	68490	P1-96-12	0	-
1553	496.192708	499.128906	G5	101	80	0	0	68730	P1-96-4	0	-
1554	496.937500	497.188802	Db4	83	80	0	0	68850	P1-96-18	0	-
1555	496.938802	497.229167	Bb3	79	80	0	0	68850	P1-96-17	0	-
1556	496.941406	497.179688	E3	75	80	0	0	68850	P1-96-16	0	-
1557	497.783854	497.908854	Db5	80	80	0	0	68970	P1-96-9	0	-
1558	497.785156	498.009115	G4	83	80	0	0	68970	P1-96-7	0	-
1559	497.785156	497.898438	Bb4	83	80	0	0	68970	P1-96-8	0	-
1560	500.467448	501.476562	F5	57	80	0	0	69210	P1-97-1	0	-
1561	501.358073	501.480469	D4	24	80	0	0	69330	P1-97-15	0	-
1562	501.369792	501.479167	F3	22	80	0	0	69330	P1-97-13	0	-
1563	501.372396	501.479167	Bb3	25	80	0	0	69330	P1-97-14	0	-
1564	502.217448	502.382812	D5	36	80	0	0	69450	P1-97-6	0	-
1565	502.236979	502.372396	F4	36	80	0	0	69450	P1-97-4	0	-
1566	502.240885	502.384115	Bb4	35	80	0	0	69450	P1-97-5	0	-
1567	503.066406	503.154948	F2	26	80	0	0	69570	P1-97-18	0	-
1568	503.070312	503.152344	F1	28	80	0	0	69570	P1-97-17	0	-
1569	503.944010	504.173177	A4	49	80	0	0	69690	P1-97-10	0	-
1570	503.966146	504.174479	C4	32	80	0	0	69690	P1-97-8	0	-
1571	503.971354	504.174479	Eb4	31	80	0	0	69690	P1-97-9	0	-
1572	504.903646	505.046875	F3	25	80	0	0	69810	P1-97-21	0	-
1573	504.904948	505.048177	F2	25	80	0	0	69810	P1-97-20	0	-
1574	505.975260	506.559896	Bb4	33	80	0	0	69930	P1-98-3	0	-
1575	505.984375	506.438802	Bb3	29	80	0	0	69930	P1-98-1	0	-
1576	506.006510	506.229167	D4	24	80	0	0	69930	P1-98-2	0	-
1577	506.007812	511.218750	Bb2	29	80	0	0	69930	P1-98-15	0	-
1578	506.013021	510.889323	Bb1	28	80	0	0	69930	P1-98-14	0	-
1579	507.270833	507.739583	F5	59	80	0	0	70050	P1-98-5	0	-
1580	507.277344	509.250000	F4	50	80	0	0	70050	P1-98-4	0	-
1581	508.276042	509.119792	D5	73	80	0	0	70170	P1-98-7	0	-
1582	508.300781	510.279948	D4	66	80	0	0	70170	P1-98-6	0	-
1583	509.145833	509.889323	Cb4	69	80	0	0	70290	P1-98-8	0	-
1584	509.145833	510.279948	Cb5	78	80	0	0	70290	P1-98-9	0	-
1585	509.915365	510.500000	Bb3	75	80	0	0	70410	P1-98-10	0	-
1586	509.915365	510.739583	Bb4	66	80	0	0	70410	P1-98-11	0	-
1587	510.723958	511.019531	Ab3	74	80	0	0	70530	P1-98-12	0	-
1588	510.723958	511.119792	Ab4	66	80	0	0	70530	P1-98-13	0	-
1589	511.565104	512.598958	G4	68	80	0	0	70650	P1-99-2	0	-
1590	511.574219	512.750000	G3	64	80	0	0	70650	P1-99-1	0	-
1591	511.596354	516.489583	Bb2	51	80	0	0	70650	P1-99-16	0	-
1592	511.600260	513.449219	Bb1	50	80	0	0	70650	P1-99-15	0	-
1593	512.395833	513.449219	Bb4	63	80	0	0	70770	P1-99-4	0	-
1594	512.425781	513.500000	Bb3	68	80	0	0	70770	P1-99-3	0	-
1595	513.214844	515.799479	Eb3	57	80	0	0	70890	P1-99-5	0	-
1596	513.214844	514.509115	Eb4	56	80	0	0	70890	P1-99-6	0	-
1597	514.084635	515.079427	G4	57	80	0	0	71010	P1-99-8	0	-
1598	514.088542	515.579427	G3	62	80	0	0	71010	P1-99-7	0	-
1599	514.994792	515.669271	C4	47	80	0	0	71130	P1-99-10	0	-
1600	514.996094	516.789062	C3	47	80	0	0	71130	P1-99-9	0	-
1601	515.843750	516.848958	F4	44	80	0	0	71250	P1-99-12	0	-
1602	515.875000	516.829427	F3	40	80	0	0	71250	P1-99-11	0	-
1603	516.274740	516.859375	Eb4	45	80	0	0	71310	P1-99-14	0	-
1604	516.277344	516.839844	Eb3	42	80	0	0	71310	P1-99-13	0	-
1605	516.783854	519.399740	D3	34	80	0	0	71370	P1-100-5	0	-
1606	516.785156	521.609375	Bb2	37	80	0	0	71370	P1-100-19	0	-
1607	517.794271	520.309896	F4	61	80	0	0	71490	P1-100-6	0	-
1608	518.613281	519.759115	D4	72	80	0	0	71610	P1-100-7	0	-
1609	519.401042	520.468750	D5	82	80	0	0	71730	P1-100-3	0	-
1610	519.403646	520.489583	Cb4	60	80	0	0	71730	P1-100-8	0	-
1611	520.180990	521.829427	Bb3	75	80	0	0	71850	P1-100-9	0	-
1612	520.923177	522.029948	Ab3	72	80	0	0	71970	P1-100-10	0	-
1613	521.074219	521.164062	D5	63	80	0	0	71985	P1-100-12	0	-
1614	521.167969	521.253906	Eb5	66	80	0	0	72000	P1-100-13	0	-
1615	521.277344	521.337240	D5	78	80	0	0	72015	P1-100-14	0	-
1616	521.352865	521.429688	Eb5	73	80	0	0	72030	P1-100-15	0	-
1617	521.445312	521.494792	D5	74	80	0	0	72045	P1-100-16	0	-
1618	521.514323	521.589844	Eb5	72	80	0	0	72075	P1-100-4	0	-
1619	521.589844	521.652344	D5	76	80	0	0	72075	P1-100-4	0	-
1620	521.666667	521.743490	Eb5	76	80	0	0	72075	P1-100-4	0	-
1621	521.750000	521.908854	D5	73	80	0	0	72075	P1-100-4	0	-
1622	521.873698	522.908854	F5	81	80	0	0	72090	P1-101-1	0	-
1623	521.906250	522.795573	G3	66	80	0	0	72090	P1-101-16	0	-
1624	521.927083	524.438802	Bb2	44	80	0	0	72090	P1-101-15	0	-
1625	522.755208	524.718750	Bb3	58	80	0	0	72210	P1-101-17	0	-
1626	522.756510	524.369792	Eb5	54	80	0	0	72210	P1-101-2	0	-
1627	523.503906	524.899740	Eb3	62	80	0	0	72330	P1-101-18	0	-
1628	524.375000	526.218750	Eb5	75	80	0	0	72450	P1-101-4	0	-
1629	524.412760	525.428385	G3	42	80	0	0	72450	P1-101-19	0	-
1630	525.265625	526.114583	C3	43	80	0	0	72570	P1-101-20	0	-
1631	526.046875	527.098958	F3	46	80	0	0	72690	P1-101-21	0	-
1632	526.136719	526.268229	A4	40	80	0	0	72705	P1-101-8	0	-
1633	526.296875	526.408854	Bb4	43	80	0	0	72720	P1-101-9	0	-
1634	526.403646	526.464844	A4	51	80	0	0	72735	P1-101-10	0	-
1635	526.492188	526.589844	Bb4	46	80	0	0	72750	P1-101-11	0	-
1636	526.526042	527.322917	Eb3	45	80	0	0	72750	P1-101-22	0	-
1637	526.601562	526.652344	A4	50	80	0	0	72765	P1-101-12	0	-
1638	526.683594	526.735677	Bb4	54	80	0	0	72795	P1-101-5	0	-
1639	526.772135	526.830729	A4	53	80	0	0	72795	P1-101-5	0	-
1640	526.848958	526.894531	Bb4	58	80	0	0	72795	P1-101-5	0	-
1641	526.914062	526.989583	A4	46	80	0	0	72795	P1-101-5	0	-
1642	527.000000	527.045573	Bb4	53	80	0	0	72795	P1-101-5	0	-
1643	527.093750	527.449219	A4	55	80	0	0	72795	P1-101-5	0	-
1644	527.255208	529.009115	Bb2	41	80	0	0	72810	P1-102-22	0	-
1645	527.256510	528.207031	D3	39	80	0	0	72810	P1-102-13	0	-
1646	528.122396	529.158854	F3	42	80	0	0	72930	P1-102-14	0	-
1647	528.545573	529.188802	A4	50	80	0	0	72990	P1-102-3	0	-
1648	528.572917	529.075521	Eb3	32	80	0	0	72990	P1-102-15	0	-
1649	529.071615	530.408854	Bb4	39	80	0	0	73050	P1-102-4	0	-
1650	529.104167	529.209635	Bb3	27	80	0	0	73050	P1-102-4	0	-
1651	529.104167	530.007812	D3	28	80	0	0	73050	P1-102-16	0	-
1652	529.108073	530.908854	Bb2	28	80	0	0	73050	P1-102-23	0	-
1653	529.924479	531.009115	F3	35	80	0	0	73170	P1-102-17	0	-
1654	530.403646	530.946615	C5	56	80	0	0	73230	P1-102-7	0	-
1655	530.408854	531.039062	Eb3	33	80	0	0	73230	P1-102-18	0	-
1656	530.412760	530.979167	A4	43	80	0	0	73230	P1-102-6	0	-
1657	530.934896	532.459635	D5	50	80	0	0	73290	P1-102-9	0	-
1658	530.966146	531.509115	Bb4	31	80	0	0	73290	P1-102-8	0	-
1659	530.975260	532.699219	Bb2	28	80	0	0	73290	P1-102-24	0	-
1660	531.886719	532.500000	F3	37	80	0	0	73410	P1-102-20	0	-
1661	532.367188	533.309896	A5	59	80	0	0	73470	P1-102-12	0	-
1662	532.388021	534.348958	Eb3	31	80	0	0	73470	P1-102-21	0	-
1663	532.394531	532.639323	C5	32	80	0	0	73470	P1-102-11	0	-
1664	533.041667	535.419271	Bb5	68	80	0	0	73530	P1-103-2	0	-
1665	533.065104	535.669271	D5	38	80	0	0	73530	P1-103-1	0	-
1666	533.066406	536.089844	Bb2	27	80	0	0	73530	P1-103-8	0	-
1667	533.072917	533.378906	F3	29	80	0	0	73530	P1-103-8	0	-
1668	534.165365	536.408854	D6	84	80	0	0	73650	P1-103-3	0	-
1669	535.361979	536.218750	C6	81	80	0	0	73740	P1-103-4	0	-
1670	536.335938	539.869792	C6	57	80	0	0	73770	P1-103-5	0	-
1671	539.625000	542.378906	Bb5	36	80	0	0	74010	P1-103-6	0	-
1672	541.653646	543.348958	Bb1	19	80	0	0	74130	P1-103-13	0	-
