//Version: PianoRoll_v170101
0	0.351562	5.218750	Bb1	48	80	0
1	0.526042	5.438802	F2	50	80	0
2	0.654948	4.959635	Bb2	62	80	0
3	0.772135	4.609375	D3	68	80	0
4	0.878906	4.750000	F3	77	80	0
5	1.121094	4.348958	Bb3	86	80	0
6	6.532552	7.799479	D5	67	80	0
7	7.625000	8.158854	Eb5	81	80	0
8	7.915365	8.529948	F5	68	80	0
9	9.238281	11.329427	Bb3	74	80	0
10	9.246094	10.449219	F3	56	80	0
11	9.255208	10.309896	Bb2	55	80	0
12	9.256510	10.319010	D3	57	80	0
13	9.264323	10.419271	Bb1	49	80	0
14	9.276042	10.739583	F2	48	80	0
15	11.216146	14.658854	A3	61	80	0
16	11.223958	15.069010	F3	55	80	0
17	11.233073	14.829427	Eb3	47	80	0
18	11.234375	15.199219	C3	49	80	0
19	11.236979	16.218750	F2	46	80	0
20	11.240885	16.429688	C2	42	80	0
21	16.395833	17.713542	A5	82	80	0
22	17.635417	18.479167	Bb5	83	80	0
23	17.947917	18.989583	C6	71	80	0
24	19.598958	22.149740	Eb4	60	80	0
25	19.613281	21.279948	C4	45	80	0
26	19.664062	21.529948	F3	39	80	0
27	19.673177	21.729167	A2	34	80	0
28	21.735677	24.229167	D4	53	80	0
29	21.742188	24.929688	Bb3	39	80	0
30	21.747396	25.739583	F3	35	80	0
31	21.759115	25.938802	Bb2	31	80	0
32	24.798177	25.229167	D4	52	80	0
33	25.085938	25.429688	F4	54	80	0
34	25.309896	25.442708	Eb4	62	80	0
35	25.451823	25.585938	D4	62	80	0
36	25.567708	25.712240	Eb4	74	80	0
37	25.695312	25.859375	F4	75	80	0
38	25.790365	25.882812	G4	77	80	0
39	25.901042	25.998698	A4	85	80	0
40	26.007812	26.095052	Bb4	73	80	0
41	26.109375	26.263021	C5	83	80	0
42	26.251302	27.468750	D5	82	80	0
43	27.363281	27.625000	Eb5	84	80	0
44	27.604167	28.899740	F5	76	80	0
45	28.945312	30.658854	F5	84	80	0
46	28.951823	30.449219	G#4	78	80	0
47	28.976562	30.688802	B3	62	80	0
48	28.980469	30.339844	D3	54	80	0
49	30.674479	32.649740	F5	74	80	0
50	30.684896	33.069010	G4	67	80	0
51	30.701823	32.399740	B3	46	80	0
52	30.704427	33.098958	Eb3	38	80	0
53	32.342448	33.000000	Eb5	63	80	0
54	32.345052	33.029948	C4	41	80	0
55	33.088542	33.779948	D5	73	80	0
56	33.096354	33.649740	Bb4	62	80	0
57	33.102865	33.769531	D4	62	80	0
58	33.105469	33.598958	F3	50	80	0
59	33.838542	34.309896	C5	80	80	0
60	33.843750	34.279948	Bb4	78	80	0
61	33.846354	33.968750	Bb3	64	80	0
62	33.846354	34.429688	Eb4	67	80	0
63	33.863281	34.319010	G3	55	80	0
64	34.524740	34.809896	Bb4	87	80	0
65	34.524740	35.279948	G3	65	80	0
66	34.524740	35.229167	E4	76	80	0
67	34.524740	34.979167	C5	80	80	0
68	34.984375	35.299479	Bb4	79	80	0
69	35.071615	35.160156	C5	73	80	0
70	35.102865	37.149740	F3	64	80	0
71	35.177083	35.269531	D5	68	80	0
72	35.265625	35.333333	C5	80	80	0
73	35.316406	37.029948	E4	71	80	0
74	35.334635	35.406250	D5	77	80	0
75	35.428385	35.496094	C5	79	80	0
76	35.501302	35.558594	D5	74	80	0
77	35.602865	35.656250	C5	63	80	0
78	35.664062	35.744792	D5	80	80	0
79	35.753906	35.816406	C5	71	80	0
80	35.826823	35.911458	B4	79	80	0
81	35.927083	36.024740	C5	80	80	0
82	36.010417	36.574219	D5	79	80	0
83	36.552083	36.908854	C5	74	80	0
84	37.115885	39.169271	C5	56	80	0
85	37.117188	39.279948	A4	54	80	0
86	37.160156	38.869792	F4	38	80	0
87	37.161458	39.059896	F3	37	80	0
88	39.473958	39.966146	F3	55	80	0
89	39.932292	40.408854	G3	63	80	0
90	39.934896	40.345052	Eb3	52	80	0
91	40.298177	40.929688	A3	74	80	0
92	40.309896	40.529948	C3	66	80	0
93	40.906250	44.639323	Bb3	75	80	0
94	40.932292	42.500000	D3	69	80	0
95	40.932292	45.468750	Bb2	67	80	0
96	40.933594	45.188802	Bb1	64	80	0
97	42.442708	42.899740	Eb3	81	80	0
98	42.444010	42.809896	C3	72	80	0
99	42.723958	44.139323	F3	69	80	0
100	42.725260	44.079427	D3	69	80	0
101	44.428385	45.209635	F3	68	80	0
102	44.436198	45.319010	D3	53	80	0
103	46.270833	46.829427	D5	75	80	0
104	46.308594	48.529948	F3	46	80	0
105	46.325521	46.339844	Bb3	40	80	0
106	46.326823	48.519531	D3	38	80	0
107	46.326823	48.549479	Bb2	42	80	0
108	46.817708	46.923177	Eb5	67	80	0
109	46.906250	46.983073	D5	76	80	0
110	46.994792	47.106771	C5	77	80	0
111	47.100260	47.628906	D5	76	80	0
112	47.588542	47.863281	Eb5	86	80	0
113	47.902344	48.419271	F5	69	80	0
114	49.459635	51.179688	Bb3	79	80	0
115	49.473958	50.789062	D3	56	80	0
116	49.507812	50.839844	Bb2	50	80	0
117	49.511719	51.229167	Bb1	49	80	0
118	51.511719	56.149740	A3	82	80	0
119	51.523438	55.908854	F1	64	80	0
120	51.535156	53.218750	Eb3	66	80	0
121	51.539062	56.179688	C3	69	80	0
122	51.540365	55.628906	F2	61	80	0
123	53.010417	53.378906	F3	89	80	0
124	53.015625	53.378906	D3	80	80	0
125	53.304688	55.119792	F#3	73	80	0
126	53.305990	55.119792	Eb3	73	80	0
127	55.125000	56.378906	F#3	81	80	0
128	55.128906	56.399740	Eb3	66	80	0
129	56.071615	56.619792	F2	37	80	0
130	57.003906	57.619792	C6	87	80	0
131	57.036458	58.389323	F#3	58	80	0
132	57.041667	58.309896	Eb3	55	80	0
133	57.539062	57.623698	D6	73	80	0
134	57.627604	57.789062	C6	76	80	0
135	57.714844	57.800781	B5	89	80	0
136	57.803385	58.619792	C6	84	80	0
137	58.276042	58.809896	D6	99	80	0
138	58.541667	59.419271	Eb6	87	80	0
139	60.058594	62.139323	F#4	90	80	0
140	60.067708	61.369792	Eb4	80	80	0
141	60.072917	61.279948	C4	74	80	0
142	60.074219	61.559896	Bb3	77	80	0
143	62.036458	63.658854	C4	71	80	0
144	62.050781	64.128906	F4	63	80	0
145	62.054688	63.699219	A3	62	80	0
146	62.061198	63.679688	Eb4	62	80	0
147	63.555990	64.000000	B3	64	80	0
148	63.555990	64.069010	D4	77	80	0
149	63.897135	65.688802	Eb4	71	80	0
150	63.899740	65.699219	C4	63	80	0
151	65.703125	66.339844	Eb4	68	80	0
152	65.705729	66.329427	C4	57	80	0
153	67.485677	67.966146	C6	80	80	0
154	67.497396	69.669271	Eb4	52	80	0
155	67.505208	69.039062	C4	46	80	0
156	67.505208	69.569010	F3	44	80	0
157	67.966146	68.098958	D6	66	80	0
158	68.054688	68.131510	C6	75	80	0
159	68.143229	68.279948	B5	77	80	0
160	68.244792	68.859375	C6	81	80	0
161	68.747396	69.329427	D6	94	80	0
162	69.055990	69.739583	Eb6	80	80	0
163	69.083333	69.799479	A3	53	80	0
164	70.854167	72.789062	Eb5	75	80	0
165	70.864583	72.899740	A4	59	80	0
166	70.873698	72.819010	Eb4	57	80	0
167	70.875000	72.819010	C4	49	80	0
168	70.881510	72.848958	F#3	53	80	0
169	72.752604	73.979167	D5	55	80	0
170	72.756510	73.500000	Bb4	51	80	0
171	72.783854	73.688802	G3	38	80	0
172	72.785156	73.579427	Bb3	42	80	0
173	72.787760	73.509115	D4	37	80	0
174	74.384115	78.209635	G5	91	80	0
175	75.923177	76.239583	G4	76	80	0
176	75.923177	76.279948	Bb4	77	80	0
177	75.923177	76.188802	C#4	71	80	0
178	75.923177	76.289062	C#5	76	80	0
179	75.925781	76.169271	Bb3	71	80	0
180	75.925781	76.169271	E3	66	80	0
181	78.091146	80.729167	F5	65	80	0
182	79.864583	80.408854	F3	32	80	0
183	79.865885	80.269531	Bb3	31	80	0
184	79.871094	80.319010	D5	39	80	0
185	79.871094	80.459635	Bb4	38	80	0
186	79.875000	80.158854	D4	33	80	0
187	81.542969	81.899740	A4	43	80	0
188	81.545573	81.644531	C4	32	80	0
189	81.545573	81.648438	Eb4	36	80	0
190	81.553385	81.643229	F2	34	80	0
191	81.557292	81.643229	F3	35	80	0
192	83.273438	83.628906	Bb4	44	80	0
193	83.291667	83.619792	Bb3	33	80	0
194	83.292969	83.628906	D4	31	80	0
195	83.295573	83.539062	Bb2	34	80	0
196	83.295573	83.539062	Bb1	35	80	0
197	84.720052	84.783854	Bb2	41	80	0
198	84.805990	84.938802	Bb1	47	80	0
199	84.886719	84.957031	Bb2	51	80	0
200	84.945312	84.979167	Bb1	57	80	0
201	86.167969	86.222656	Bb2	43	80	0
202	86.243490	86.300781	Bb1	55	80	0
203	86.341146	86.394531	Bb2	55	80	0
204	86.404948	86.446615	Bb1	57	80	0
205	87.639323	87.705729	Bb2	48	80	0
206	87.735677	87.794271	Bb1	54	80	0
207	87.815104	87.895833	Bb2	59	80	0
208	87.924479	87.938802	Bb1	48	80	0
209	87.933594	89.669271	Eb4	66	80	0
210	87.955729	89.438802	G3	40	80	0
211	87.962240	89.109375	Bb3	45	80	0
212	89.401042	91.128906	D4	61	80	0
213	89.407552	91.009115	F3	48	80	0
214	89.408854	90.529948	Bb3	52	80	0
215	90.855469	92.539062	C#4	62	80	0
216	90.861979	92.319010	E3	53	80	0
217	90.863281	92.188802	Bb3	54	80	0
218	92.545573	94.289062	C#4	56	80	0
219	92.559896	95.019531	Bb3	47	80	0
220	92.569010	94.000000	E3	43	80	0
221	93.954427	94.079427	Bb2	47	80	0
222	94.042969	94.209635	Bb1	52	80	0
223	94.135417	94.449219	Bb2	55	80	0
224	94.223958	94.699219	Bb1	58	80	0
225	94.234375	95.079427	D4	49	80	0
226	95.454427	95.559896	Bb2	36	80	0
227	95.520833	95.628906	Bb1	54	80	0
228	95.604167	95.682292	Bb2	61	80	0
229	95.697917	95.751302	Bb1	53	80	0
230	96.936198	97.059896	Bb2	43	80	0
231	97.011719	97.074219	Bb1	59	80	0
232	97.096354	97.164062	Bb2	58	80	0
233	97.218750	98.339844	C4	59	80	0
234	97.234375	100.049479	Eb3	48	80	0
235	97.234375	99.789062	G3	47	80	0
236	98.412760	98.649740	D4	58	80	0
237	98.516927	98.669271	C4	61	80	0
238	98.644531	99.039062	B3	71	80	0
239	98.750000	99.769531	C4	67	80	0
240	99.441406	100.809896	Eb4	71	80	0
241	100.296875	101.287760	C4	57	80	0
242	100.324219	101.819010	F#3	41	80	0
243	100.328125	102.128906	Eb3	37	80	0
244	101.162760	102.139323	A3	58	80	0
245	102.109375	103.718750	C4	54	80	0
246	102.143229	103.718750	F#3	41	80	0
247	102.143229	103.279948	Eb3	37	80	0
248	102.144531	103.709635	A3	39	80	0
249	103.420573	103.579427	Bb2	43	80	0
250	103.500000	103.639323	Bb1	57	80	0
251	103.588542	104.019531	Bb2	49	80	0
252	103.684896	104.009115	Bb1	55	80	0
253	105.076823	105.179688	Bb2	38	80	0
254	105.145833	105.299479	Bb1	55	80	0
255	105.246094	105.313802	Bb2	58	80	0
256	105.305990	105.359375	Bb1	52	80	0
257	106.589844	106.645833	Bb2	53	80	0
258	106.671875	106.789062	Bb1	62	80	0
259	106.757812	106.833333	Bb2	64	80	0
260	106.885417	107.179688	Bb1	53	80	0
261	106.890625	108.128906	Bb4	74	80	0
262	106.915365	107.959635	D4	56	80	0
263	108.464844	109.628906	G4	82	80	0
264	108.468750	110.259115	Bb3	73	80	0
265	108.471354	109.609375	D4	71	80	0
266	110.084635	112.309896	F4	75	80	0
267	110.093750	111.529948	A3	69	80	0
268	110.097656	111.389323	D4	69	80	0
269	112.065104	114.468750	E4	51	80	0
270	112.070312	114.019531	G3	39	80	0
271	112.072917	114.468750	C4	43	80	0
272	113.398438	113.539062	C3	39	80	0
273	113.497396	113.609375	C2	39	80	0
274	113.592448	113.859375	C3	44	80	0
275	113.721354	113.919271	C2	41	80	0
276	114.484375	114.899740	G3	35	80	0
277	114.484375	115.259115	E4	51	80	0
278	114.484375	115.009115	C4	38	80	0
279	114.859375	115.039062	C6	52	80	0
280	114.955729	115.128906	C5	51	80	0
281	115.045573	115.199219	C6	55	80	0
282	115.154948	115.859375	F4	52	80	0
283	115.165365	115.589844	C4	49	80	0
284	115.167969	115.609375	A3	38	80	0
285	115.170573	115.449219	C5	51	80	0
286	115.851562	116.329427	G4	62	80	0
287	115.863281	116.389323	Bb3	52	80	0
288	115.864583	116.429688	C4	47	80	0
289	116.661458	118.079427	G4	60	80	0
290	116.674479	117.389323	C4	46	80	0
291	116.678385	117.128906	Bb3	51	80	0
292	117.845052	118.250000	E4	60	80	0
293	117.869792	118.019531	G#3	42	80	0
294	117.871094	118.158854	C4	44	80	0
295	117.875000	118.000000	C3	41	80	0
296	117.964844	118.239583	C2	41	80	0
297	118.097656	118.250000	C3	41	80	0
298	118.236979	118.848958	F4	60	80	0
299	118.252604	118.589844	C2	47	80	0
300	118.255208	118.718750	C4	47	80	0
301	118.255208	118.649740	A3	52	80	0
302	118.256510	118.449219	C3	49	80	0
303	118.953125	119.459635	F4	63	80	0
304	118.955729	119.239583	A3	55	80	0
305	118.957031	119.438802	C4	57	80	0
306	119.291667	119.408854	C6	54	80	0
307	119.382812	119.500000	C5	62	80	0
308	119.488281	119.669271	C6	68	80	0
309	119.604167	120.109375	G4	77	80	0
310	119.614583	120.009115	E4	59	80	0
311	119.614583	119.819010	C4	59	80	0
312	120.311198	120.718750	A4	86	80	0
313	120.324219	120.789062	C4	68	80	0
314	120.328125	120.859375	F4	70	80	0
315	121.093750	122.500000	A4	83	80	0
316	121.114583	123.009115	C4	62	80	0
317	121.117188	122.339844	F4	64	80	0
318	122.265625	122.639323	F#4	76	80	0
319	122.278646	122.658854	Eb4	65	80	0
320	122.298177	122.399740	C3	51	80	0
321	122.390625	122.628906	C2	59	80	0
322	122.505208	122.809896	C3	60	80	0
323	122.638021	123.098958	G4	81	80	0
324	122.641927	122.848958	C2	60	80	0
325	122.647135	123.079427	E4	60	80	0
326	123.333333	123.658854	G4	90	80	0
327	123.337240	123.569010	C4	64	80	0
328	123.337240	124.009115	E4	70	80	0
329	123.725260	123.799479	C6	72	80	0
330	123.835938	123.938802	C5	59	80	0
331	123.898438	124.000000	C6	70	80	0
332	123.997396	124.209635	A4	92	80	0
333	124.003906	124.259115	C4	68	80	0
334	124.003906	124.199219	C5	75	80	0
335	124.005208	124.299479	F4	65	80	0
336	124.707031	125.049479	Bb4	92	80	0
337	124.714844	125.049479	C4	77	80	0
338	124.716146	125.079427	G4	86	80	0
339	125.550781	126.309896	Bb4	92	80	0
340	125.555990	126.069010	G4	85	80	0
341	125.557292	126.000000	C4	71	80	0
342	126.687500	127.039062	G#4	92	80	0
343	126.695312	126.989583	E4	74	80	0
344	126.712240	126.839844	C3	61	80	0
345	126.809896	127.289062	C2	61	80	0
346	126.914062	127.319010	C3	76	80	0
347	127.033854	127.429688	A4	87	80	0
348	127.037760	127.378906	F4	75	80	0
349	127.713542	127.929688	A4	96	80	0
350	127.716146	128.079427	F4	72	80	0
351	127.718750	127.938802	C4	69	80	0
352	128.104167	128.192708	C6	79	80	0
353	128.221354	128.281250	C5	74	80	0
354	128.308594	128.408854	C6	84	80	0
355	128.424479	128.529948	C5	87	80	0
356	128.424479	128.539062	B4	89	80	0
357	128.428385	128.639323	D4	85	80	0
358	128.428385	128.750000	G#4	83	80	0
359	128.430990	128.669271	F4	81	80	0
360	129.264323	129.559896	B4	92	80	0
361	129.272135	129.598958	G#4	88	80	0
362	129.273438	129.688802	D4	79	80	0
363	129.273438	129.609375	F4	81	80	0
364	129.608073	129.799479	C6	75	80	0
365	129.714844	129.778646	C5	74	80	0
366	129.809896	130.399740	C6	93	80	0
367	130.135417	130.509115	C5	64	80	0
368	130.147135	130.589844	E4	54	80	0
369	130.153646	130.519531	G4	63	80	0
370	131.035156	132.188802	G4	75	80	0
371	131.037760	132.179688	C4	55	80	0
372	131.040365	132.199219	E4	55	80	0
373	131.378906	131.549479	C3	59	80	0
374	131.533854	131.779948	C2	57	80	0
375	131.726562	131.787760	C3	74	80	0
376	132.415365	132.929688	G4	86	80	0
377	132.420573	132.848958	C4	65	80	0
378	132.423177	132.739583	E4	62	80	0
379	132.748698	133.000000	E4	50	80	0
380	132.760417	132.903646	C6	70	80	0
381	132.895833	133.029948	C5	74	80	0
382	133.131510	133.399740	B4	80	80	0
383	133.164062	133.419271	D4	62	80	0
384	133.167969	133.479167	F4	58	80	0
385	133.936198	134.628906	G4	86	80	0
386	133.945312	134.269531	D4	65	80	0
387	133.949219	134.369792	F4	79	80	0
388	134.710938	135.549479	C5	79	80	0
389	134.713542	135.438802	E4	70	80	0
390	134.716146	135.399740	C4	70	80	0
391	135.595052	137.009115	G4	88	80	0
392	135.598958	136.839844	E4	71	80	0
393	135.600260	136.848958	C4	69	80	0
394	135.963542	136.139323	C3	62	80	0
395	136.105469	136.468750	C2	69	80	0
396	136.303385	136.438802	C3	77	80	0
397	136.535156	136.598958	C3	42	80	0
398	137.023438	137.569010	G4	92	80	0
399	137.027344	137.579427	C4	71	80	0
400	137.031250	137.598958	E4	73	80	0
401	137.375000	137.559896	C6	73	80	0
402	137.506510	137.649740	C5	75	80	0
403	137.686198	137.809896	C6	82	80	0
404	137.687500	137.839844	B5	80	80	0
405	137.694010	138.009115	B4	80	80	0
406	137.721354	138.059896	D4	66	80	0
407	137.722656	138.109375	F4	66	80	0
408	138.494792	139.399740	G4	85	80	0
409	138.500000	139.098958	D4	66	80	0
410	138.503906	139.289062	F4	76	80	0
411	139.278646	139.859375	C5	80	80	0
412	139.285156	139.848958	C4	70	80	0
413	139.286458	139.869792	E4	65	80	0
414	140.045573	141.769531	G4	81	80	0
415	140.048177	141.348958	C4	66	80	0
416	140.050781	141.519531	E4	67	80	0
417	140.451823	140.609375	C3	44	80	0
418	140.613281	141.929688	C2	38	80	0
419	140.819010	141.329427	C3	50	80	0
420	141.736979	145.229167	E4	60	80	0
421	141.742188	143.079427	C4	52	80	0
422	141.742188	142.869792	G3	49	80	0
423	142.122396	142.279948	C3	41	80	0
424	142.276042	142.739583	C2	37	80	0
425	142.485677	143.339844	C3	44	80	0
426	142.744792	143.509115	C2	28	80	0
427	143.335938	144.609375	C4	47	80	0
428	143.341146	144.109375	G3	41	80	0
429	143.341146	144.309896	E3	41	80	0
430	143.712240	144.019531	C3	43	80	0
431	143.888021	145.049479	C2	28	80	0
432	144.101562	144.339844	C3	47	80	0
433	144.347656	147.500000	C3	26	80	0
434	144.864583	145.919271	C4	64	80	0
435	145.640625	146.389323	B3	78	80	0
436	146.410156	147.569010	C4	79	80	0
437	146.414062	147.250000	Bb3	81	80	0
438	147.169271	147.878906	A3	80	80	0
439	147.526042	147.733073	D4	81	80	0
440	147.710938	147.807292	E4	81	80	0
441	147.886719	148.059896	F4	75	80	0
442	147.891927	148.264323	Bb3	77	80	0
443	147.894531	148.264323	G3	73	80	0
444	148.046875	148.113281	G4	85	80	0
445	148.204427	148.273438	A4	89	80	0
446	148.369792	148.507812	Bb4	90	80	0
447	148.785156	150.759115	F2	41	80	0
448	148.786458	151.989583	C5	63	80	0
449	149.664062	151.209635	F3	36	80	0
450	150.488281	152.179688	F4	39	80	0
451	150.503906	152.098958	C4	33	80	0
452	150.510417	151.779948	A3	28	80	0
453	151.420573	153.179688	F3	32	80	0
454	152.059896	152.386719	A4	64	80	0
455	152.291667	154.209635	F5	66	80	0
456	152.313802	153.658854	Bb3	39	80	0
457	152.316406	153.669271	D4	44	80	0
458	152.316406	155.109375	F4	42	80	0
459	153.194010	154.079427	F3	38	80	0
460	153.826823	154.062500	D5	60	80	0
461	154.052083	156.239583	C5	60	80	0
462	154.084635	155.119792	C4	36	80	0
463	154.087240	154.529948	F3	29	80	0
464	154.087240	154.979167	A3	34	80	0
465	154.882812	156.259115	F3	40	80	0
466	155.695312	157.218750	F4	51	80	0
467	155.701823	157.289062	C4	40	80	0
468	155.701823	157.128906	A3	37	80	0
469	156.542969	157.339844	F3	45	80	0
470	157.096354	157.500000	A4	83	80	0
471	157.311198	158.848958	Bb4	76	80	0
472	157.346354	158.449219	F4	51	80	0
473	157.351562	158.299479	F3	41	80	0
474	157.354167	158.339844	D3	42	80	0
475	157.355469	157.938802	Bb3	44	80	0
476	158.092448	159.009115	D4	64	80	0
477	158.095052	158.459635	Bb3	48	80	0
478	158.095052	158.369792	Bb2	44	80	0
479	158.622396	159.125000	G4	76	80	0
480	158.914062	162.128906	F4	73	80	0
481	158.944010	159.539062	C2	43	80	0
482	159.730469	160.529948	A3	66	80	0
483	159.734375	161.239583	C3	51	80	0
484	160.540365	161.899740	C4	72	80	0
485	160.541667	162.128906	A3	62	80	0
486	160.549479	161.899740	F3	56	80	0
487	161.363281	162.799479	C3	56	80	0
488	162.122396	162.649740	A4	79	80	0
489	162.134115	163.079427	E3	50	80	0
490	162.136719	163.079427	G3	53	80	0
491	162.136719	163.250000	C4	56	80	0
492	162.533854	162.949219	G4	85	80	0
493	162.865885	163.244792	F4	81	80	0
494	162.901042	163.628906	C3	46	80	0
495	163.197917	163.408854	G4	96	80	0
496	163.707031	165.319010	G4	71	80	0
497	163.740885	165.339844	C4	44	80	0
498	163.743490	164.908854	E3	43	80	0
499	163.744792	163.750000	E4	47	80	0
500	164.595052	166.269531	C3	39	80	0
501	165.222656	165.542969	G#4	62	80	0
502	165.511719	166.949219	A4	52	80	0
503	165.540365	166.959635	C4	33	80	0
504	165.542969	166.569010	F3	35	80	0
505	166.277344	167.128906	A2	52	80	0
506	167.092448	167.774740	Bb2	60	80	0
507	167.256510	167.351562	C4	62	80	0
508	167.441406	167.518229	D4	82	80	0
509	167.604167	167.675781	E4	80	80	0
510	167.774740	168.658854	G2	68	80	0
511	167.774740	167.871094	F4	80	80	0
512	167.937500	168.005208	G4	85	80	0
513	168.093750	168.157552	A4	88	80	0
514	168.265625	168.639323	Bb4	84	80	0
515	168.658854	171.919271	C5	78	80	0
516	168.662760	169.539062	F2	46	80	0
517	169.471354	170.739583	F3	43	80	0
518	169.824219	170.339844	E4	53	80	0
519	170.279948	174.059896	F4	45	80	0
520	170.281250	171.438802	A3	43	80	0
521	170.282552	171.968750	C4	47	80	0
522	171.122396	172.839844	F3	43	80	0
523	171.700521	172.158854	A4	78	80	0
524	171.941406	173.759115	F5	64	80	0
525	171.964844	173.259115	Bb3	40	80	0
526	171.964844	173.628906	D4	45	80	0
527	172.854167	173.718750	F3	50	80	0
528	173.472656	173.735677	D5	72	80	0
529	173.723958	175.378906	C5	66	80	0
530	173.727865	174.799479	A3	48	80	0
531	173.733073	174.239583	F3	42	80	0
532	173.733073	174.979167	C4	48	80	0
533	174.524740	175.339844	F3	56	80	0
534	174.901042	175.399740	E4	72	80	0
535	175.335938	176.809896	F4	71	80	0
536	175.337240	176.799479	A3	55	80	0
537	175.348958	175.829427	F3	48	80	0
538	175.350260	176.769531	C4	55	80	0
539	176.130208	176.869792	F3	67	80	0
540	176.648438	176.949219	A4	86	80	0
541	176.865885	177.350260	C5	80	80	0
542	176.880208	177.679688	D3	58	80	0
543	176.882812	177.829427	F3	61	80	0
544	176.889323	177.779948	F4	59	80	0
545	177.307292	178.059896	Bb4	91	80	0
546	177.638021	178.218750	Bb2	68	80	0
547	177.643229	178.339844	D4	79	80	0
548	177.984375	178.598958	G4	95	80	0
549	178.493490	180.468750	F4	82	80	0
550	178.496094	179.069010	A3	74	80	0
551	178.503906	181.429688	C3	61	80	0
552	179.273438	180.019531	A3	85	80	0
553	179.274740	180.489583	F3	78	80	0
554	180.028646	181.128906	C4	83	80	0
555	180.028646	180.658854	A3	74	80	0
556	180.816406	181.628906	A3	80	80	0
557	180.816406	181.419271	F3	78	80	0
558	181.673177	183.059896	C4	89	80	0
559	181.678385	182.229167	E3	78	80	0
560	181.678385	183.049479	G3	78	80	0
561	181.684896	182.059896	C3	76	80	0
562	181.690104	183.069010	C2	70	80	0
563	182.598958	183.069010	E3	85	80	0
564	182.601562	183.039062	C3	78	80	0
565	183.699219	184.408854	F3	40	80	0
566	183.713542	184.408854	F2	37	80	0
567	183.727865	184.188802	C3	32	80	0
568	183.727865	184.489583	F1	35	80	0
569	185.230469	185.378906	F2	40	80	0
570	185.298177	185.449219	F1	50	80	0
571	185.385417	185.438802	F2	55	80	0
572	185.388021	185.399740	F3	46	80	0
573	185.455729	185.589844	F1	58	80	0
574	186.653646	186.700521	F2	42	80	0
575	186.731771	186.889323	F1	52	80	0
576	186.817708	186.876302	F2	55	80	0
577	186.894531	186.979167	F1	63	80	0
578	187.652344	188.339844	F4	44	80	0
579	188.514323	190.239583	F4	50	80	0
580	189.897135	190.029948	F2	44	80	0
581	189.985677	190.628906	F1	49	80	0
582	190.087240	190.389323	F2	46	80	0
583	190.192708	192.449219	F#4	74	80	0
584	190.203125	192.500000	A3	52	80	0
585	190.205729	190.479167	C4	46	80	0
586	190.214844	193.429688	Eb4	51	80	0
587	190.492188	193.408854	C4	35	80	0
588	191.437500	191.569010	F2	37	80	0
589	191.533854	191.739583	F1	48	80	0
590	191.641927	192.619792	F2	44	80	0
591	191.744792	193.339844	F1	39	80	0
592	192.457031	192.989583	F#4	72	80	0
593	193.253906	197.500000	F#4	80	80	0
594	194.548177	194.688802	F2	38	80	0
595	194.645833	195.649740	F1	45	80	0
596	194.744792	195.628906	F2	51	80	0
597	194.875000	197.218750	A4	85	80	0
598	194.891927	197.500000	C4	63	80	0
599	194.893229	197.500000	Eb4	66	80	0
600	196.100260	196.250000	F2	44	80	0
601	196.200521	196.289062	F1	40	80	0
602	196.295573	196.399740	F2	45	80	0
603	196.296875	196.389323	F1	42	80	0
604	196.404948	196.500000	F1	42	80	0
605	196.404948	198.709635	F2	42	80	0
606	196.507812	199.079427	F1	35	80	0
607	197.234375	197.989583	A4	83	80	0
608	198.093750	199.399740	A4	92	80	0
609	199.333333	199.489583	F2	57	80	0
610	199.421875	200.750000	F1	55	80	0
611	199.498698	200.539062	F2	60	80	0
612	199.615885	201.468750	C5	86	80	0
613	199.625000	201.218750	F#4	72	80	0
614	199.635417	201.989583	Eb4	77	80	0
615	200.880208	200.945312	F2	47	80	0
616	200.984375	201.158854	F1	51	80	0
617	201.084635	202.429688	F2	60	80	0
618	201.165365	203.459635	F1	52	80	0
619	201.863281	202.299479	C5	92	80	0
620	202.585938	203.979167	C5	93	80	0
621	203.444010	205.158854	Eb5	100	80	0
622	204.044271	204.179688	C4	54	80	0
623	204.048177	204.199219	A3	51	80	0
624	204.173177	204.289062	F3	62	80	0
625	204.247396	204.669271	C4	67	80	0
626	204.285156	204.519531	A3	46	80	0
627	204.352865	205.688802	F3	63	80	0
628	204.845052	205.489583	D5	74	80	0
629	205.058594	205.539062	C5	77	80	0
630	205.259115	205.669271	Bb4	77	80	0
631	205.455729	206.109375	A4	87	80	0
632	205.622396	205.899740	G4	85	80	0
633	205.803385	206.033854	F4	87	80	0
634	205.992188	206.194010	E4	83	80	0
635	206.178385	206.377604	Eb4	91	80	0
636	206.356771	206.523438	D4	88	80	0
637	206.531250	206.759115	C4	78	80	0
638	206.736979	207.053385	Bb3	85	80	0
639	207.022135	207.339844	A3	82	80	0
640	207.277344	207.627604	Eb4	75	80	0
641	207.598958	208.348958	A3	73	80	0
642	208.372396	212.098958	D3	44	80	0
643	208.382812	212.500000	Bb3	47	80	0
644	208.444010	213.019531	Bb2	34	80	0
645	208.446615	212.500000	Bb1	31	80	0
646	210.119792	210.718750	Eb3	48	80	0
647	210.434896	212.279948	F3	47	80	0
648	212.289062	213.218750	F3	49	80	0
649	214.265625	214.809896	D5	56	80	0
650	214.294271	216.658854	F3	42	80	0
651	214.312500	216.529948	D3	32	80	0
652	214.313802	216.619792	Bb2	32	80	0
653	214.798177	214.895833	Eb5	55	80	0
654	214.898438	214.975260	D5	59	80	0
655	215.001302	215.092448	C5	66	80	0
656	215.102865	215.528646	D5	71	80	0
657	215.598958	215.877604	Eb5	73	80	0
658	215.901042	216.489583	F5	65	80	0
659	217.584635	219.679688	Bb3	60	80	0
660	217.604167	219.009115	D3	47	80	0
661	217.608073	219.128906	Bb1	45	80	0
662	217.609375	219.000000	Bb2	46	80	0
663	219.595052	222.500000	A3	58	80	0
664	219.604167	222.500000	Eb3	60	80	0
665	219.608073	222.500000	F2	47	80	0
666	219.610677	219.829427	F3	56	80	0
667	219.613281	222.500000	C3	51	80	0
668	221.113281	221.819010	F3	71	80	0
669	221.394531	222.839844	F#3	66	80	0
670	223.221354	223.649740	F#3	55	80	0
671	225.062500	225.598958	A5	72	80	0
672	225.071615	227.989583	Eb4	53	80	0
673	225.082031	227.489583	C4	44	80	0
674	225.088542	226.899740	F#3	44	80	0
675	225.584635	225.675781	Bb5	68	80	0
676	225.678385	225.744792	A5	72	80	0
677	225.766927	225.910156	G5	77	80	0
678	225.855469	226.489583	A5	79	80	0
679	226.420573	226.908854	Bb5	89	80	0
680	226.782552	227.500000	C6	77	80	0
681	226.786458	228.119792	F3	43	80	0
682	228.457031	230.579427	Eb4	66	80	0
683	228.463542	229.859375	C4	51	80	0
684	228.484375	229.908854	F3	40	80	0
685	228.485677	229.869792	A2	37	80	0
686	230.457031	234.369792	D4	76	80	0
687	230.464844	232.449219	G#3	66	80	0
688	230.464844	234.199219	Bb2	59	80	0
689	230.466146	230.479167	Bb1	56	80	0
690	230.468750	234.188802	F3	64	80	0
691	231.955729	232.459635	Bb3	82	80	0
692	232.274740	234.049479	B3	77	80	0
693	234.063802	234.449219	B3	80	80	0
694	235.807292	236.303385	D5	73	80	0
695	235.813802	237.799479	F4	59	80	0
696	235.822917	237.789062	G#4	61	80	0
697	235.832031	237.459635	B3	59	80	0
698	236.304688	236.407552	Eb5	72	80	0
699	236.394531	236.464844	D5	78	80	0
700	236.472656	236.576823	C5	82	80	0
701	236.562500	237.158854	D5	86	80	0
702	237.028646	237.330729	Eb5	93	80	0
703	237.302083	237.949219	F5	81	80	0
704	237.352865	238.229167	Bb3	63	80	0
705	238.962240	240.128906	F5	89	80	0
706	238.973958	240.029948	G#4	85	80	0
707	238.985677	240.959635	Bb3	68	80	0
708	238.993490	240.259115	D3	53	80	0
709	240.924479	242.908854	F5	69	80	0
710	240.953125	243.098958	G4	54	80	0
711	240.968750	243.369792	Eb3	37	80	0
712	240.971354	241.889323	Bb3	49	80	0
713	241.811198	242.688802	B3	54	80	0
714	242.605469	243.169271	C4	45	80	0
715	242.606771	243.259115	Eb5	56	80	0
716	243.343750	244.149740	D5	78	80	0
717	243.355469	243.979167	Bb4	65	80	0
718	243.361979	244.009115	D4	66	80	0
719	243.373698	243.989583	F3	52	80	0
720	244.101562	244.589844	C5	79	80	0
721	244.104167	244.619792	Bb4	73	80	0
722	244.104167	244.679688	Eb4	76	80	0
723	244.113281	244.589844	G3	60	80	0
724	244.829427	245.639323	E4	86	80	0
725	244.833333	245.199219	Bb4	89	80	0
726	244.833333	245.329427	C5	81	80	0
727	245.294271	246.329427	Bb4	71	80	0
728	245.398438	248.829427	F3	48	80	0
729	245.403646	245.539062	C5	65	80	0
730	245.548177	245.602865	C5	68	80	0
731	245.605469	245.674479	D5	71	80	0
732	245.645833	247.239583	E4	60	80	0
733	245.692708	245.764323	C5	71	80	0
734	245.781250	245.841146	D5	69	80	0
735	245.871094	245.916667	C5	70	80	0
736	245.934896	245.988281	D5	75	80	0
737	246.014323	246.072917	C5	72	80	0
738	246.091146	246.209635	D5	70	80	0
739	246.162760	246.239583	C5	71	80	0
740	246.261719	246.333333	B4	75	80	0
741	246.361979	246.454427	C5	66	80	0
742	246.470052	246.996094	D5	63	80	0
743	247.001302	247.289062	C5	66	80	0
744	247.574219	249.009115	C5	48	80	0
745	247.575521	251.119792	A4	43	80	0
746	247.593750	248.628906	F4	36	80	0
747	249.544271	249.869792	F3	54	80	0
748	249.811198	250.093750	G3	51	80	0
749	250.000000	250.188802	F3	61	80	0
750	250.195312	250.412760	E3	67	80	0
751	250.376302	250.548177	F3	73	80	0
752	250.553385	250.769531	G3	67	80	0
753	250.553385	250.889323	Eb3	60	80	0
754	250.742188	251.059896	A3	72	80	0
755	250.744792	251.179688	C3	67	80	0
756	251.166667	254.199219	Bb3	81	80	0
757	251.175781	252.438802	D3	66	80	0
758	251.178385	251.919271	F3	64	80	0
759	251.180990	253.079427	Bb2	63	80	0
760	251.184896	252.259115	Bb1	58	80	0
761	252.752604	253.139323	Eb3	74	80	0
762	252.753906	253.079427	C3	62	80	0
763	253.003906	254.339844	F3	79	80	0
764	253.011719	254.319010	D3	64	80	0
765	253.256510	253.453125	Bb5	75	80	0
766	253.442708	253.699219	D6	81	80	0
767	253.604167	253.798177	Bb5	80	80	0
768	253.795573	253.986979	F5	64	80	0
769	253.970052	254.157552	Bb5	79	80	0
770	254.144531	254.334635	D5	72	80	0
771	254.322917	254.481771	F5	79	80	0
772	254.483073	254.769531	Bb4	75	80	0
773	254.510417	255.679688	F3	60	80	0
774	254.514323	255.938802	D3	57	80	0
775	254.665365	254.908854	D5	69	80	0
776	254.843750	255.013021	F4	65	80	0
777	255.010417	255.438802	Bb4	75	80	0
778	255.173177	255.343750	D4	63	80	0
779	255.363281	255.688802	F4	58	80	0
780	255.523438	255.779948	Bb3	63	80	0
781	255.712240	255.949219	D4	51	80	0
782	255.893229	256.339844	D5	74	80	0
783	255.904948	256.239583	F3	48	80	0
784	256.078125	256.449219	Bb3	57	80	0
785	256.243490	256.609375	D3	51	80	0
786	256.324219	256.451823	Eb5	74	80	0
787	256.419271	256.679688	F3	60	80	0
788	256.423177	256.493490	D5	71	80	0
789	256.507812	256.605469	C5	83	80	0
790	256.575521	256.949219	Bb2	63	80	0
791	256.582031	257.100260	D5	91	80	0
792	256.756510	257.089844	D3	52	80	0
793	256.924479	257.359375	F2	65	80	0
794	257.065104	257.335938	Eb5	96	80	0
795	257.097656	257.286458	Bb2	70	80	0
796	257.276042	257.449219	D2	55	80	0
797	257.302083	258.019531	F5	87	80	0
798	257.492188	257.938802	Bb1	61	80	0
799	257.652344	257.848958	D2	54	80	0
800	257.817708	257.998698	F2	59	80	0
801	257.993490	258.359375	Bb2	68	80	0
802	258.162760	258.459635	D2	58	80	0
803	258.342448	258.908854	F2	69	80	0
804	258.514323	258.839844	Bb2	74	80	0
805	258.654948	259.169271	D3	69	80	0
806	258.743490	260.419271	Bb3	98	80	0
807	258.933594	259.279948	Bb2	59	80	0
808	259.089844	259.236979	F2	55	80	0
809	259.252604	259.579427	D2	56	80	0
810	259.445312	260.069010	Bb2	70	80	0
811	259.639323	259.869792	F2	70	80	0
812	259.832031	260.059896	D2	61	80	0
813	260.001302	260.359375	Bb1	74	80	0
814	260.394531	263.949219	A3	80	80	0
815	260.401042	260.919271	F2	68	80	0
816	260.402344	262.039062	Eb3	82	80	0
817	260.406250	262.500000	C3	78	80	0
818	261.846354	262.218750	F3	80	80	0
819	261.854167	262.169271	D3	73	80	0
820	262.117188	263.539062	F#3	85	80	0
821	262.125000	263.519531	Eb3	76	80	0
822	262.343750	262.649740	C6	71	80	0
823	262.526042	262.938802	Eb6	88	80	0
824	262.699219	262.959635	C6	84	80	0
825	262.876302	263.109375	A5	82	80	0
826	263.062500	263.419271	C6	55	80	0
827	263.227865	263.419271	F#5	71	80	0
828	263.404948	263.968750	A5	76	80	0
829	263.583333	263.869792	Eb5	69	80	0
830	263.604167	265.299479	Eb3	67	80	0
831	263.608073	265.859375	F#3	67	80	0
832	263.751302	264.468750	F#5	68	80	0
833	263.928385	264.106771	C5	60	80	0
834	264.092448	264.669271	Eb5	86	80	0
835	264.252604	264.416667	A4	71	80	0
836	264.421875	264.729167	C5	72	80	0
837	264.589844	264.747396	F#4	70	80	0
838	264.743490	264.938802	A4	73	80	0
839	264.928385	265.408854	C6	82	80	0
840	264.934896	265.218750	Eb4	63	80	0
841	265.111979	265.339844	F#4	67	80	0
842	265.277344	265.628906	C4	62	80	0
843	265.389323	265.484375	D6	74	80	0
844	265.450521	265.459635	Eb4	52	80	0
845	265.451823	265.598958	C6	80	80	0
846	265.536458	265.709635	B5	89	80	0
847	265.596354	265.959635	A3	67	80	0
848	265.611979	266.250000	C6	89	80	0
849	265.757812	265.968750	C4	62	80	0
850	265.930990	266.259115	F#3	75	80	0
851	266.083333	266.364583	D6	100	80	0
852	266.084635	266.619792	A3	85	80	0
853	266.286458	267.718750	C3	77	80	0
854	266.324219	267.319010	Eb6	100	80	0
855	266.485677	266.688802	F#3	75	80	0
856	266.643229	267.459635	Eb3	76	80	0
857	266.704427	266.878906	F#3	58	80	0
858	266.824219	267.089844	A3	79	80	0
859	267.000000	267.348958	F#3	89	80	0
860	267.167969	267.352865	C4	75	80	0
861	267.341146	267.899740	A3	86	80	0
862	267.502604	268.039062	F#3	87	80	0
863	267.703125	270.059896	F#4	96	80	0
864	267.705729	269.938802	Eb4	93	80	0
865	267.708333	269.199219	C4	75	80	0
866	267.884115	268.119792	Eb3	68	80	0
867	268.075521	269.079427	Bb2	78	80	0
868	268.253906	268.609375	F#3	78	80	0
869	268.432292	268.848958	Eb3	79	80	0
870	268.618490	269.029948	Bb3	80	80	0
871	268.804688	269.408854	F#3	63	80	0
872	269.003906	269.339844	Eb3	85	80	0
873	269.335938	272.369792	F4	86	80	0
874	269.345052	269.938802	Eb3	62	80	0
875	269.359375	269.949219	C4	67	80	0
876	269.365885	269.829427	A2	54	80	0
877	270.127604	270.799479	C4	85	80	0
878	270.141927	270.789062	A3	74	80	0
879	270.743490	271.039062	D4	89	80	0
880	270.746094	271.029948	B3	76	80	0
881	270.962240	272.378906	C4	74	80	0
882	270.963542	272.289062	Eb4	82	80	0
883	271.183594	271.388021	C6	65	80	0
884	271.369792	271.649740	Eb6	79	80	0
885	271.523438	271.729167	C6	68	80	0
886	271.695312	271.919271	A5	82	80	0
887	271.859375	272.079427	C6	78	80	0
888	272.024740	272.208333	Eb5	82	80	0
889	272.195312	272.639323	A5	81	80	0
890	272.373698	272.578125	C5	73	80	0
891	272.382812	272.899740	Eb4	72	80	0
892	272.393229	273.128906	C4	66	80	0
893	272.559896	272.938802	Eb5	79	80	0
894	272.722656	272.959635	A4	78	80	0
895	272.880208	273.279948	C5	80	80	0
896	273.057292	273.408854	Eb4	67	80	0
897	273.203125	273.393229	A4	77	80	0
898	273.375000	273.729167	C6	95	80	0
899	273.382812	273.718750	C4	64	80	0
900	273.562500	273.713542	Eb4	81	80	0
901	273.734375	274.009115	A3	68	80	0
902	273.743490	274.218750	C6	92	80	0
903	273.904948	274.071615	C4	70	80	0
904	274.074219	274.212240	F3	73	80	0
905	274.194010	274.378906	D6	87	80	0
906	274.225260	274.449219	A3	56	80	0
907	274.273438	274.429688	C6	90	80	0
908	274.361979	274.489583	B5	94	80	0
909	274.419271	274.598958	C3	65	80	0
910	274.436198	275.029948	C6	96	80	0
911	274.601562	274.759115	F3	78	80	0
912	274.750000	275.119792	A2	77	80	0
913	274.914062	275.179688	C3	68	80	0
914	274.915365	275.131510	D6	102	80	0
915	275.076823	275.419271	F2	76	80	0
916	275.087240	276.128906	Eb6	102	80	0
917	275.278646	275.489583	A2	64	80	0
918	275.433594	275.889323	C2	65	80	0
919	275.605469	275.908854	F2	68	80	0
920	275.764323	276.139323	A1	71	80	0
921	275.933594	276.489583	C2	80	80	0
922	276.102865	276.709635	F1	76	80	0
923	276.264323	276.589844	A1	83	80	0
924	276.488281	278.109375	Eb5	99	80	0
925	276.488281	277.889323	A4	95	80	0
926	276.494792	277.989583	C5	81	80	0
927	276.704427	277.109375	F#1	58	80	0
928	276.876302	277.089844	A1	66	80	0
929	277.003906	277.158854	F1	57	80	0
930	277.075521	277.500000	C2	67	80	0
931	277.261719	277.569010	F#2	84	80	0
932	277.449219	277.878906	A2	82	80	0
933	277.611979	277.839844	C3	78	80	0
934	277.783854	278.029948	F#3	81	80	0
935	278.058594	279.519531	D5	82	80	0
936	278.063802	279.468750	Bb4	73	80	0
937	278.192708	278.529948	G1	68	80	0
938	278.194010	278.378906	G2	65	80	0
939	278.364583	278.549479	Bb1	66	80	0
940	278.544271	278.755208	D2	67	80	0
941	278.735677	279.229167	G2	77	80	0
942	278.885417	279.429688	Bb2	83	80	0
943	279.053385	279.369792	D3	83	80	0
944	279.222656	279.639323	G3	87	80	0
945	279.425781	280.519531	G5	97	80	0
946	279.605469	279.938802	E2	77	80	0
947	279.796875	280.069010	G2	75	80	0
948	279.960938	280.279948	Bb2	81	80	0
949	280.141927	280.529948	E3	77	80	0
950	280.302083	280.486979	G3	90	80	0
951	280.486979	280.839844	Bb3	89	80	0
952	280.643229	280.829427	G3	75	80	0
953	280.835938	281.119792	C#4	92	80	0
954	280.845052	281.639323	G4	91	80	0
955	280.845052	282.500000	C#5	88	80	0
956	280.845052	282.500000	Bb4	85	80	0
957	281.053385	281.239583	Bb3	74	80	0
958	281.223958	281.389323	G3	66	80	0
959	281.376302	281.639323	E3	76	80	0
960	281.584635	281.766927	C#3	69	80	0
961	281.786458	282.729167	Bb2	66	80	0
962	282.005208	282.779948	G2	65	80	0
963	282.238281	282.539062	E2	64	80	0
964	282.535156	284.289062	F5	92	80	0
965	282.744792	283.179688	F2	62	80	0
966	282.944010	283.378906	Bb2	70	80	0
967	283.106771	283.305990	D3	74	80	0
968	283.295573	283.436198	F3	77	80	0
969	283.449219	283.809896	D3	61	80	0
970	283.662760	283.949219	Bb2	63	80	0
971	283.867188	284.128906	F2	54	80	0
972	284.083333	285.188802	D5	79	80	0
973	284.088542	285.209635	Bb4	66	80	0
974	284.088542	285.218750	F4	69	80	0
975	284.265625	284.679688	F2	52	80	0
976	284.407552	284.809896	Bb2	69	80	0
977	284.597656	284.785156	D3	67	80	0
978	284.772135	285.039062	F3	79	80	0
979	284.932292	285.111979	D3	76	80	0
980	285.117188	285.389323	Bb2	75	80	0
981	285.289062	285.739583	F2	81	80	0
982	285.497396	287.079427	A4	76	80	0
983	285.498698	287.019531	C4	71	80	0
984	285.502604	285.739583	Eb3	75	80	0
985	285.502604	286.848958	F4	74	80	0
986	285.673177	285.989583	C3	74	80	0
987	285.863281	286.011719	A2	78	80	0
988	286.033854	286.204427	F2	70	80	0
989	286.214844	286.359375	Eb2	69	80	0
990	286.391927	286.542969	C2	67	80	0
991	286.567708	286.769531	A1	58	80	0
992	286.761719	287.029948	F1	52	80	0
993	287.036458	287.408854	Bb3	51	80	0
994	287.037760	287.889323	Bb4	53	80	0
995	287.049479	287.429688	F4	48	80	0
996	287.053385	287.341146	D4	49	80	0
997	287.055990	287.438802	Bb2	49	80	0
998	287.063802	288.039062	Bb1	50	80	0
999	288.444010	288.505208	Bb2	45	80	0
1000	288.531250	288.649740	Bb1	53	80	0
1001	288.611979	288.665365	Bb2	57	80	0
1002	288.661458	288.692708	Bb1	60	80	0
1003	289.916667	290.019531	Bb2	37	80	0
1004	289.986979	290.045573	Bb1	58	80	0
1005	290.072917	290.154948	Bb2	55	80	0
1006	290.165365	290.208333	Bb1	51	80	0
1007	291.393229	291.442708	Bb2	48	80	0
1008	291.471354	291.531250	Bb1	52	80	0
1009	291.552083	291.649740	Bb2	58	80	0
1010	291.651042	293.639323	F4	50	80	0
1011	291.658854	292.128906	Bb2	51	80	0
1012	291.660156	293.459635	G#3	47	80	0
1013	291.664062	291.709635	Bb1	51	80	0
1014	291.664062	291.789062	D4	40	80	0
1015	291.667969	293.348958	Bb3	47	80	0
1016	293.345052	295.139323	Eb4	55	80	0
1017	293.363281	294.688802	Bb3	43	80	0
1018	293.365885	294.579427	G3	40	80	0
1019	294.928385	296.529948	D4	57	80	0
1020	294.934896	296.259115	F#3	54	80	0
1021	294.936198	296.239583	Bb3	55	80	0
1022	296.680990	298.569010	D4	59	80	0
1023	296.687500	301.188802	Bb3	56	80	0
1024	296.690104	298.188802	F#3	49	80	0
1025	298.122396	298.183594	Bb2	56	80	0
1026	298.208333	298.378906	Bb1	56	80	0
1027	298.292969	298.364583	Bb2	55	80	0
1028	298.384115	298.468750	Bb1	57	80	0
1029	298.384115	300.389323	Eb4	56	80	0
1030	298.390625	298.842448	G3	48	80	0
1031	299.639323	299.704427	Bb2	51	80	0
1032	299.733073	299.785156	Bb1	52	80	0
1033	299.816406	299.885417	Bb2	55	80	0
1034	299.893229	299.959635	Bb1	57	80	0
1035	301.171875	301.222656	Bb2	54	80	0
1036	301.263021	301.359375	Bb1	58	80	0
1037	301.332031	301.402344	Bb2	69	80	0
1038	301.440104	301.509115	Bb1	61	80	0
1039	301.441406	303.259115	G#4	75	80	0
1040	301.444010	301.479167	Bb2	60	80	0
1041	301.446615	301.459635	D4	51	80	0
1042	301.450521	303.019531	Bb3	60	80	0
1043	303.014323	304.759115	G4	66	80	0
1044	303.027344	304.519531	Bb3	58	80	0
1045	303.027344	304.769531	Eb4	57	80	0
1046	304.506510	305.899740	F#4	74	80	0
1047	304.524740	305.709635	D4	61	80	0
1048	304.526042	305.639323	Bb3	61	80	0
1049	306.251302	307.929688	F#4	63	80	0
1050	306.259115	307.779948	D4	51	80	0
1051	306.263021	307.799479	Bb3	46	80	0
1052	307.596354	307.729167	Eb3	46	80	0
1053	307.694010	307.799479	Eb2	50	80	0
1054	307.773438	307.979167	Eb3	56	80	0
1055	307.881510	308.519531	Eb2	55	80	0
1056	307.884115	309.989583	G4	58	80	0
1057	307.886719	310.509115	Eb4	51	80	0
1058	309.127604	309.183594	Eb3	50	80	0
1059	309.221354	309.266927	Eb2	47	80	0
1060	309.316406	309.878906	Eb3	56	80	0
1061	309.402344	309.569010	Eb2	46	80	0
1062	310.062500	310.688802	G4	77	80	0
1063	310.398438	310.457031	Eb3	44	80	0
1064	310.485677	310.619792	Eb2	51	80	0
1065	310.591146	310.688802	Eb3	69	80	0
1066	310.863281	311.039062	Eb2	44	80	0
1067	310.993490	312.908854	Eb5	89	80	0
1068	311.019531	312.049479	G4	67	80	0
1069	312.502604	313.598958	C5	83	80	0
1070	312.506510	313.348958	G4	71	80	0
1071	312.507812	313.429688	Eb4	74	80	0
1072	314.015625	316.149740	Bb4	90	80	0
1073	314.023438	316.059896	G4	76	80	0
1074	314.023438	316.199219	D4	74	80	0
1075	315.962240	318.059896	A4	49	80	0
1076	315.963542	318.000000	C4	41	80	0
1077	315.964844	318.169271	F4	42	80	0
1078	317.225260	317.359375	F3	41	80	0
1079	317.313802	317.579427	F2	38	80	0
1080	317.430990	317.799479	F3	37	80	0
1081	317.587240	317.759115	F2	22	80	0
1082	318.324219	318.759115	A4	55	80	0
1083	318.339844	318.729167	F4	36	80	0
1084	318.342448	318.639323	F3	30	80	0
1085	318.343750	318.679688	C4	38	80	0
1086	318.695312	318.848958	F6	50	80	0
1087	318.816406	318.919271	F5	50	80	0
1088	318.886719	319.408854	F6	48	80	0
1089	318.994792	321.049479	Bb4	61	80	0
1090	319.002604	319.188802	F5	52	80	0
1091	319.003906	319.579427	D4	45	80	0
1092	319.005208	319.539062	F4	44	80	0
1093	319.009115	319.019531	Bb3	36	80	0
1094	319.740885	320.339844	C5	61	80	0
1095	319.753906	320.348958	F4	49	80	0
1096	319.755208	320.339844	Eb4	50	80	0
1097	320.625000	322.158854	C5	60	80	0
1098	320.638021	320.649740	F3	38	80	0
1099	320.647135	322.669271	F4	49	80	0
1100	320.647135	321.539062	Eb4	51	80	0
1101	321.832031	322.250000	A4	63	80	0
1102	321.837240	321.911458	F3	43	80	0
1103	321.838542	322.059896	C#4	49	80	0
1104	322.046875	322.598958	F3	37	80	0
1105	322.212240	322.750000	Bb4	59	80	0
1106	322.217448	322.729167	D4	48	80	0
1107	322.941406	323.468750	Bb4	71	80	0
1108	322.953125	325.098958	D4	49	80	0
1109	322.955729	323.549479	F4	46	80	0
1110	323.343750	323.500000	F6	60	80	0
1111	323.463542	323.609375	F5	61	80	0
1112	323.542969	323.699219	F6	67	80	0
1113	323.606771	323.919271	C5	77	80	0
1114	323.613281	324.039062	A4	76	80	0
1115	323.617188	323.750000	F5	67	80	0
1116	323.618490	324.169271	F4	65	80	0
1117	324.315104	325.029948	D5	83	80	0
1118	324.330729	324.979167	Bb4	70	80	0
1119	324.332031	325.000000	F4	66	80	0
1120	325.091146	326.199219	D5	86	80	0
1121	325.105469	325.938802	F4	71	80	0
1122	325.105469	325.949219	Bb4	71	80	0
1123	326.226562	326.609375	B4	84	80	0
1124	326.234375	326.579427	G#4	81	80	0
1125	326.234375	326.315104	F3	63	80	0
1126	326.333333	326.529948	F2	64	80	0
1127	326.433594	326.809896	F3	73	80	0
1128	326.535156	326.848958	F2	64	80	0
1129	326.537760	326.569010	A4	71	80	0
1130	326.575521	327.089844	A4	71	80	0
1131	326.576823	327.059896	C5	71	80	0
1132	327.282552	327.759115	C5	82	80	0
1133	327.283854	327.718750	A4	85	80	0
1134	327.286458	327.829427	F4	80	80	0
1135	327.671875	327.848958	F6	82	80	0
1136	327.785156	327.852865	F5	81	80	0
1137	327.858073	327.968750	F6	82	80	0
1138	327.927083	328.449219	D5	88	80	0
1139	327.934896	328.489583	F4	79	80	0
1140	327.936198	328.339844	F5	81	80	0
1141	327.936198	328.579427	Bb4	83	80	0
1142	328.638021	329.109375	Eb5	97	80	0
1143	328.641927	329.089844	F4	90	80	0
1144	328.643229	329.039062	C5	84	80	0
1145	329.473958	329.929688	Eb5	95	80	0
1146	329.475260	329.919271	C5	86	80	0
1147	329.475260	329.979167	F4	86	80	0
1148	330.583333	330.783854	C#5	85	80	0
1149	330.592448	330.878906	A4	90	80	0
1150	330.608073	330.694010	F3	74	80	0
1151	330.709635	331.039062	F2	62	80	0
1152	330.804688	331.009115	F3	69	80	0
1153	330.923177	331.509115	D5	84	80	0
1154	330.924479	331.509115	Bb4	80	80	0
1155	331.639323	332.299479	D5	92	80	0
1156	331.644531	332.269531	Bb4	90	80	0
1157	331.644531	332.399740	F4	87	80	0
1158	332.057292	332.136719	F6	78	80	0
1159	332.164062	332.389323	F5	77	80	0
1160	332.246094	332.389323	F6	82	80	0
1161	332.350260	332.878906	E5	90	80	0
1162	332.351562	332.739583	Bb4	87	80	0
1163	332.351562	332.889323	G4	90	80	0
1164	332.352865	332.750000	C#5	85	80	0
1165	333.213542	333.718750	E5	90	80	0
1166	333.213542	334.049479	Bb4	92	80	0
1167	333.214844	334.179688	G4	92	80	0
1168	333.216146	334.029948	C#5	88	80	0
1169	333.555990	333.729167	F6	77	80	0
1170	333.654948	333.751302	F5	83	80	0
1171	333.738281	334.019531	F6	80	80	0
1172	334.046875	334.609375	F5	69	80	0
1173	334.054688	334.679688	A4	62	80	0
1174	334.070312	334.658854	C5	61	80	0
1175	335.000000	335.949219	C5	51	80	0
1176	335.005208	335.968750	A4	54	80	0
1177	335.010417	335.019531	F3	46	80	0
1178	335.011719	336.218750	F4	48	80	0
1179	335.404948	335.598958	F3	54	80	0
1180	335.574219	335.859375	F2	54	80	0
1181	335.782552	336.029948	F3	73	80	0
1182	336.415365	337.029948	C5	78	80	0
1183	336.416667	336.979167	A4	80	80	0
1184	336.419271	337.109375	F4	69	80	0
1185	336.755208	337.199219	F6	74	80	0
1186	336.881510	337.069010	F5	75	80	0
1187	337.098958	337.688802	E5	78	80	0
1188	337.104167	337.359375	E6	70	80	0
1189	337.106771	337.539062	Bb4	67	80	0
1190	337.111979	337.589844	G4	68	80	0
1191	337.944010	338.658854	C5	78	80	0
1192	337.944010	338.449219	Bb4	78	80	0
1193	337.946615	338.459635	G4	66	80	0
1194	338.703125	339.899740	F5	76	80	0
1195	338.709635	339.408854	A4	67	80	0
1196	338.714844	339.363281	F4	59	80	0
1197	339.625000	340.718750	A4	65	80	0
1198	339.625000	340.679688	C5	56	80	0
1199	339.628906	340.878906	F4	49	80	0
1200	340.022135	340.188802	F3	63	80	0
1201	340.180990	340.468750	F2	54	80	0
1202	340.382812	340.658854	F3	66	80	0
1203	341.087240	341.679688	C5	82	80	0
1204	341.091146	341.619792	A4	79	80	0
1205	341.093750	341.718750	F4	69	80	0
1206	341.430990	341.649740	F6	70	80	0
1207	341.565104	341.709635	F5	67	80	0
1208	341.774740	341.869792	F6	75	80	0
1209	341.783854	341.938802	E6	74	80	0
1210	341.786458	342.169271	E5	76	80	0
1211	341.804688	342.139323	Bb4	67	80	0
1212	341.804688	342.139323	G4	63	80	0
1213	342.643229	343.348958	C5	73	80	0
1214	342.643229	343.149740	Bb4	74	80	0
1215	342.644531	343.128906	G4	58	80	0
1216	343.429688	344.049479	F5	72	80	0
1217	343.450521	344.019531	A4	64	80	0
1218	343.451823	344.039062	F4	58	80	0
1219	344.216146	345.679688	C5	71	80	0
1220	344.231771	345.188802	A4	65	80	0
1221	344.231771	345.459635	F4	56	80	0
1222	344.605469	344.759115	F3	47	80	0
1223	344.750000	345.169271	F2	46	80	0
1224	344.928385	345.759115	F3	50	80	0
1225	345.720052	347.908854	A4	67	80	0
1226	345.735677	346.729167	C4	45	80	0
1227	345.742188	347.000000	F4	48	80	0
1228	346.102865	346.250000	F3	38	80	0
1229	346.244792	346.589844	F2	39	80	0
1230	346.433594	347.389323	F3	43	80	0
1231	347.264323	348.479167	F4	40	80	0
1232	347.283854	348.679688	C4	36	80	0
1233	347.285156	348.169271	A3	33	80	0
1234	347.690104	347.839844	F3	38	80	0
1235	347.834635	348.188802	F2	35	80	0
1236	348.028646	348.500000	F3	37	80	0
1237	348.808594	350.119792	F4	55	80	0
1238	349.572917	350.559896	E4	76	80	0
1239	350.367188	351.938802	F4	76	80	0
1240	350.373698	351.628906	Eb4	77	80	0
1241	351.134115	351.919271	D4	75	80	0
1242	351.527344	351.716146	G4	75	80	0
1243	351.703125	351.927083	A4	76	80	0
1244	351.893229	351.992188	Bb4	85	80	0
1245	351.901042	352.244792	C4	73	80	0
1246	351.902344	352.244792	Eb4	75	80	0
1247	352.054688	352.143229	C5	86	80	0
1248	352.214844	352.425781	D5	85	80	0
1249	352.385417	352.519531	Eb5	94	80	0
1250	352.665365	353.089844	Bb2	43	80	0
1251	352.792969	355.229167	F5	73	80	0
1252	353.669271	355.408854	Bb3	36	80	0
1253	354.514323	356.069010	Bb4	47	80	0
1254	354.523438	356.069010	D4	32	80	0
1255	354.529948	356.059896	F4	29	80	0
1256	355.416667	356.348958	Bb3	38	80	0
1257	356.035156	356.329427	D5	65	80	0
1258	356.255208	358.059896	Bb5	68	80	0
1259	356.287760	357.378906	G4	49	80	0
1260	356.287760	357.989583	Eb4	47	80	0
1261	356.290365	359.259115	Bb4	52	80	0
1262	357.199219	358.449219	Bb3	41	80	0
1263	357.776042	358.139323	G5	77	80	0
1264	358.022135	360.468750	F5	68	80	0
1265	358.054688	359.029948	D4	38	80	0
1266	358.057292	359.069010	F4	33	80	0
1267	358.842448	360.139323	Bb3	49	80	0
1268	359.618490	361.158854	Bb4	62	80	0
1269	359.625000	360.750000	D4	39	80	0
1270	359.627604	360.859375	F4	39	80	0
1271	360.486979	361.049479	Bb3	53	80	0
1272	361.053385	361.399740	D5	77	80	0
1273	361.295573	363.009115	Eb5	73	80	0
1274	361.320312	362.209635	Bb4	55	80	0
1275	361.324219	362.539062	G3	47	80	0
1276	361.326823	361.569010	Bb3	50	80	0
1277	362.066406	362.989583	G4	75	80	0
1278	362.084635	362.989583	Eb3	44	80	0
1279	362.625000	362.992188	C5	80	80	0
1280	362.932292	366.250000	Bb4	74	80	0
1281	362.934896	363.688802	F2	44	80	0
1282	363.714844	364.489583	D4	79	80	0
1283	363.720052	365.359375	F3	58	80	0
1284	364.532552	366.089844	F4	77	80	0
1285	364.544271	365.759115	Bb3	60	80	0
1286	364.544271	366.019531	D4	58	80	0
1287	365.373698	366.188802	F3	63	80	0
1288	366.186198	366.667969	D5	73	80	0
1289	366.192708	369.589844	F4	66	80	0
1290	366.194010	366.979167	A3	55	80	0
1291	366.194010	367.319010	C4	60	80	0
1292	366.203125	366.878906	F3	49	80	0
1293	366.628906	367.119792	C5	80	80	0
1294	366.949219	367.500000	Bb4	78	80	0
1295	366.986979	367.468750	F3	52	80	0
1296	367.372396	367.669271	C5	85	80	0
1297	367.602865	371.299479	Bb2	36	80	0
1298	367.832031	369.529948	C5	71	80	0
1299	367.834635	368.968750	A3	51	80	0
1300	367.835938	368.259115	F3	41	80	0
1301	368.774740	370.479167	F3	47	80	0
1302	369.380208	369.729167	C#5	59	80	0
1303	369.684896	370.549479	D5	53	80	0
1304	369.722656	370.539062	F4	29	80	0
1305	369.722656	370.899740	Bb3	34	80	0
1306	370.475260	371.329427	D3	55	80	0
1307	371.259115	371.984375	Eb3	63	80	0
1308	371.446615	371.718750	F4	76	80	0
1309	371.644531	371.718750	G4	74	80	0
1310	371.812500	371.886719	A4	82	80	0
1311	371.985677	372.050781	Bb4	78	80	0
1312	371.986979	372.571615	C3	60	80	0
1313	372.149740	372.218750	C5	80	80	0
1314	372.307292	372.372396	D5	77	80	0
1315	372.473958	372.570312	Eb5	90	80	0
1316	372.615885	374.039062	Bb2	45	80	0
1317	372.778646	374.029948	F5	64	80	0
1318	373.602865	375.279948	Bb3	49	80	0
1319	373.964844	374.628906	A4	62	80	0
1320	374.471354	376.000000	Bb4	55	80	0
1321	374.475260	375.569010	D4	39	80	0
1322	374.477865	375.539062	F4	40	80	0
1323	375.285156	376.628906	Bb3	48	80	0
1324	375.867188	376.179688	D5	69	80	0
1325	376.089844	377.899740	Bb5	70	80	0
1326	376.115885	377.079427	G4	46	80	0
1327	376.123698	377.459635	Eb4	44	80	0
1328	376.996094	378.239583	Bb3	53	80	0
1329	377.565104	377.842448	G5	72	80	0
1330	377.813802	380.348958	F5	65	80	0
1331	377.838542	379.179688	F4	39	80	0
1332	377.843750	379.169271	D4	42	80	0
1333	378.645833	379.500000	Bb3	51	80	0
1334	379.015625	379.549479	A4	65	80	0
1335	379.484375	380.739583	Bb4	59	80	0
1336	379.503906	380.459635	D4	45	80	0
1337	379.503906	380.188802	Bb3	42	80	0
1338	379.507812	380.598958	F4	44	80	0
1339	380.302083	380.789062	Bb3	61	80	0
1340	380.854167	381.122396	D5	78	80	0
1341	381.059896	381.688802	F5	73	80	0
1342	381.070312	381.889323	Bb4	68	80	0
1343	381.075521	381.128906	Bb3	63	80	0
1344	381.075521	381.959635	G3	60	80	0
1345	381.473958	382.309896	Eb5	91	80	0
1346	381.805990	382.658854	Eb3	62	80	0
1347	381.805990	382.348958	G4	79	80	0
1348	382.138021	382.688802	C5	90	80	0
1349	382.666667	384.489583	Bb4	82	80	0
1350	382.682292	383.299479	D4	69	80	0
1351	382.686198	385.209635	F3	62	80	0
1352	383.463542	384.059896	D4	83	80	0
1353	383.464844	384.628906	Bb3	77	80	0
1354	384.253906	385.179688	F4	91	80	0
1355	384.256510	384.739583	D4	84	80	0
1356	385.014323	386.029948	D4	84	80	0
1357	385.015625	385.468750	Bb3	83	80	0
1358	385.842448	388.639323	F4	86	80	0
1359	385.851562	387.289062	C4	81	80	0
1360	385.852865	386.589844	A3	84	80	0
1361	385.872396	387.479167	F2	62	80	0
1362	385.876302	387.369792	F1	64	80	0
1363	386.765625	387.489583	A3	80	80	0
1364	386.766927	387.399740	F3	71	80	0
1365	387.824219	388.539062	D4	50	80	0
1366	387.825521	388.619792	Bb3	46	80	0
1367	387.830729	388.549479	F3	45	80	0
1368	387.834635	388.205729	Bb2	45	80	0
1369	387.835938	388.250000	Bb1	45	80	0
1370	389.158854	389.223958	Bb2	53	80	0
1371	389.252604	389.378906	Bb1	54	80	0
1372	389.342448	389.386719	Bb2	55	80	0
1373	389.385417	389.429688	Bb1	52	80	0
1374	390.578125	390.623698	Bb2	42	80	0
1375	390.660156	390.712240	Bb1	52	80	0
1376	390.744792	390.807292	Bb2	54	80	0
1377	390.842448	390.903646	Bb1	55	80	0
1378	391.601562	392.128906	Bb3	52	80	0
1379	392.419271	394.149740	Bb3	57	80	0
1380	393.816406	393.968750	Bb2	40	80	0
1381	393.904948	394.679688	Bb1	44	80	0
1382	393.977865	394.139323	Bb2	63	80	0
1383	394.078125	396.459635	B3	56	80	0
1384	394.104167	397.500000	G#3	44	80	0
1385	394.105469	397.059896	F3	49	80	0
1386	394.105469	396.639323	D3	46	80	0
1387	395.453125	395.507812	Bb2	43	80	0
1388	395.552083	395.750000	Bb1	39	80	0
1389	395.661458	397.259115	Bb2	53	80	0
1390	395.756510	397.669271	Bb1	45	80	0
1391	396.466146	397.279948	B3	65	80	0
1392	397.294271	398.889323	B3	68	80	0
1393	398.636719	398.769531	Bb2	46	80	0
1394	398.723958	399.589844	Bb1	49	80	0
1395	398.838542	398.919271	Bb2	44	80	0
1396	398.916667	401.059896	D4	72	80	0
1397	398.930990	399.319010	Bb2	54	80	0
1398	398.932292	401.188802	G#3	53	80	0
1399	398.933594	400.739583	F3	55	80	0
1400	400.205729	400.289062	Bb2	48	80	0
1401	400.298177	400.449219	Bb1	49	80	0
1402	400.401042	401.369792	Bb2	58	80	0
1403	400.507812	401.688802	Bb1	50	80	0
1404	401.214844	401.809896	D4	77	80	0
1405	401.981771	403.339844	D4	83	80	0
1406	403.141927	403.319010	Bb2	46	80	0
1407	403.233073	404.438802	Bb1	56	80	0
1408	403.328125	404.209635	Bb2	61	80	0
1409	403.433594	404.709635	F4	81	80	0
1410	403.438802	404.519531	D4	54	80	0
1411	403.444010	404.229167	B3	61	80	0
1412	403.447917	404.539062	G#3	64	80	0
1413	404.605469	404.729167	Bb2	56	80	0
1414	404.701823	405.769531	Bb1	49	80	0
1415	404.807292	405.679688	Bb2	66	80	0
1416	404.882812	406.609375	G#4	95	80	0
1417	404.903646	406.949219	F4	73	80	0
1418	404.904948	406.889323	B3	73	80	0
1419	404.908854	407.500000	D4	60	80	0
1420	405.990885	406.061198	Bb2	67	80	0
1421	406.092448	406.289062	Bb1	66	80	0
1422	406.212240	407.348958	Bb2	65	80	0
1423	406.299479	407.468750	Bb1	75	80	0
1424	406.513021	408.329427	B4	92	80	0
1425	407.753906	407.825521	G#3	54	80	0
1426	407.842448	408.019531	Bb2	64	80	0
1427	407.933594	408.369792	G#3	71	80	0
1428	408.032552	408.709635	Bb2	64	80	0
1429	408.036458	409.489583	G#4	74	80	0
1430	408.037760	409.309896	D4	60	80	0
1431	408.042969	409.339844	F4	60	80	0
1432	409.260417	409.343750	G#3	50	80	0
1433	409.356771	409.559896	Bb2	55	80	0
1434	409.464844	409.979167	G#3	58	80	0
1435	409.565104	411.979167	Bb2	52	80	0
1436	409.610677	410.949219	Bb4	80	80	0
1437	409.622396	411.658854	D4	56	80	0
1438	409.623698	411.468750	F4	56	80	0
1439	409.986979	410.639323	G#3	36	80	0
1440	410.356771	411.579427	G#4	91	80	0
1441	411.302083	412.908854	F#4	75	80	0
1442	412.583333	412.739583	Bb2	47	80	0
1443	412.677083	412.869792	Bb1	45	80	0
1444	412.791667	413.529948	Bb2	43	80	0
1445	412.854167	415.209635	G4	67	80	0
1446	412.877604	415.229167	Eb4	48	80	0
1447	412.880208	413.759115	Bb1	48	80	0
1448	412.881510	413.579427	Bb3	53	80	0
1449	414.076823	414.179688	Bb2	50	80	0
1450	414.166667	414.329427	Bb1	45	80	0
1451	414.253906	415.259115	Bb2	55	80	0
1452	414.343750	415.019531	Bb1	53	80	0
1453	415.011719	415.949219	Bb4	91	80	0
1454	415.899740	417.089844	Eb5	97	80	0
1455	417.122396	417.208333	Bb3	77	80	0
1456	417.208333	418.109375	Bb2	68	80	0
1457	417.303385	418.339844	Bb3	83	80	0
1458	417.391927	419.239583	A4	76	80	0
1459	417.391927	420.959635	Eb4	81	80	0
1460	417.393229	420.750000	F#4	81	80	0
1461	418.626302	418.839844	Bb3	61	80	0
1462	418.734375	420.848958	Bb2	56	80	0
1463	418.846354	420.789062	Bb3	60	80	0
1464	418.915365	420.449219	C5	84	80	0
1465	419.731771	421.059896	A4	94	80	0
1466	420.588542	422.489583	C5	83	80	0
1467	421.894531	422.039062	Bb2	58	80	0
1468	421.983073	422.158854	Bb1	61	80	0
1469	422.074219	422.869792	Bb2	61	80	0
1470	422.151042	423.779948	Bb4	89	80	0
1471	422.162760	422.908854	D4	72	80	0
1472	422.169271	422.949219	Bb1	60	80	0
1473	422.175781	423.348958	F4	64	80	0
1474	423.337240	423.468750	Bb2	62	80	0
1475	423.441406	425.848958	Bb1	60	80	0
1476	423.531250	425.619792	Bb2	70	80	0
1477	423.604167	425.479167	G#4	94	80	0
1478	423.604167	424.769531	F4	80	80	0
1479	424.303385	425.179688	D5	94	80	0
1480	425.037760	426.069010	F5	90	80	0
1481	425.867188	426.609375	Eb5	96	80	0
1482	426.294271	426.459635	Bb3	78	80	0
1483	426.406250	426.559896	Bb2	59	80	0
1484	426.470052	427.519531	Bb3	77	80	0
1485	426.503906	427.128906	Bb4	91	80	0
1486	426.505208	427.359375	G4	88	80	0
1487	426.566406	427.709635	Bb2	58	80	0
1488	427.334635	428.309896	A4	89	80	0
1489	427.334635	428.529948	F#4	89	80	0
1490	427.772135	427.968750	Bb3	78	80	0
1491	427.861979	428.089844	Bb2	60	80	0
1492	427.979167	428.848958	Bb3	74	80	0
1493	428.095052	429.098958	C5	81	80	0
1494	428.095052	429.579427	Bb2	62	80	0
1495	428.098958	428.759115	Eb4	88	80	0
1496	428.996094	429.848958	A4	85	80	0
1497	428.996094	429.509115	C4	70	80	0
1498	429.002604	429.779948	F#4	75	80	0
1499	429.003906	429.649740	Eb4	67	80	0
1500	429.467448	429.699219	Bb3	54	80	0
1501	429.584635	429.979167	Bb2	57	80	0
1502	429.712240	429.979167	Bb3	63	80	0
1503	429.954427	432.500000	Bb4	69	80	0
1504	429.979167	431.468750	F4	52	80	0
1505	429.984375	431.389323	D4	54	80	0
1506	429.988281	431.699219	D3	50	80	0
1507	429.988281	432.128906	Bb3	47	80	0
1508	429.990885	432.128906	Bb2	43	80	0
1509	431.604167	432.059896	Eb3	63	80	0
1510	431.610677	432.079427	C3	51	80	0
1511	431.903646	434.128906	F3	68	80	0
1512	431.945312	433.809896	D3	55	80	0
1513	433.803385	435.569010	Eb3	58	80	0
1514	433.804688	435.449219	C3	52	80	0
1515	434.040365	434.212240	F4	62	80	0
1516	434.242188	434.343750	E4	61	80	0
1517	434.441406	434.510417	F4	61	80	0
1518	434.622396	434.694010	G4	79	80	0
1519	434.798177	434.871094	A4	79	80	0
1520	434.996094	435.104167	Bb4	77	80	0
1521	435.201823	435.609375	C5	78	80	0
1522	435.522135	437.079427	D5	72	80	0
1523	435.544271	437.059896	Bb4	55	80	0
1524	435.545573	436.878906	Bb2	49	80	0
1525	435.545573	438.848958	F4	50	80	0
1526	435.546875	436.718750	Bb3	52	80	0
1527	437.035156	437.639323	Eb5	82	80	0
1528	437.039062	437.649740	C5	72	80	0
1529	437.343750	439.348958	F5	73	80	0
1530	437.346354	439.029948	D5	69	80	0
1531	439.265625	441.299479	Eb5	70	80	0
1532	439.274740	440.929688	C5	53	80	0
1533	439.285156	442.500000	F4	40	80	0
1534	439.498698	439.611979	F3	55	80	0
1535	439.723958	439.825521	E3	56	80	0
1536	439.917969	440.006510	F3	64	80	0
1537	440.100260	440.174479	G3	70	80	0
1538	440.278646	440.376302	A3	66	80	0
1539	440.475260	440.567708	Bb3	68	80	0
1540	440.653646	440.989583	C4	72	80	0
1541	440.953125	442.619792	D4	71	80	0
1542	440.966146	442.589844	Bb3	56	80	0
1543	442.524740	443.019531	Eb4	85	80	0
1544	442.527344	442.908854	C4	68	80	0
1545	442.795573	447.500000	F4	78	80	0
1546	442.830729	447.500000	D4	78	80	0
1547	444.522135	447.419271	Bb1	67	80	0
1548	446.984375	450.949219	A1	42	80	0
1549	452.533854	453.044271	C6	61	80	0
1550	453.014323	453.154948	D6	71	80	0
1551	453.165365	453.255208	C6	72	80	0
1552	453.273438	453.399740	B5	77	80	0
1553	453.378906	454.019531	C6	84	80	0
1554	453.936198	454.282552	D6	98	80	0
1555	454.235677	455.289062	Eb6	97	80	0
1556	455.800781	458.149740	F#4	81	80	0
1557	455.812500	457.500000	Eb4	67	80	0
1558	455.813802	457.459635	C4	62	80	0
1559	455.816406	457.718750	Bb3	67	80	0
1560	458.014323	461.089844	F4	49	80	0
1561	458.027344	461.329427	Eb4	50	80	0
1562	458.035156	461.369792	A3	38	80	0
1563	458.037760	461.919271	C4	39	80	0
1564	460.903646	461.183594	G4	45	80	0
1565	461.210938	461.376302	F4	49	80	0
1566	461.410156	461.584635	E4	59	80	0
1567	461.585938	461.848958	F4	63	80	0
1568	461.734375	461.868490	G4	61	80	0
1569	461.893229	462.035156	A4	72	80	0
1570	462.029948	462.079427	Bb4	70	80	0
1571	462.148438	462.253906	C5	68	80	0
1572	462.265625	462.347656	D5	70	80	0
1573	462.359375	462.415365	Eb5	80	80	0
1574	462.471354	462.563802	F5	80	80	0
1575	462.565104	462.630208	G5	68	80	0
1576	462.647135	462.734375	A5	76	80	0
1577	462.735677	462.805990	Bb5	81	80	0
1578	462.842448	463.218750	C6	74	80	0
1579	463.303385	463.415365	D6	80	80	0
1580	463.399740	463.475260	C6	82	80	0
1581	463.476562	463.584635	B5	86	80	0
1582	463.562500	464.128906	C6	87	80	0
1583	464.093750	464.373698	D6	99	80	0
1584	464.350260	465.019531	Eb6	87	80	0
1585	465.996094	467.859375	Eb5	85	80	0
1586	466.000000	468.019531	A4	81	80	0
1587	466.003906	467.949219	C5	74	80	0
1588	466.006510	467.500000	Eb4	75	80	0
1589	466.010417	467.699219	C4	65	80	0
1590	466.014323	467.959635	F#3	66	80	0
1591	467.872396	469.209635	D5	63	80	0
1592	467.878906	468.829427	Bb4	52	80	0
1593	467.894531	467.908854	G4	41	80	0
1594	467.903646	468.929688	G3	43	80	0
1595	467.904948	468.859375	Bb3	43	80	0
1596	467.904948	468.799479	D4	44	80	0
1597	469.428385	472.500000	G5	94	80	0
1598	470.123698	470.619792	C#4	84	80	0
1599	470.125000	470.559896	E3	73	80	0
1600	470.125000	470.549479	Bb3	79	80	0
1601	471.014323	471.084635	G4	80	80	0
1602	471.014323	471.658854	C#5	79	80	0
1603	471.014323	471.699219	Bb4	83	80	0
1604	473.201823	475.329427	F5	79	80	0
1605	474.188802	474.989583	F3	34	80	0
1606	474.188802	474.649740	Bb3	35	80	0
1607	474.190104	474.949219	D4	37	80	0
1608	474.979167	475.299479	D5	44	80	0
1609	474.986979	475.279948	Bb4	37	80	0
1610	474.990885	475.329427	F4	28	80	0
1611	474.990885	475.250000	Bb3	28	80	0
1612	475.002604	475.259115	F3	25	80	0
1613	475.783854	475.934896	F2	32	80	0
1614	475.783854	475.929688	F1	32	80	0
1615	476.656250	477.579427	A4	43	80	0
1616	476.662760	477.128906	C4	32	80	0
1617	476.664062	477.158854	Eb4	39	80	0
1618	477.563802	477.678385	F3	39	80	0
1619	477.565104	477.675781	F2	36	80	0
1620	478.643229	479.229167	Bb4	45	80	0
1621	478.654948	479.089844	D4	32	80	0
1622	478.654948	479.119792	Bb3	30	80	0
1623	478.670573	479.079427	Bb2	26	80	0
1624	478.674479	478.989583	Bb1	27	80	0
1625	479.585938	480.729167	F5	53	80	0
1626	479.623698	481.169271	F4	28	80	0
1627	480.475260	481.438802	D5	69	80	0
1628	480.505208	481.938802	D4	39	80	0
1629	481.312500	482.250000	B4	72	80	0
1630	481.326823	481.979167	B3	55	80	0
1631	482.125000	482.839844	Bb4	84	80	0
1632	482.135417	482.929688	Bb3	68	80	0
1633	482.894531	483.688802	G#4	92	80	0
1634	482.901042	483.359375	G#3	80	80	0
1635	483.166667	483.509115	Bb1	43	80	0
1636	483.756510	484.878906	G4	87	80	0
1637	483.769531	485.839844	G3	72	80	0
1638	483.783854	484.669271	Bb2	56	80	0
1639	484.654948	485.149740	Bb4	83	80	0
1640	484.666667	485.859375	Bb3	72	80	0
1641	484.678385	487.479167	Bb2	51	80	0
1642	485.497396	486.908854	Eb4	78	80	0
1643	486.352865	487.419271	G4	83	80	0
1644	486.371094	487.598958	G3	49	80	0
1645	487.252604	489.348958	C4	60	80	0
1646	487.263021	489.279948	C3	46	80	0
1647	488.164062	489.269531	F4	61	80	0
1648	488.175781	489.589844	F3	44	80	0
1649	488.595052	489.479167	Eb4	70	80	0
1650	488.601562	489.449219	Eb3	47	80	0
1651	489.143229	490.389323	D4	63	80	0
1652	489.170573	492.500000	D3	42	80	0
1653	489.178385	492.500000	Bb2	38	80	0
1654	489.992188	492.188802	F4	82	80	0
1655	490.843750	491.959635	D4	87	80	0
1656	491.643229	492.679688	D5	84	80	0
1657	491.647135	492.509115	B3	74	80	0
1658	492.438802	493.279948	Bb3	91	80	0
1659	493.009115	493.101562	Eb5	66	80	0
1660	493.114583	493.186198	D5	75	80	0
1661	493.192708	493.255208	Eb5	69	80	0
1662	493.276042	493.339844	D5	67	80	0
1663	493.286458	494.169271	G#3	70	80	0
1664	493.292969	493.839844	Bb3	67	80	0
1665	493.347656	493.419271	Eb5	82	80	0
1666	493.417969	493.485677	D5	81	80	0
1667	493.494792	493.583333	Eb5	81	80	0
1668	493.569010	493.721354	D5	78	80	0
1669	493.683594	494.009115	C5	82	80	0
1670	493.914062	494.408854	D5	95	80	0
1671	494.213542	495.348958	F5	86	80	0
1672	494.246094	496.919271	Bb2	54	80	0
1673	494.251302	496.279948	G3	59	80	0
1674	495.186198	496.869792	Eb5	76	80	0
1675	495.191406	496.519531	Bb3	67	80	0
1676	496.024740	497.889323	Eb3	65	80	0
1677	496.877604	498.569010	Eb5	82	80	0
1678	496.894531	498.699219	G3	51	80	0
1679	496.898438	497.579427	G4	53	80	0
1680	497.819010	498.929688	C3	55	80	0
1681	498.501302	498.569010	Bb4	62	80	0
1682	498.605469	498.656250	A4	60	80	0
1683	498.683594	498.735677	Bb4	67	80	0
1684	498.761719	499.839844	F3	52	80	0
1685	498.763021	498.804688	A4	60	80	0
1686	498.841146	498.894531	Bb4	62	80	0
1687	498.929688	498.972656	A4	62	80	0
1688	498.996094	499.039062	Bb4	67	80	0
1689	499.076823	499.132812	A4	75	80	0
1690	499.161458	499.289062	Bb4	64	80	0
1691	499.165365	499.739583	Eb3	51	80	0
1692	499.236979	499.315104	A4	68	80	0
1693	499.367188	499.437500	G4	68	80	0
1694	499.492188	499.664062	A4	73	80	0
1695	499.696615	501.269531	Bb4	59	80	0
1696	499.738281	500.729167	Bb3	38	80	0
1697	499.752604	501.179688	D3	35	80	0
1698	499.753906	501.468750	Bb2	37	80	0
1699	500.632812	501.311198	F3	49	80	0
1700	501.187500	501.764323	A4	71	80	0
1701	501.194010	501.789062	Eb3	43	80	0
1702	501.746094	503.089844	Bb4	57	80	0
1703	501.776042	502.739583	Bb3	34	80	0
1704	501.779948	502.839844	D3	33	80	0
1705	501.785156	503.559896	Bb2	31	80	0
1706	502.736979	503.559896	F3	51	80	0
1707	503.282552	503.919271	A4	69	80	0
1708	503.283854	503.906250	C5	63	80	0
1709	503.283854	503.949219	Eb3	43	80	0
1710	503.903646	505.149740	D5	54	80	0
1711	503.907552	504.959635	Bb4	48	80	0
1712	503.921875	506.039062	Bb2	34	80	0
1713	503.923177	504.959635	D3	33	80	0
1714	503.928385	504.000000	Bb3	37	80	0
1715	504.930990	505.688802	F3	49	80	0
1716	505.576823	506.709635	A5	69	80	0
1717	505.584635	506.229167	C5	55	80	0
1718	505.587240	507.259115	Eb3	38	80	0
1719	506.532552	508.049479	Bb5	88	80	0
1720	506.544271	507.789062	D5	69	80	0
1721	506.561198	507.869792	Bb2	43	80	0
1722	506.563802	506.989583	F3	41	80	0
1723	507.859375	509.949219	D6	97	80	0
1724	509.790365	510.319010	C6	86	80	0
1725	510.523438	514.348958	C6	58	80	0
1726	514.276042	516.878906	Bb5	46	80	0
1727	516.334635	521.408854	Bb1	29	80	0
#SusPed	0.075521	72	0
#SusPed	0.319010	0	0
#SusPed	0.330729	97	0
#SusPed	6.329427	0	0
#SusPed	7.985677	90	0
#SusPed	8.128906	0	0
#SusPed	8.135417	66	0
#SusPed	8.359375	0	0
#SusPed	8.365885	72	0
#SusPed	9.669271	0	0
#SusPed	9.683594	67	0
#SusPed	9.878906	0	0
#SusPed	9.891927	69	0
#SusPed	11.529948	0	0
#SusPed	11.536458	64	0
#SusPed	12.009115	0	0
#SusPed	12.014323	77	0
#SusPed	16.069010	0	0
#SusPed	16.082031	74	0
#SusPed	16.449219	0	0
#SusPed	16.457031	46	0
#SusPed	16.899740	0	0
#SusPed	16.910156	69	0
#SusPed	18.119792	0	0
#SusPed	18.131510	69	0
#SusPed	18.968750	0	0
#SusPed	18.977865	65	0
#SusPed	19.959635	0	0
#SusPed	19.972656	76	0
#SusPed	20.279948	0	0
#SusPed	20.286458	71	0
#SusPed	22.199219	0	0
#SusPed	22.208333	68	0
#SusPed	22.549479	0	0
#SusPed	22.562500	66	0
#SusPed	25.299479	0	0
#SusPed	25.311198	61	0
#SusPed	25.419271	0	0
#SusPed	25.427083	57	0
#SusPed	25.649740	0	0
#SusPed	25.656250	54	0
#SusPed	25.889323	0	0
#SusPed	25.902344	51	0
#SusPed	25.929688	0	0
#SusPed	25.934896	46	0
#SusPed	26.739583	0	0
#SusPed	26.753906	81	0
#SusPed	26.938802	0	0
#SusPed	26.947917	70	0
#SusPed	27.589844	0	0
#SusPed	27.596354	48	0
#SusPed	27.878906	0	0
#SusPed	27.885417	63	0
#SusPed	29.158854	0	0
#SusPed	29.170573	85	0
#SusPed	29.309896	0	0
#SusPed	29.319010	82	0
#SusPed	30.809896	0	0
#SusPed	30.824219	60	0
#SusPed	31.098958	0	0
#SusPed	31.106771	75	0
#SusPed	33.859375	0	0
#SusPed	33.867188	63	0
#SusPed	33.989583	0	0
#SusPed	33.996094	95	0
#SusPed	34.529948	0	0
#SusPed	34.542969	72	0
#SusPed	34.649740	0	0
#SusPed	34.661458	86	0
#SusPed	35.059896	0	0
#SusPed	35.071615	85	0
#SusPed	35.149740	0	0
#SusPed	35.161458	96	0
#SusPed	35.309896	0	0
#SusPed	35.321615	74	0
#SusPed	35.419271	0	0
#SusPed	35.428385	97	0
#SusPed	35.649740	0	0
#SusPed	35.654948	85	0
#SusPed	35.938802	0	0
#SusPed	35.945312	70	0
#SusPed	36.169271	0	0
#SusPed	36.178385	95	0
#SusPed	36.649740	0	0
#SusPed	36.662760	85	0
#SusPed	36.718750	0	0
#SusPed	36.731771	99	0
#SusPed	37.019531	0	0
#SusPed	37.028646	77	0
#SusPed	37.209635	0	0
#SusPed	37.515625	86	0
#SofPed	37.544271	81	0
#SofPed	38.348958	0	0
#SusPed	38.438802	0	0
#SusPed	38.451823	74	0
#SusPed	39.949219	0	0
#SusPed	39.963542	72	0
#SusPed	40.079427	0	0
#SusPed	40.088542	75	0
#SusPed	41.199219	0	0
#SusPed	41.204427	66	0
#SusPed	41.649740	0	0
#SusPed	41.658854	74	0
#SusPed	42.899740	0	0
#SusPed	42.906250	65	0
#SusPed	43.419271	0	0
#SusPed	43.425781	77	0
#SusPed	47.119792	0	0
#SusPed	47.131510	55	0
#SusPed	47.309896	0	0
#SusPed	47.315104	78	0
#SusPed	47.589844	0	0
#SusPed	47.600260	88	0
#SusPed	47.839844	0	0
#SusPed	47.846354	76	0
#SusPed	48.029948	0	0
#SusPed	48.033854	83	0
#SusPed	50.049479	0	0
#SusPed	50.055990	61	0
#SusPed	50.229167	0	0
#SusPed	50.238281	65	0
#SusPed	51.959635	0	0
#SusPed	51.972656	70	0
#SusPed	52.218750	0	0
#SusPed	52.231771	80	0
#SusPed	53.500000	0	0
#SusPed	53.505208	65	0
#SusPed	53.729167	0	0
#SusPed	53.736979	94	0
#SusPed	58.489583	0	0
#SusPed	58.497396	80	0
#SusPed	58.658854	0	0
#SusPed	58.665365	88	0
#SusPed	60.389323	0	0
#SusPed	60.402344	59	0
#SusPed	60.509115	0	0
#SusPed	60.523438	91	0
#SusPed	62.239583	0	0
#SusPed	62.252604	76	0
#SusPed	62.688802	0	0
#SusPed	62.703125	74	0
#SusPed	64.039062	0	0
#SusPed	64.053385	84	0
#SusPed	64.289062	0	0
#SusPed	64.303385	100	0
#SusPed	64.709635	0	0
#SusPed	64.714844	76	0
#SusPed	67.679688	0	0
#SusPed	67.691406	82	0
#SusPed	68.239583	0	0
#SusPed	68.253906	78	0
#SusPed	68.459635	0	0
#SusPed	68.471354	85	0
#SusPed	68.769531	0	0
#SusPed	68.783854	78	0
#SusPed	69.128906	0	0
#SusPed	69.139323	80	0
#SusPed	69.468750	0	0
#SusPed	69.480469	65	0
#SusPed	71.128906	0	0
#SusPed	71.140625	81	0
#SusPed	71.468750	0	0
#SusPed	71.475260	77	0
#SusPed	72.779948	0	0
#SusPed	72.786458	83	0
#SusPed	73.128906	0	0
#SusPed	73.143229	75	0
#SofPed	73.531250	32	0
#SofPed	74.218750	0	0
#SusPed	74.369792	0	0
#SusPed	74.384115	74	0
#SusPed	75.979167	0	0
#SusPed	75.990885	95	0
#SusPed	76.598958	0	0
#SusPed	76.605469	68	0
#SusPed	79.199219	0	0
#SusPed	79.208333	82	0
#SusPed	79.869792	0	0
#SusPed	79.882812	74	0
#SusPed	80.009115	0	0
#SusPed	80.023438	80	0
#SusPed	80.359375	0	0
#SusPed	80.365885	66	0
#SusPed	80.729167	0	0
#SusPed	80.742188	53	0
#SusPed	81.649740	0	0
#SusPed	81.664062	60	0
#SusPed	82.098958	0	0
#SusPed	82.105469	79	0
#SusPed	83.389323	0	0
#SusPed	83.402344	74	0
#SusPed	83.848958	0	0
#SusPed	83.856771	69	0
#SusPed	84.919271	0	0
#SusPed	84.930990	59	0
#SusPed	87.729167	0	0
#SusPed	87.743490	49	0
#SusPed	87.889323	0	0
#SusPed	87.895833	48	0
#SusPed	88.429688	0	0
#SusPed	88.442708	57	0
#SusPed	89.669271	0	0
#SusPed	89.683594	65	0
#SusPed	90.899740	0	0
#SusPed	90.908854	76	0
#SusPed	91.059896	0	0
#SusPed	91.069010	69	0
#SusPed	91.649740	0	0
#SusPed	91.660156	77	0
#SusPed	92.239583	0	0
#SusPed	92.253906	99	0
#SusPed	92.829427	0	0
#SusPed	92.843750	95	0
#SusPed	94.229167	0	0
#SusPed	94.240885	69	0
#SusPed	94.729167	0	0
#SusPed	94.734375	88	0
#SusPed	95.049479	0	0
#SusPed	95.062500	72	0
#SusPed	97.149740	0	0
#SusPed	97.164062	53	0
#SusPed	97.229167	0	0
#SusPed	97.236979	47	0
#SusPed	97.539062	0	0
#SusPed	97.544271	71	0
#SofPed	97.643229	74	0
#SofPed	97.679688	0	0
#SofPed	97.694010	67	0
#SusPed	99.029948	0	0
#SusPed	99.036458	65	0
#SusPed	99.299479	0	0
#SusPed	99.309896	87	0
#SusPed	100.549479	0	0
#SusPed	100.554688	67	0
#SusPed	101.500000	0	0
#SusPed	101.513021	67	0
#SusPed	102.179688	0	0
#SusPed	102.184896	71	0
#SusPed	102.319010	0	0
#SusPed	102.324219	74	0
#SusPed	103.679688	0	0
#SusPed	103.686198	65	0
#SofPed	103.688802	0	0
#SusPed	107.098958	0	0
#SusPed	107.110677	79	0
#SofPed	107.354167	82	0
#SusPed	107.378906	0	0
#SusPed	107.388021	76	0
#SofPed	108.339844	0	0
#SusPed	109.009115	0	0
#SusPed	109.022135	70	0
#SusPed	109.209635	0	0
#SusPed	109.222656	77	0
#SusPed	110.429688	0	0
#SusPed	110.442708	76	0
#SusPed	110.759115	0	0
#SusPed	110.773438	82	0
#SusPed	112.158854	0	0
#SusPed	112.170573	88	0
#SusPed	112.289062	0	0
#SusPed	112.304688	62	0
#SusPed	112.639323	0	0
#SusPed	112.654948	70	0
#SusPed	118.269531	0	0
#SusPed	118.283854	68	0
#SusPed	118.408854	0	0
#SusPed	118.424479	83	0
#SusPed	121.438802	0	0
#SusPed	121.450521	61	0
#SusPed	121.549479	0	0
#SusPed	121.563802	77	0
#SusPed	122.589844	0	0
#SusPed	122.602865	65	0
#SusPed	122.739583	0	0
#SusPed	122.748698	88	0
#SofPed	122.960938	38	0
#SofPed	123.029948	0	0
#SofPed	123.035156	41	0
#SofPed	123.329427	0	0
#SofPed	123.335938	40	0
#SofPed	123.489583	0	0
#SofPed	123.494792	41	0
#SofPed	124.169271	0	0
#SofPed	124.183594	49	0
#SofPed	124.699219	0	0
#SofPed	124.712240	47	0
#SofPed	125.000000	0	0
#SofPed	125.009115	41	0
#SofPed	125.139323	0	0
#SofPed	125.145833	39	0
#SofPed	125.539062	0	0
#SofPed	125.554688	41	0
#SusPed	127.000000	0	0
#SusPed	127.009115	75	0
#SofPed	127.059896	0	0
#SusPed	127.158854	0	0
#SusPed	127.167969	99	0
#SusPed	129.299479	0	0
#SusPed	129.313802	60	0
#SusPed	130.109375	0	0
#SusPed	130.118490	69	0
#SusPed	130.279948	0	0
#SusPed	130.285156	83	0
#SusPed	131.609375	0	0
#SusPed	131.614583	58	0
#SusPed	131.709635	0	0
#SusPed	131.716146	96	0
#SusPed	134.968750	0	0
#SusPed	134.976562	67	0
#SusPed	135.098958	0	0
#SusPed	135.110677	72	0
#SusPed	139.399740	0	0
#SusPed	139.406250	69	0
#SusPed	139.569010	0	0
#SusPed	139.576823	78	0
#SusPed	145.579427	0	0
#SusPed	145.675781	66	0
#SusPed	145.839844	0	0
#SusPed	145.852865	84	0
#SusPed	146.789062	0	0
#SusPed	146.796875	49	0
#SusPed	146.919271	0	0
#SusPed	146.933594	84	0
#SusPed	147.799479	0	0
#SusPed	147.812500	77	0
#SusPed	148.000000	0	0
#SusPed	148.005208	46	0
#SusPed	148.250000	0	0
#SusPed	148.256510	51	0
#SusPed	148.389323	0	0
#SusPed	148.399740	68	0
#SusPed	148.769531	0	0
#SusPed	148.776042	48	0
#SusPed	149.029948	0	0
#SusPed	149.035156	71	0
#SusPed	149.589844	0	0
#SusPed	149.601562	62	0
#SusPed	150.639323	0	0
#SusPed	150.648438	85	0
#SusPed	152.359375	0	0
#SusPed	152.368490	66	0
#SusPed	152.639323	0	0
#SusPed	152.644531	72	0
#SusPed	154.059896	0	0
#SusPed	154.065104	68	0
#SusPed	154.449219	0	0
#SusPed	154.459635	75	0
#SusPed	157.500000	0	0
#SusPed	157.510417	68	0
#SusPed	157.669271	0	0
#SusPed	157.679688	71	0
#SusPed	159.098958	0	0
#SusPed	159.110677	66	0
#SusPed	159.289062	0	0
#SusPed	159.299479	81	0
#SusPed	160.619792	0	0
#SusPed	160.632812	69	0
#SusPed	160.769531	0	0
#SusPed	160.781250	93	0
#SusPed	162.169271	0	0
#SusPed	162.183594	82	0
#SusPed	162.329427	0	0
#SusPed	162.343750	90	0
#SusPed	162.929688	0	0
#SusPed	162.934896	89	0
#SusPed	163.049479	0	0
#SusPed	163.062500	94	0
#SusPed	163.639323	0	0
#SusPed	163.653646	71	0
#SofPed	163.660156	68	0
#SofPed	163.709635	0	0
#SofPed	163.714844	71	0
#SusPed	163.878906	0	0
#SusPed	163.890625	87	0
#SofPed	164.039062	0	0
#SofPed	164.053385	41	0
#SusPed	164.619792	0	0
#SusPed	164.627604	89	0
#SusPed	164.679688	0	0
#SusPed	164.684896	91	0
#SusPed	165.218750	0	0
#SusPed	165.225260	75	0
#SusPed	165.259115	0	0
#SusPed	165.268229	67	0
#SusPed	165.299479	0	0
#SusPed	165.311198	60	0
#SusPed	165.500000	0	0
#SusPed	165.511719	47	0
#SusPed	165.968750	0	0
#SusPed	165.976562	81	0
#SusPed	166.839844	0	0
#SusPed	166.852865	91	0
#SusPed	167.128906	0	0
#SusPed	167.135417	82	0
#SofPed	167.500000	0	0
#SusPed	168.669271	0	0
#SusPed	168.678385	42	0
#SusPed	169.029948	0	0
#SusPed	169.042969	60	0
#SusPed	170.339844	0	0
#SusPed	170.347656	68	0
#SusPed	170.509115	0	0
#SusPed	170.523438	74	0
#SusPed	171.279948	0	0
#SusPed	171.285156	100	0
#SusPed	171.938802	0	0
#SusPed	171.953125	84	0
#SusPed	172.209635	0	0
#SusPed	172.218750	78	0
#SusPed	173.729167	0	0
#SusPed	173.743490	72	0
#SusPed	173.899740	0	0
#SusPed	173.911458	82	0
#SusPed	175.369792	0	0
#SusPed	175.384115	68	0
#SusPed	175.529948	0	0
#SusPed	175.536458	106	0
#SusPed	176.929688	0	0
#SusPed	176.944010	76	0
#SusPed	177.069010	0	0
#SusPed	177.083333	81	0
#SusPed	177.639323	0	0
#SusPed	177.651042	61	0
#SusPed	177.729167	0	0
#SusPed	177.736979	104	0
#SusPed	178.579427	0	0
#SusPed	178.588542	77	0
#SusPed	178.729167	0	0
#SusPed	178.739583	93	0
#SusPed	181.688802	0	0
#SusPed	181.703125	86	0
#SusPed	181.848958	0	0
#SusPed	181.861979	77	0
#SusPed	182.619792	0	0
#SusPed	182.628906	97	0
#SusPed	182.908854	0	0
#SusPed	182.916667	99	0
#SusPed	183.459635	0	0
#SofPed	183.464844	34	0
#SusPed	183.464844	66	0
#SusPed	183.649740	0	0
#SusPed	183.654948	45	0
#SusPed	184.139323	0	0
#SusPed	184.152344	75	0
#SusPed	184.869792	0	0
#SusPed	184.882812	62	0
#SusPed	185.289062	0	0
#SusPed	185.294271	58	0
#SusPed	185.359375	0	0
#SusPed	185.368490	58	0
#SusPed	185.449219	0	0
#SusPed	185.457031	58	0
#SusPed	185.539062	0	0
#SusPed	185.550781	57	0
#SusPed	186.309896	0	0
#SusPed	186.322917	59	0
#SusPed	186.649740	0	0
#SusPed	186.656250	61	0
#SusPed	186.729167	0	0
#SusPed	186.743490	63	0
#SusPed	186.789062	0	0
#SusPed	186.798177	64	0
#SusPed	186.979167	0	0
#SusPed	186.993490	60	0
#SofPed	187.500000	0	0
#SusPed	187.919271	0	0
#SusPed	187.924479	70	0
#SusPed	188.539062	0	0
#SusPed	188.545573	79	0
#SusPed	188.809896	0	0
#SusPed	188.824219	79	0
#SusPed	189.989583	0	0
#SusPed	189.994792	82	0
#SusPed	190.239583	0	0
#SusPed	190.253906	64	0
#SusPed	190.500000	0	0
#SusPed	190.514323	73	0
#SusPed	191.739583	0	0
#SusPed	191.746094	69	0
#SusPed	191.809896	0	0
#SusPed	191.819010	81	0
#SusPed	195.049479	0	0
#SusPed	195.055990	96	0
#SusPed	199.709635	0	0
#SusPed	199.723958	84	0
#SusPed	199.899740	0	0
#SusPed	199.914062	79	0
#SusPed	205.489583	0	0
#SusPed	205.498698	103	0
#SusPed	205.619792	0	0
#SusPed	205.626302	105	0
#SusPed	206.019531	0	0
#SusPed	206.032552	69	0
#SusPed	206.579427	0	0
#SusPed	206.587240	61	0
#SusPed	206.759115	0	0
#SusPed	206.765625	54	0
#SusPed	207.209635	0	0
#SusPed	207.223958	74	0
#SusPed	207.369792	0	0
#SusPed	207.378906	75	0
#SusPed	207.619792	0	0
#SusPed	207.634115	64	0
#SusPed	207.799479	0	0
#SusPed	207.808594	81	0
#SofPed	207.894531	77	0
#SusPed	208.509115	0	0
#SusPed	208.519531	73	0
#SusPed	209.459635	0	0
#SusPed	209.473958	74	0
#SusPed	210.649740	0	0
#SusPed	210.664062	70	0
#SusPed	211.169271	0	0
#SusPed	211.180990	85	0
#SofPed	213.899740	0	0
#SusPed	215.029948	0	0
#SusPed	215.041667	76	0
#SusPed	215.589844	0	0
#SusPed	215.604167	51	0
#SusPed	215.829427	0	0
#SusPed	215.842448	52	0
#SusPed	216.250000	0	0
#SusPed	216.264323	74	0
#SusPed	218.059896	0	0
#SusPed	218.066406	78	0
#SusPed	218.359375	0	0
#SusPed	218.368490	72	0
#SusPed	220.039062	0	0
#SusPed	220.050781	60	0
#SusPed	220.658854	0	0
#SusPed	220.665365	71	0
#SusPed	221.589844	0	0
#SusPed	221.604167	67	0
#SusPed	222.158854	0	0
#SusPed	222.170573	83	0
#SusPed	225.209635	0	0
#SusPed	225.218750	92	0
#SusPed	225.848958	0	0
#SusPed	225.858073	75	0
#SusPed	226.098958	0	0
#SusPed	226.105469	96	0
#SusPed	226.789062	0	0
#SusPed	226.795573	72	0
#SusPed	227.019531	0	0
#SusPed	227.027344	77	0
#SusPed	227.158854	0	0
#SusPed	227.166667	88	0
#SusPed	228.718750	0	0
#SusPed	228.730469	81	0
#SusPed	229.128906	0	0
#SusPed	229.138021	77	0
#SusPed	231.059896	0	0
#SusPed	231.069010	65	0
#SusPed	231.319010	0	0
#SusPed	231.332031	81	0
#SusPed	232.669271	0	0
#SusPed	232.675781	71	0
#SusPed	233.069010	0	0
#SusPed	233.075521	86	0
#SusPed	236.519531	0	0
#SusPed	236.524740	67	0
#SusPed	236.679688	0	0
#SusPed	236.694010	84	0
#SusPed	237.309896	0	0
#SusPed	237.315104	78	0
#SusPed	237.519531	0	0
#SusPed	237.529948	73	0
#SofPed	240.502604	35	0
#SusPed	241.169271	0	0
#SusPed	241.178385	63	0
#SusPed	241.919271	0	0
#SusPed	241.933594	45	0
#SusPed	242.039062	0	0
#SusPed	242.050781	48	0
#SofPed	242.329427	0	0
#SofPed	242.335938	50	0
#SusPed	242.628906	0	0
#SusPed	242.644531	67	0
#SofPed	242.750000	0	0
#SofPed	242.761719	45	0
#SofPed	243.007812	0	0
#SusPed	243.408854	0	0
#SusPed	243.414062	78	0
#SusPed	243.598958	0	0
#SusPed	243.613281	81	0
#SusPed	244.128906	0	0
#SusPed	244.141927	78	0
#SusPed	244.299479	0	0
#SusPed	244.313802	68	0
#SusPed	244.839844	0	0
#SusPed	244.848958	73	0
#SusPed	244.979167	0	0
#SusPed	244.990885	87	0
#SofPed	245.183594	58	0
#SofPed	245.188802	0	0
#SusPed	245.459635	0	0
#SusPed	245.466146	86	0
#SusPed	245.688802	0	0
#SusPed	245.696615	77	0
#SusPed	246.179688	0	0
#SusPed	246.184896	65	0
#SofPed	246.205729	52	0
#SofPed	246.279948	0	0
#SofPed	246.285156	54	0
#SofPed	246.399740	0	0
#SofPed	246.411458	57	0
#SofPed	246.500000	0	0
#SofPed	246.514323	64	0
#SusPed	246.549479	0	0
#SusPed	246.561198	60	0
#SusPed	247.408854	0	0
#SusPed	247.423177	71	0
#SusPed	248.019531	0	0
#SusPed	248.032552	78	0
#SofPed	248.559896	0	0
#SusPed	250.109375	0	0
#SusPed	250.123698	60	0
#SusPed	250.468750	0	0
#SusPed	250.475260	56	0
#SusPed	250.549479	0	0
#SusPed	250.559896	49	0
#SusPed	250.829427	0	0
#SusPed	250.843750	81	0
#SusPed	251.628906	0	0
#SusPed	251.635417	66	0
#SusPed	251.929688	0	0
#SusPed	251.937500	75	0
#SusPed	253.199219	0	0
#SusPed	253.205729	61	0
#SusPed	253.348958	0	0
#SusPed	253.364583	71	0
#SofPed	254.792969	63	0
#SofPed	254.878906	0	0
#SofPed	254.888021	68	0
#SofPed	255.019531	0	0
#SofPed	255.024740	67	0
#SofPed	255.209635	0	0
#SofPed	255.217448	51	0
#SofPed	255.279948	0	0
#SofPed	255.286458	52	0
#SofPed	255.378906	0	0
#SofPed	255.388021	57	0
#SofPed	255.459635	0	0
#SofPed	255.464844	59	0
#SofPed	255.539062	0	0
#SofPed	255.546875	63	0
#SofPed	255.679688	0	0
#SusPed	257.339844	0	0
#SusPed	257.348958	71	0
#SusPed	257.468750	0	0
#SusPed	257.473958	96	0
#SusPed	258.709635	0	0
#SusPed	258.718750	94	0
#SusPed	258.848958	0	0
#SusPed	258.864583	84	0
#SusPed	260.669271	0	0
#SusPed	260.677083	58	0
#SusPed	260.929688	0	0
#SusPed	260.942708	72	0
#SusPed	262.218750	0	0
#SusPed	262.233073	75	0
#SusPed	262.378906	0	0
#SusPed	262.391927	86	0
#SusPed	265.628906	0	0
#SusPed	265.635417	65	0
#SusPed	266.319010	0	0
#SusPed	266.324219	57	0
#SusPed	266.399740	0	0
#SusPed	266.411458	88	0
#SusPed	267.869792	0	0
#SusPed	267.882812	78	0
#SusPed	268.000000	0	0
#SusPed	268.011719	98	0
#SusPed	269.509115	0	0
#SusPed	269.516927	69	0
#SusPed	269.669271	0	0
#SusPed	269.679688	76	0
#SusPed	271.119792	0	0
#SusPed	271.128906	73	0
#SusPed	271.279948	0	0
#SusPed	271.287760	79	0
#SusPed	275.069010	0	0
#SusPed	275.074219	61	0
#SusPed	276.500000	0	0
#SusPed	276.513021	74	0
#SusPed	276.679688	0	0
#SusPed	276.687500	102	0
#SusPed	278.089844	0	0
#SusPed	278.097656	68	0
#SusPed	278.309896	0	0
#SusPed	278.324219	79	0
#SusPed	279.449219	0	0
#SusPed	279.462240	90	0
#SusPed	279.639323	0	0
#SusPed	279.652344	81	0
#SusPed	280.968750	0	0
#SusPed	280.976562	93	0
#SusPed	282.739583	0	0
#SusPed	282.753906	71	0
#SusPed	282.938802	0	0
#SusPed	282.951823	55	0
#SusPed	283.299479	0	0
#SusPed	283.313802	74	0
#SusPed	283.519531	0	0
#SusPed	283.533854	69	0
#SusPed	284.139323	0	0
#SusPed	284.154948	51	0
#SusPed	284.218750	0	0
#SusPed	284.234375	58	0
#SusPed	284.809896	0	0
#SusPed	284.819010	56	0
#SusPed	284.919271	0	0
#SusPed	284.928385	64	0
#SusPed	285.479167	0	0
#SusPed	285.484375	51	0
#SusPed	285.649740	0	0
#SusPed	285.662760	61	0
#SusPed	286.149740	0	0
#SusPed	286.157552	60	0
#SusPed	286.569010	0	0
#SusPed	286.575521	50	0
#SusPed	287.039062	0	0
#SusPed	287.045573	53	0
#SusPed	287.369792	0	0
#SusPed	287.378906	46	0
#SusPed	287.419271	0	0
#SusPed	287.433594	53	0
#SusPed	288.049479	0	0
#SusPed	288.059896	60	0
#SusPed	288.519531	0	0
#SusPed	288.531250	53	0
#SusPed	288.639323	0	0
#SusPed	288.647135	53	0
#SusPed	291.658854	0	0
#SusPed	291.670573	58	0
#SusPed	291.968750	0	0
#SusPed	291.980469	50	0
#SusPed	292.139323	0	0
#SusPed	292.152344	48	0
#SusPed	292.598958	0	0
#SusPed	292.604167	68	0
#SusPed	293.559896	0	0
#SusPed	293.570312	68	0
#SusPed	294.109375	0	0
#SusPed	294.115885	78	0
#SusPed	295.329427	0	0
#SusPed	295.339844	76	0
#SusPed	295.699219	0	0
#SusPed	295.713542	76	0
#SusPed	297.128906	0	0
#SusPed	297.134115	67	0
#SusPed	298.369792	0	0
#SusPed	298.380208	57	0
#SusPed	298.899740	0	0
#SusPed	298.910156	73	0
#SusPed	299.319010	0	0
#SusPed	299.333333	58	0
#SusPed	299.809896	0	0
#SusPed	299.820312	56	0
#SusPed	299.859375	0	0
#SusPed	299.868490	58	0
#SusPed	301.479167	0	0
#SusPed	301.488281	55	0
#SusPed	301.589844	0	0
#SusPed	301.595052	51	0
#SusPed	301.688802	0	0
#SusPed	301.695312	55	0
#SusPed	302.188802	0	0
#SusPed	302.194010	67	0
#SusPed	303.279948	0	0
#SusPed	303.289062	73	0
#SusPed	303.729167	0	0
#SusPed	303.743490	68	0
#SusPed	304.739583	0	0
#SusPed	304.752604	78	0
#SusPed	305.069010	0	0
#SusPed	305.076823	73	0
#SusPed	306.419271	0	0
#SusPed	306.432292	59	0
#SusPed	306.619792	0	0
#SusPed	306.625000	76	0
#SusPed	307.869792	0	0
#SusPed	307.884115	63	0
#SusPed	308.569010	0	0
#SusPed	308.580729	66	0
#SusPed	314.579427	0	0
#SusPed	314.628906	65	0
#SusPed	314.889323	0	0
#SusPed	314.895833	78	0
#SusPed	314.979167	0	0
#SusPed	314.984375	87	0
#SofPed	315.625000	46	0
#SofPed	315.929688	0	0
#SofPed	315.942708	58	0
#SusPed	316.188802	0	0
#SusPed	316.196615	64	0
#SofPed	316.209635	0	0
#SofPed	316.221354	48	0
#SofPed	316.468750	0	0
#SofPed	316.476562	51	0
#SusPed	316.479167	0	0
#SusPed	316.490885	73	0
#SusPed	317.509115	0	0
#SusPed	317.523438	68	0
#SofPed	319.449219	0	0
#SofPed	319.455729	75	0
#SofPed	319.959635	0	0
#SofPed	319.970052	61	0
#SofPed	320.569010	0	0
#SofPed	320.580729	63	0
#SusPed	321.908854	0	0
#SusPed	321.916667	97	0
#SusPed	322.209635	0	0
#SusPed	322.221354	69	0
#SusPed	322.369792	0	0
#SusPed	322.384115	74	0
#SofPed	322.739583	0	0
#SofPed	322.752604	90	0
#SofPed	323.669271	0	0
#SusPed	326.569010	0	0
#SusPed	326.582031	49	0
#SusPed	326.679688	0	0
#SusPed	326.691406	78	0
#SusPed	330.679688	0	0
#SusPed	330.692708	69	0
#SusPed	330.859375	0	0
#SusPed	330.871094	93	0
#SusPed	333.299479	0	0
#SusPed	333.313802	70	0
#SusPed	334.179688	0	0
#SusPed	334.187500	69	0
#SusPed	334.389323	0	0
#SusPed	334.395833	91	0
#SusPed	339.000000	0	0
#SusPed	339.009115	66	0
#SusPed	339.179688	0	0
#SusPed	339.192708	73	0
#SusPed	343.598958	0	0
#SusPed	343.613281	70	0
#SusPed	343.750000	0	0
#SusPed	343.756510	62	0
#SusPed	349.759115	0	0
#SusPed	350.656250	66	0
#SusPed	350.819010	0	0
#SusPed	350.825521	62	0
#SusPed	351.878906	0	0
#SusPed	351.894531	66	0
#SusPed	352.199219	0	0
#SusPed	352.209635	49	0
#SusPed	352.369792	0	0
#SusPed	352.375000	48	0
#SusPed	352.989583	0	0
#SusPed	352.997396	95	0
#SofPed	353.276042	44	0
#SusPed	353.299479	0	0
#SusPed	353.304688	66	0
#SofPed	353.309896	0	0
#SofPed	353.315104	43	0
#SusPed	353.598958	0	0
#SusPed	353.610677	52	0
#SusPed	353.859375	0	0
#SusPed	353.871094	70	0
#SusPed	356.289062	0	0
#SusPed	356.300781	92	0
#SusPed	356.609375	0	0
#SusPed	356.623698	69	0
#SusPed	358.319010	0	0
#SusPed	358.324219	87	0
#SofPed	359.319010	0	0
#SusPed	359.878906	0	0
#SusPed	359.889323	65	0
#SusPed	361.529948	0	0
#SusPed	361.535156	87	0
#SusPed	361.679688	0	0
#SusPed	361.684896	88	0
#SusPed	362.919271	0	0
#SusPed	362.930990	68	0
#SusPed	363.119792	0	0
#SusPed	363.125000	92	0
#SusPed	364.878906	0	0
#SusPed	364.886719	88	0
#SusPed	366.299479	0	0
#SusPed	366.309896	70	0
#SusPed	367.809896	0	0
#SusPed	367.819010	81	0
#SusPed	368.239583	0	0
#SusPed	368.253906	80	0
#SofPed	369.161458	54	0
#SofPed	369.389323	0	0
#SofPed	369.401042	70	0
#SusPed	369.679688	0	0
#SusPed	369.686198	69	0
#SusPed	370.149740	0	0
#SofPed	370.158854	0	0
#SusPed	370.160156	80	0
#SofPed	370.169271	52	0
#SusPed	370.468750	0	0
#SusPed	370.475260	85	0
#SofPed	370.729167	0	0
#SofPed	370.739583	56	0
#SusPed	370.750000	0	0
#SusPed	370.755208	90	0
#SusPed	371.259115	0	0
#SusPed	371.268229	82	0
#SusPed	371.500000	0	0
#SusPed	371.509115	65	0
#SusPed	371.639323	0	0
#SusPed	371.645833	49	0
#SofPed	372.000000	0	0
#SofPed	372.005208	59	0
#SusPed	372.019531	0	0
#SusPed	372.024740	40	0
#SofPed	372.039062	0	0
#SofPed	372.046875	55	0
#SusPed	372.139323	0	0
#SusPed	372.151042	37	0
#SofPed	372.158854	0	0
#SofPed	372.171875	52	0
#SusPed	373.000000	0	0
#SusPed	373.007812	93	0
#SofPed	375.479167	0	0
#SusPed	376.149740	0	0
#SusPed	376.156250	82	0
#SusPed	376.339844	0	0
#SusPed	376.352865	93	0
#SusPed	377.809896	0	0
#SusPed	377.816406	77	0
#SusPed	378.009115	0	0
#SusPed	378.023438	88	0
#SusPed	379.579427	0	0
#SusPed	379.591146	76	0
#SusPed	379.750000	0	0
#SusPed	379.757812	79	0
#SusPed	381.098958	0	0
#SusPed	381.105469	81	0
#SusPed	381.259115	0	0
#SusPed	381.270833	93	0
#SusPed	382.729167	0	0
#SusPed	382.742188	72	0
#SusPed	382.959635	0	0
#SusPed	382.967448	84	0
#SofPed	383.010417	57	0
#SofPed	383.279948	0	0
#SusPed	386.019531	0	0
#SusPed	386.032552	62	0
#SusPed	386.218750	0	0
#SusPed	386.225260	77	0
#SusPed	387.000000	0	0
#SusPed	387.014323	66	0
#SusPed	387.179688	0	0
#SusPed	387.186198	64	0
#SofPed	387.208333	26	0
#SusPed	387.779948	0	0
#SusPed	387.783854	69	0
#SusPed	388.289062	0	0
#SusPed	388.303385	74	0
#SusPed	388.500000	0	0
#SusPed	388.513021	80	0
#SusPed	388.709635	0	0
#SusPed	388.722656	62	0
#SusPed	389.158854	0	0
#SusPed	389.165365	60	0
#SusPed	389.239583	0	0
#SusPed	389.253906	55	0
#SusPed	389.289062	0	0
#SusPed	389.296875	55	0
#SusPed	390.938802	0	0
#SusPed	390.953125	47	0
#SusPed	391.079427	0	0
#SusPed	391.092448	47	0
#SusPed	391.729167	0	0
#SusPed	391.738281	99	0
#SofPed	392.500000	0	0
#SusPed	394.109375	0	0
#SusPed	394.115885	92	0
#SusPed	394.519531	0	0
#SusPed	394.526042	73	0
#SofPed	397.015625	71	0
#SofPed	397.299479	0	0
#SofPed	397.311198	77	0
#SofPed	397.539062	0	0
#SofPed	397.545573	78	0
#SofPed	397.669271	0	0
#SofPed	397.683594	86	0
#SusPed	398.908854	0	0
#SusPed	398.921875	83	0
#SusPed	399.139323	0	0
#SusPed	399.148438	90	0
#SusPed	400.459635	0	0
#SusPed	400.466146	81	0
#SofPed	401.559896	0	0
#SofPed	401.572917	36	0
#SofPed	402.000000	0	0
#SofPed	402.005208	35	0
#SofPed	402.019531	0	0
#SusPed	403.449219	0	0
#SusPed	403.463542	94	0
#SusPed	403.619792	0	0
#SusPed	403.630208	103	0
#SusPed	404.929688	0	0
#SusPed	404.944010	99	0
#SusPed	405.079427	0	0
#SusPed	405.084635	98	0
#SusPed	407.929688	0	0
#SusPed	407.942708	86	0
#SusPed	408.059896	0	0
#SusPed	408.069010	77	0
#SusPed	409.750000	0	0
#SusPed	409.763021	73	0
#SusPed	409.949219	0	0
#SusPed	409.954427	93	0
#SusPed	411.609375	0	0
#SusPed	411.614583	66	0
#SusPed	411.859375	0	0
#SusPed	411.867188	94	0
#SusPed	412.919271	0	0
#SusPed	412.924479	71	0
#SofPed	412.944010	61	0
#SofPed	412.949219	0	0
#SusPed	413.049479	0	0
#SusPed	413.063802	85	0
#SofPed	413.074219	65	0
#SofPed	413.079427	0	0
#SusPed	417.399740	0	0
#SusPed	417.411458	87	0
#SusPed	421.079427	0	0
#SusPed	421.084635	67	0
#SusPed	421.259115	0	0
#SusPed	421.264323	99	0
#SusPed	422.158854	0	0
#SusPed	422.165365	78	0
#SusPed	422.269531	0	0
#SusPed	422.278646	93	0
#SusPed	426.559896	0	0
#SusPed	426.570312	74	0
#SusPed	426.658854	0	0
#SusPed	426.667969	87	0
#SusPed	428.089844	0	0
#SusPed	428.104167	97	0
#SusPed	428.289062	0	0
#SusPed	428.295573	90	0
#SusPed	429.029948	0	0
#SusPed	429.037760	67	0
#SusPed	429.128906	0	0
#SusPed	429.143229	67	0
#SusPed	429.959635	0	0
#SusPed	429.967448	73	0
#SusPed	430.128906	0	0
#SusPed	430.507812	71	0
#SofPed	430.515625	83	0
#SusPed	432.069010	0	0
#SusPed	432.075521	68	0
#SusPed	433.109375	0	0
#SusPed	433.114583	66	0
#SusPed	434.029948	0	0
#SusPed	434.044271	63	0
#SusPed	434.079427	0	0
#SusPed	434.088542	59	0
#SusPed	434.179688	0	0
#SusPed	434.191406	51	0
#SusPed	434.609375	0	0
#SusPed	434.622396	40	0
#SusPed	434.908854	0	0
#SusPed	434.921875	42	0
#SusPed	435.109375	0	0
#SusPed	435.118490	50	0
#SofPed	435.359375	0	0
#SusPed	435.549479	0	0
#SusPed	435.555990	50	0
#SusPed	435.779948	0	0
#SusPed	435.785156	42	0
#SusPed	436.259115	0	0
#SusPed	436.273438	69	0
#SusPed	437.059896	0	0
#SusPed	437.067708	67	0
#SusPed	437.619792	0	0
#SusPed	437.626302	75	0
#SusPed	438.299479	0	0
#SusPed	438.308594	64	0
#SusPed	439.589844	0	0
#SusPed	439.595052	58	0
#SusPed	440.979167	0	0
#SusPed	440.990885	49	0
#SusPed	441.250000	0	0
#SusPed	441.263021	60	0
#SusPed	442.098958	0	0
#SusPed	442.104167	62	0
#SusPed	442.158854	0	0
#SusPed	442.165365	79	0
#SusPed	443.179688	0	0
#SusPed	443.194010	75	0
#SusPed	443.468750	0	0
#SusPed	443.475260	76	0
#SusPed	444.709635	0	0
#SusPed	444.717448	74	0
#SusPed	445.658854	0	0
#SusPed	445.665365	73	0
#SusPed	447.319010	0	0
#SusPed	447.326823	61	0
#SusPed	449.750000	0	0
#SusPed	449.760417	83	0
#SusPed	452.579427	0	0
#SusPed	452.584635	65	0
#SusPed	452.718750	0	0
#SusPed	452.727865	78	0
#SusPed	453.009115	0	0
#SusPed	453.014323	89	0
#SusPed	453.559896	0	0
#SusPed	453.571615	93	0
#SusPed	453.889323	0	0
#SusPed	453.897135	67	0
#SusPed	453.929688	0	0
#SusPed	453.944010	66	0
#SusPed	454.289062	0	0
#SusPed	454.303385	78	0
#SusPed	454.449219	0	0
#SusPed	454.455729	102	0
#SusPed	454.529948	0	0
#SusPed	454.542969	87	0
#SusPed	454.729167	0	0
#SusPed	454.743490	78	0
#SusPed	456.139323	0	0
#SusPed	456.151042	78	0
#SusPed	456.529948	0	0
#SusPed	456.535156	81	0
#SusPed	458.598958	0	0
#SusPed	458.606771	67	0
#SusPed	459.259115	0	0
#SusPed	459.266927	63	0
#SusPed	460.929688	0	0
#SusPed	460.944010	77	0
#SusPed	461.339844	0	0
#SusPed	461.354167	69	0
#SusPed	461.569010	0	0
#SusPed	461.578125	60	0
#SusPed	461.619792	0	0
#SusPed	461.625000	56	0
#SusPed	461.819010	0	0
#SusPed	461.833333	58	0
#SusPed	462.109375	0	0
#SusPed	462.117188	50	0
#SofPed	462.203125	79	0
#SofPed	462.289062	0	0
#SofPed	462.299479	66	0
#SusPed	462.348958	0	0
#SusPed	462.358073	50	0
#SofPed	462.399740	0	0
#SofPed	462.407552	64	0
#SofPed	462.489583	0	0
#SofPed	462.503906	62	0
#SusPed	462.699219	0	0
#SusPed	462.705729	38	0
#SofPed	462.729167	0	0
#SofPed	462.743490	47	0
#SofPed	462.929688	0	0
#SofPed	462.940104	65	0
#SofPed	463.029948	0	0
#SofPed	463.042969	67	0
#SusPed	463.059896	0	0
#SusPed	463.072917	83	0
#SusPed	463.309896	0	0
#SusPed	463.315104	84	0
#SofPed	463.319010	0	0
#SofPed	463.325521	63	0
#SofPed	463.378906	0	0
#SofPed	463.393229	64	0
#SusPed	463.468750	0	0
#SofPed	463.479167	0	0
#SusPed	463.484375	82	0
#SofPed	463.490885	72	0
#SusPed	463.509115	0	0
#SusPed	463.514323	75	0
#SusPed	463.549479	0	0
#SusPed	463.558594	63	0
#SusPed	463.649740	0	0
#SusPed	463.657552	55	0
#SofPed	463.739583	0	0
#SusPed	463.908854	0	0
#SusPed	463.920573	78	0
#SusPed	464.279948	0	0
#SusPed	464.286458	65	0
#SusPed	464.339844	0	0
#SusPed	464.350260	61	0
#SusPed	464.459635	0	0
#SusPed	464.468750	58	0
#SusPed	464.609375	0	0
#SusPed	464.623698	68	0
#SusPed	465.908854	0	0
#SusPed	465.919271	73	0
#SusPed	466.009115	0	0
#SusPed	466.018229	83	0
#SusPed	466.359375	0	0
#SusPed	466.365885	93	0
#SusPed	466.919271	0	0
#SusPed	466.933594	74	0
#SusPed	467.889323	0	0
#SusPed	467.903646	86	0
#SusPed	468.438802	0	0
#SusPed	468.453125	78	0
#SusPed	469.429688	0	0
#SusPed	469.434896	68	0
#SusPed	470.319010	0	0
#SusPed	470.330729	99	0
#SusPed	470.949219	0	0
#SusPed	470.962240	93	0
#SusPed	471.179688	0	0
#SusPed	471.186198	100	0
#SusPed	471.739583	0	0
#SusPed	471.744792	66	0
#SusPed	472.098958	0	0
#SusPed	472.113281	63	0
#SusPed	473.378906	0	0
#SusPed	473.388021	79	0
#SusPed	474.179688	0	0
#SusPed	474.186198	65	0
#SusPed	475.000000	0	0
#SusPed	475.005208	58	0
#SusPed	475.139323	0	0
#SusPed	475.149740	78	0
#SusPed	475.699219	0	0
#SusPed	475.707031	62	0
#SusPed	475.899740	0	0
#SusPed	475.906250	79	0
#SusPed	476.639323	0	0
#SusPed	476.651042	62	0
#SusPed	476.839844	0	0
#SusPed	476.851562	73	0
#SusPed	477.509115	0	0
#SusPed	477.518229	82	0
#SusPed	477.688802	0	0
#SusPed	477.695312	68	0
#SusPed	478.079427	0	0
#SusPed	478.084635	66	0
#SusPed	478.539062	0	0
#SusPed	478.550781	57	0
#SusPed	478.688802	0	0
#SusPed	478.699219	54	0
#SusPed	478.819010	0	0
#SusPed	478.832031	64	0
#SofPed	479.054688	96	0
#SofPed	479.519531	0	0
#SofPed	479.524740	87	0
#SofPed	479.949219	0	0
#SofPed	479.963542	61	0
#SofPed	480.299479	0	0
#SofPed	480.313802	59	0
#SofPed	480.489583	0	0
#SofPed	480.496094	57	0
#SofPed	480.609375	0	0
#SofPed	480.617188	54	0
#SofPed	481.839844	0	0
#SusPed	483.819010	0	0
#SusPed	483.830729	81	0
#SusPed	484.098958	0	0
#SusPed	484.113281	73	0
#SusPed	485.609375	0	0
#SusPed	485.614583	70	0
#SusPed	485.729167	0	0
#SusPed	485.740885	83	0
#SusPed	487.559896	0	0
#SusPed	487.565104	66	0
#SusPed	487.750000	0	0
#SusPed	487.763021	72	0
#SusPed	489.419271	0	0
#SusPed	489.430990	68	0
#SusPed	489.549479	0	0
#SusPed	489.557292	69	0
#SusPed	492.759115	0	0
#SusPed	492.770833	92	0
#SusPed	494.289062	0	0
#SusPed	494.295573	100	0
#SusPed	494.549479	0	0
#SusPed	494.559896	86	0
#SusPed	494.718750	0	0
#SusPed	494.723958	93	0
#SusPed	496.188802	0	0
#SusPed	496.195312	71	0
#SusPed	496.378906	0	0
#SusPed	496.388021	79	0
#SusPed	497.069010	0	0
#SusPed	497.083333	62	0
#SusPed	497.229167	0	0
#SusPed	497.243490	77	0
#SofPed	498.218750	77	0
#SusPed	498.789062	0	0
#SusPed	498.798177	76	0
#SusPed	500.069010	0	0
#SusPed	500.074219	74	0
#SusPed	500.819010	0	0
#SusPed	500.824219	81	0
#SusPed	501.739583	0	0
#SusPed	501.747396	67	0
#SusPed	502.098958	0	0
#SusPed	502.113281	76	0
#SofPed	502.500000	0	0
#SusPed	502.819010	0	0
#SusPed	502.830729	52	0
#SusPed	502.989583	0	0
#SusPed	503.000000	76	0
#SusPed	503.889323	0	0
#SusPed	503.897135	65	0
#SusPed	504.250000	0	0
#SusPed	504.260417	71	0
#SusPed	504.929688	0	0
#SusPed	504.938802	67	0
#SusPed	505.119792	0	0
#SusPed	505.131510	70	0
#SusPed	505.598958	0	0
#SusPed	505.608073	88	0
#SofPed	505.776042	65	0
#SofPed	505.829427	0	0
#SofPed	505.843750	64	0
#SusPed	506.829427	0	0
#SusPed	506.834635	60	0
#SusPed	507.128906	0	0
#SusPed	507.135417	73	0
#SusPed	507.468750	0	0
#SusPed	507.484375	79	0
#SofPed	507.539062	0	0
#SusPed	507.889323	0	0
#SusPed	507.895833	79	0
#SusPed	508.109375	0	0
#SusPed	508.117188	76	0
#SusPed	508.329427	0	0
#SusPed	508.342448	74	0
#SusPed	511.669271	0	0
#SusPed	511.682292	72	0
#SusPed	516.739583	0	0
#SusPed	516.753906	63	0
#SusPed	518.789062	0	0
#SusPed	518.803385	89	0
#SusPed	518.919271	0	0
#SusPed	518.929688	94	0
#SusPed	520.199219	0	0
#SusPed	520.213542	92	0
#SusPed	522.479167	0	0
#SusPed	522.484375	86	0
#SusPed	522.688802	0	0
#SusPed	522.701823	60	0
#SusPed	528.699219	0	0
