//Version: ScorePerfmMatch_v170503
// Score: /Users/toddywang/Documents/VsCodeProjects/xmltoexp/ATEPP-1.2/ATEPP-1.2/Ludwig_van_Beethoven/Piano_Sonata_No._17_in_D_Minor,_Op._31_No._2_"Tempest"/II._Adagio/score_hmm.txt
// Perfm: /Users/toddywang/Documents/VsCodeProjects/xmltoexp/ATEPP-1.2/ATEPP-1.2/Ludwig_van_Beethoven/Piano_Sonata_No._17_in_D_Minor,_Op._31_No._2_"Tempest"/II._Adagio/08341_spr.txt
0	0.733073	5.609375	Bb1	30	80	0	0	0	P1-1-4	0	0
1	1.027344	5.259115	F2	41	80	0	0	0	P1-1-5	0	-
2	1.264323	5.169271	Bb2	52	80	0	0	0	P1-1-6	0	-
3	1.442708	4.699219	D3	43	80	0	0	0	P1-1-7	0	-
4	1.600260	4.718750	F3	47	80	0	0	0	P1-1-8	0	-
5	1.843750	4.419271	Bb3	63	80	0	0	0	P1-1-9	0	-
6	6.320312	7.878906	D5	59	80	0	0	720	P1-2-1	0	-
7	7.750000	8.022135	Eb5	56	80	0	0	930	P1-2-2	0	-
8	8.032552	9.649740	F5	63	80	0	0	960	P1-2-3	0	-
9	9.776042	12.039062	Bb3	37	80	0	0	1200	P1-2-6	0	-
10	9.792969	11.149740	F3	37	80	0	0	1200	P1-2-5	0	-
11	9.802083	11.158854	D3	37	80	0	0	1200	P1-2-4	0	-
12	9.804688	11.128906	Bb2	36	80	0	0	1200	P1-2-11	0	-
13	9.807292	11.319010	Bb1	34	80	0	0	1200	P1-2-9	0	-
14	9.809896	15.649740	F2	36	80	0	0	1200	P1-2-10	0	-
15	11.869792	14.500000	A3	42	80	0	0	1440	P1-3-3	0	-
16	11.891927	15.000000	F3	37	80	0	0	1440	P1-3-2	0	-
17	11.898438	14.619792	Eb3	37	80	0	0	1440	P1-3-1	0	-
18	11.899740	15.299479	C3	31	80	0	0	1440	P1-3-6	0	-
19	16.220052	17.759115	A5	63	80	0	0	2160	P1-4-1	0	-
20	17.649740	17.895833	Bb5	59	80	0	0	2370	P1-4-2	0	-
21	17.906250	18.598958	C6	58	80	0	0	2400	P1-4-3	0	-
22	19.774740	22.339844	Eb4	49	80	0	0	2640	P1-4-5	0	-
23	19.790365	21.429688	F3	35	80	0	0	2640	P1-4-9	0	-
24	19.792969	21.169271	C4	38	80	0	0	2640	P1-4-4	0	-
25	19.804688	22.199219	A2	34	80	0	0	2640	P1-4-8	0	-
26	22.062500	24.609375	D4	40	80	0	0	2880	P1-5-2	0	-
27	22.085938	26.389323	Bb3	31	80	0	0	2880	P1-5-1	0	-
28	22.097656	26.309896	F3	29	80	0	0	2880	P1-5-14	0	-
29	22.111979	26.279948	Bb2	28	80	0	0	2880	P1-5-13	0	-
30	25.003906	25.309896	D4	27	80	0	0	3360	P1-5-3	0	-
31	25.218750	25.468750	F4	35	80	0	0	3390	P1-5-4	0	-
32	25.375000	25.442708	Eb4	42	80	0	0	3420	P1-5-5	0	-
33	25.492188	26.109375	D4	49	80	0	0	3450	P1-5-6	0	-
34	25.600260	25.677083	Eb4	51	80	0	0	3480	P1-5-7	0	-
35	25.723958	26.000000	F4	54	80	0	0	3510	P1-5-8	0	-
36	25.821615	25.912760	G4	59	80	0	0	3540	P1-5-9	0	-
37	25.942708	26.013021	A4	59	80	0	0	3570	P1-5-10	0	-
38	26.033854	26.209635	Bb4	64	80	0	0	3600	P1-5-11	0	-
39	26.128906	26.269531	C5	69	80	0	0	3630	P1-5-12	0	-
40	26.269531	27.589844	D5	70	80	0	0	3690	P1-6-1	0	-
41	27.444010	27.699219	Eb5	62	80	0	0	3900	P1-6-2	0	-
42	27.692708	29.408854	F5	69	80	0	0	3930	P1-6-3	0	-
43	29.420573	31.229167	F5	82	80	0	0	4170	P1-6-4	0	-
44	29.423177	31.429688	B3	62	80	0	0	4170	P1-6-8	0	-
45	29.434896	31.619792	D3	55	80	0	0	4170	P1-6-9	0	-
46	29.441406	31.378906	Ab4	74	80	0	0	4170	P1-6-5	0	-
47	31.444010	33.139323	F5	62	80	0	0	4410	P1-7-1	0	-
48	31.485677	33.709635	G4	41	80	0	0	4410	P1-7-6	0	-
49	31.498698	33.019531	B3	33	80	0	0	4410	P1-7-10	0	-
50	31.557292	33.750000	Eb3	26	80	0	0	4410	P1-7-15	0	-
51	32.934896	33.459635	Eb5	60	80	0	0	4650	P1-7-2	0	-
52	32.975260	33.699219	C4	33	80	0	0	4650	P1-7-11	0	-
53	33.694010	34.369792	D5	73	80	0	0	4770	P1-7-3	0	-
54	33.730469	34.348958	D4	53	80	0	0	4770	P1-7-12	0	-
55	33.733073	34.389323	F3	45	80	0	0	4770	P1-7-16	0	-
56	33.733073	34.109375	Bb4	55	80	0	0	4770	P1-7-7	0	-
57	34.457031	35.009115	C5	79	80	0	0	4890	P1-7-4	0	-
58	34.483073	35.029948	Bb4	71	80	0	0	4890	P1-7-8	0	-
59	34.490885	35.098958	Eb4	61	80	0	0	4890	P1-7-13	0	-
60	34.493490	35.128906	G3	53	80	0	0	4890	P1-7-17	0	-
61	35.283854	35.769531	C5	70	80	0	0	5010	P1-7-5	0	-
62	35.296875	35.779948	Bb4	67	80	0	0	5010	P1-7-9	0	-
63	35.298177	36.188802	E4	62	80	0	0	5010	P1-7-14	0	-
64	35.311198	36.309896	G3	49	80	0	0	5010	P1-7-18	0	-
65	36.156250	37.809896	Bb4	56	80	0	0	5130	P1-8-9	0	-
66	36.190104	36.317708	C5	54	80	0	0	5130	P1-8-1	0	-
67	36.195312	37.869792	E4	41	80	0	0	5130	P1-8-19	0	-
68	36.212240	39.468750	F3	31	80	0	0	5130	P1-8-23	0	-
69	36.343750	36.414062	D5	50	80	0	0	5145	P1-8-1	0	-
70	36.455729	36.496094	C5	49	80	0	0	5175	P1-8-14	0	-
71	36.520833	36.589844	D5	47	80	0	0	5190	P1-8-15	0	-
72	36.606771	36.673177	C5	58	80	0	0	5205	P1-8-16	0	-
73	36.714844	36.807292	B4	55	80	0	0	5220	P1-8-17	0	-
74	36.838542	36.954427	C5	57	80	0	0	5235	P1-8-18	0	-
75	36.994792	37.598958	D5	50	80	0	0	5250	P1-8-4	0	-
76	37.490885	37.899740	C5	48	80	0	0	5310	P1-8-5	0	-
77	38.125000	39.049479	C5	41	80	0	0	5370	P1-8-6	0	-
78	38.164062	39.098958	A4	28	80	0	0	5370	P1-8-10	0	-
79	38.180990	39.218750	F4	24	80	0	0	5370	P1-8-20	0	-
80	40.756510	41.263021	F3	42	80	0	0	5670	P1-8-26	0	-
81	41.186198	41.666667	G3	55	80	0	0	5730	P1-8-28	0	-
82	41.240885	42.179688	Eb3	42	80	0	0	5730	P1-8-27	0	-
83	41.563802	42.289062	A3	58	80	0	0	5790	P1-8-30	0	-
84	41.588542	42.188802	C3	42	80	0	0	5790	P1-8-29	0	-
85	42.100260	46.209635	Bb3	61	80	0	0	5850	P1-9-1	0	-
86	42.114583	46.188802	Bb2	52	80	0	0	5850	P1-9-2	0	-
87	42.125000	43.589844	D3	47	80	0	0	5850	P1-9-3	0	-
88	42.126302	46.179688	Bb1	44	80	0	0	5850	P1-9-10	0	-
89	43.593750	43.929688	C3	44	80	0	0	6060	P1-9-4	0	-
90	43.593750	44.049479	Eb3	42	80	0	0	6060	P1-9-5	0	-
91	43.878906	45.218750	F3	41	80	0	0	6090	P1-9-7	0	-
92	43.884115	45.279948	D3	40	80	0	0	6090	P1-9-6	0	-
93	45.595052	46.169271	D3	33	80	0	0	6330	P1-9-8	0	-
94	45.595052	46.139323	F3	34	80	0	0	6330	P1-9-9	0	-
95	47.483073	48.044271	D5	64	80	0	0	6570	P1-10-1	0	-
96	47.527344	50.049479	F3	29	80	0	0	6570	P1-10-13	0	-
97	47.536458	50.128906	D3	28	80	0	0	6570	P1-10-12	0	-
98	47.540365	50.269531	Bb2	31	80	0	0	6570	P1-10-11	0	-
99	48.058594	48.188802	Eb5	61	80	0	0	6660	P1-10-8	0	-
100	48.169271	48.235677	D5	67	80	0	0	6670	P1-10-9	0	-
101	48.260417	48.369792	C5	68	80	0	0	6680	P1-10-10	0	-
102	48.356771	48.975260	D5	65	80	0	0	6690	P1-10-2	0	-
103	49.005208	49.183594	Eb5	59	80	0	0	6780	P1-10-3	0	-
104	49.212240	49.938802	F5	57	80	0	0	6810	P1-10-4	0	-
105	50.996094	53.139323	Bb3	47	80	0	0	7050	P1-10-7	0	-
106	51.014323	53.209635	F3	37	80	0	0	7050	P1-10-6	0	-
107	51.023438	52.279948	D3	38	80	0	0	7050	P1-10-5	0	-
108	51.031250	52.699219	Bb2	34	80	0	0	7050	P1-10-15	0	-
109	51.033854	52.949219	Bb1	33	80	0	0	7050	P1-10-14	0	-
110	53.042969	57.209635	A3	56	80	0	0	7290	P1-11-1	0	-
111	53.084635	54.789062	Eb3	39	80	0	0	7290	P1-11-3	0	-
112	53.084635	55.009115	C3	36	80	0	0	7290	P1-11-2	0	-
113	53.084635	57.309896	F2	34	80	0	0	7290	P1-11-11	0	-
114	54.549479	54.949219	F3	35	80	0	0	7500	P1-11-5	0	-
115	54.561198	54.859375	D3	35	80	0	0	7500	P1-11-4	0	-
116	54.796875	56.049479	Gb3	37	80	0	0	7530	P1-11-7	0	-
117	54.802083	56.128906	Eb3	37	80	0	0	7530	P1-11-6	0	-
118	56.494792	57.339844	Gb3	34	80	0	0	7770	P1-11-9	0	-
119	56.505208	57.419271	Eb3	36	80	0	0	7770	P1-11-8	0	-
120	58.441406	59.049479	C6	59	80	0	0	8010	P1-12-1	0	-
121	58.450521	60.289062	F2	34	80	0	0	8010	P1-12-10	0	-
122	58.462240	58.468750	F3	31	80	0	0	8010	P1-12-12	0	-
123	58.466146	60.319010	Eb3	34	80	0	0	8010	P1-12-11	0	-
124	58.468750	59.348958	Gb3	32	80	0	0	8010	P1-12-12	0	-
125	59.031250	59.108073	D6	49	80	0	0	8100	P1-12-7	0	-
126	59.123698	59.175781	C6	61	80	0	0	8110	P1-12-8	0	-
127	59.208333	59.305990	B5	56	80	0	0	8120	P1-12-9	0	-
128	59.300781	60.000000	C6	64	80	0	0	8130	P1-12-2	0	-
129	59.924479	60.399740	D6	60	80	0	0	8220	P1-12-3	0	-
130	60.105469	61.509115	Eb6	64	80	0	0	8250	P1-12-4	0	-
131	61.957031	64.049479	Gb4	72	80	0	0	8490	P1-12-6	0	-
132	61.977865	63.619792	Eb4	63	80	0	0	8490	P1-12-5	0	-
133	61.985677	65.128906	C4	57	80	0	0	8490	P1-12-15	0	-
134	61.986979	63.399740	Bb3	65	80	0	0	8490	P1-12-14	0	-
135	63.924479	67.500000	F4	55	80	0	0	8730	P1-13-1	0	-
136	63.996094	64.908854	A3	31	80	0	0	8730	P1-13-6	0	-
137	64.003906	64.846354	Eb4	33	80	0	0	8730	P1-13-2	0	-
138	65.317708	65.750000	D4	31	80	0	0	8940	P1-13-9	0	-
139	65.334635	65.688802	B3	33	80	0	0	8940	P1-13-8	0	-
140	65.566406	66.438802	Eb4	41	80	0	0	8970	P1-13-11	0	-
141	65.569010	66.799479	C4	33	80	0	0	8970	P1-13-10	0	-
142	67.244792	68.188802	Eb4	35	80	0	0	9210	P1-13-13	0	-
143	67.272135	68.188802	C4	27	80	0	0	9210	P1-13-12	0	-
144	69.166667	69.755208	C6	58	80	0	0	9450	P1-14-1	0	-
145	69.204427	71.688802	Eb4	33	80	0	0	9450	P1-14-10	0	-
146	69.212240	71.628906	F3	31	80	0	0	9450	P1-14-15	0	-
147	69.213542	71.549479	C4	31	80	0	0	9450	P1-14-12	0	-
148	69.772135	69.855469	D6	54	80	0	0	9540	P1-14-7	0	-
149	69.872396	69.949219	C6	52	80	0	0	9550	P1-14-8	0	-
150	69.930990	70.033854	B5	56	80	0	0	9560	P1-14-9	0	-
151	70.022135	70.859375	C6	59	80	0	0	9570	P1-14-2	0	-
152	70.683594	70.855469	D6	46	80	0	0	9660	P1-14-3	0	-
153	70.854167	71.619792	Eb6	48	80	0	0	9690	P1-14-4	0	-
154	70.882812	71.649740	A3	30	80	0	0	9690	P1-14-13	0	-
155	72.839844	75.309896	Eb5	63	80	0	0	9930	P1-14-6	0	-
156	72.885417	75.609375	A4	39	80	0	0	9930	P1-14-5	0	-
157	72.904948	74.109375	Eb4	32	80	0	0	9930	P1-14-11	0	-
158	72.912760	74.539062	C4	28	80	0	0	9930	P1-14-14	0	-
159	72.914062	75.299479	F#3	28	80	0	0	9930	P1-14-16	0	-
160	75.225260	76.378906	D5	42	80	0	0	10170	P1-15-2	0	-
161	75.248698	76.049479	Bb4	29	80	0	0	10170	P1-15-1	0	-
162	75.266927	76.128906	D4	16	80	0	0	10170	P1-15-12	0	-
163	75.290365	76.319010	Bb3	16	80	0	0	10170	P1-15-11	0	-
164	77.328125	81.069010	G5	95	80	0	0	10410	P1-15-4	0	-
165	78.906250	79.229167	Db4	89	80	0	0	10650	P1-15-17	0	-
166	78.910156	79.259115	Bb4	92	80	0	0	10650	P1-15-7	0	-
167	78.910156	79.158854	E3	82	80	0	0	10650	P1-15-15	0	-
168	78.911458	79.218750	G4	88	80	0	0	10650	P1-15-6	0	-
169	78.911458	79.209635	Bb3	92	80	0	0	10650	P1-15-16	0	-
170	78.912760	79.229167	Db5	89	80	0	0	10650	P1-15-8	0	-
171	81.091146	83.628906	F5	69	80	0	0	10890	P1-16-1	0	-
172	82.837240	83.269531	D5	34	80	0	0	11130	P1-16-6	0	-
173	82.837240	83.429688	Bb4	30	80	0	0	11130	P1-16-5	0	-
174	82.845052	83.044271	F3	24	80	0	0	11130	P1-16-13	0	-
175	82.847656	83.046875	Bb3	26	80	0	0	11130	P1-16-14	0	-
176	82.852865	83.031250	D4	24	80	0	0	11130	P1-16-15	0	-
177	84.493490	84.919271	A4	41	80	0	0	11370	P1-16-10	0	-
178	84.516927	84.869792	Eb4	32	80	0	0	11370	P1-16-9	0	-
179	84.519531	84.878906	F2	29	80	0	0	11370	P1-16-17	0	-
180	84.522135	84.878906	F3	27	80	0	0	11370	P1-16-18	0	-
181	84.522135	84.869792	C4	26	80	0	0	11370	P1-16-8	0	-
182	86.244792	86.537760	Bb4	31	80	0	0	11610	P1-17-3	0	-
183	86.256510	86.829427	Bb3	27	80	0	0	11610	P1-17-1	0	-
184	86.281250	86.535156	D4	25	80	0	0	11610	P1-17-2	0	-
185	86.283854	86.520833	Bb2	26	80	0	0	11610	P1-17-8	0	-
186	86.287760	86.639323	Bb1	24	80	0	0	11610	P1-17-7	0	-
187	87.580729	87.750000	Bb2	35	80	0	0	11790	P1-17-10	0	-
188	87.678385	87.763021	Bb1	45	80	0	0	11810	P1-17-11	0	-
189	87.803385	87.959635	Bb2	31	80	0	0	11830	P1-17-12	0	-
190	87.901042	88.139323	Bb1	32	80	0	0	11850	P1-17-13	0	-
191	89.102865	89.164062	Bb2	45	80	0	0	12030	P1-17-15	0	-
192	89.217448	89.339844	Bb1	38	80	0	0	12050	P1-17-16	0	-
193	89.279948	89.509115	Bb2	46	80	0	0	12070	P1-17-17	0	-
194	89.416667	89.789062	Bb1	31	80	0	0	12090	P1-17-18	0	-
195	90.795573	90.868490	Bb2	36	80	0	0	12270	P1-17-20	0	-
196	90.895833	90.981771	Bb1	41	80	0	0	12290	P1-17-21	0	-
197	91.015625	91.131510	Bb2	36	80	0	0	12310	P1-17-22	0	-
198	91.184896	92.859375	Eb4	63	80	0	0	12330	P1-18-3	0	-
199	91.217448	92.669271	Bb3	48	80	0	0	12330	P1-18-2	0	-
200	91.223958	91.229167	Bb1	41	80	0	0	12330	P1-18-10	0	-
201	91.223958	92.688802	G3	45	80	0	0	12330	P1-18-1	0	-
202	91.223958	91.769531	Bb2	43	80	0	0	12330	P1-18-2	0	-
203	92.703125	94.429688	D4	62	80	0	0	12570	P1-18-6	0	-
204	92.734375	94.369792	F3	44	80	0	0	12570	P1-18-4	0	-
205	92.744792	94.250000	Bb3	43	80	0	0	12570	P1-18-5	0	-
206	94.240885	95.968750	C#4	55	80	0	0	12810	P1-18-9	0	-
207	94.255208	95.739583	E3	40	80	0	0	12810	P1-18-7	0	-
208	94.264323	95.979167	Bb3	45	80	0	0	12810	P1-18-9	0	-
209	95.979167	97.718750	C#4	43	80	0	0	13050	P1-19-3	0	-
210	95.984375	97.429688	E3	39	80	0	0	13050	P1-19-1	0	-
211	95.984375	98.479167	Bb3	42	80	0	0	13050	P1-19-3	0	-
212	97.304688	97.509115	Bb2	40	80	0	0	13230	P1-19-11	0	-
213	97.445312	97.658854	Bb1	31	80	0	0	13250	P1-19-12	0	-
214	97.522135	97.658854	Bb2	37	80	0	0	13270	P1-19-13	0	-
215	97.664062	99.729167	D4	41	80	0	0	13290	P1-19-6	0	-
216	97.666667	98.279948	Bb1	29	80	0	0	13290	P1-19-14	0	-
217	97.671875	98.109375	Bb2	30	80	0	0	13290	P1-19-14	0	-
218	97.674479	98.319010	F3	29	80	0	0	13290	P1-19-4	0	-
219	98.795573	98.876302	Bb2	40	80	0	0	13470	P1-19-16	0	-
220	98.917969	99.069010	Bb1	31	80	0	0	13490	P1-19-17	0	-
221	99.003906	99.093750	Bb2	39	80	0	0	13510	P1-19-18	0	-
222	99.143229	99.609375	Bb1	26	80	0	0	13530	P1-19-19	0	-
223	100.311198	100.386719	Bb2	43	80	0	0	13710	P1-19-21	0	-
224	100.424479	100.511719	Bb1	36	80	0	0	13730	P1-19-22	0	-
225	100.544271	100.708333	Bb2	40	80	0	0	13750	P1-19-23	0	-
226	100.731771	101.914062	C4	52	80	0	0	13770	P1-20-10	0	-
227	100.743490	103.628906	Eb3	47	80	0	0	13770	P1-20-1	0	-
228	100.751302	104.139323	G3	48	80	0	0	13770	P1-20-2	0	-
229	101.911458	102.082031	D4	52	80	0	0	13920	P1-20-12	0	-
230	102.088542	102.283854	C4	60	80	0	0	13950	P1-20-13	0	-
231	102.274740	102.549479	B3	70	80	0	0	13980	P1-20-14	0	-
232	102.496094	103.658854	C4	64	80	0	0	14010	P1-20-6	0	-
233	103.207031	104.348958	Eb4	71	80	0	0	14130	P1-20-7	0	-
234	104.000000	105.218750	C4	57	80	0	0	14250	P1-20-8	0	-
235	104.013021	105.408854	Eb3	50	80	0	0	14250	P1-20-3	0	-
236	104.014323	107.369792	Gb3	49	80	0	0	14250	P1-20-4	0	-
237	104.929688	105.429688	A3	51	80	0	0	14370	P1-20-9	0	-
238	105.815104	107.468750	C4	39	80	0	0	14490	P1-21-4	0	-
239	105.820312	107.289062	A3	40	80	0	0	14490	P1-21-3	0	-
240	105.824219	106.979167	Eb3	40	80	0	0	14490	P1-21-1	0	-
241	107.298177	107.500000	Bb2	38	80	0	0	14670	P1-21-12	0	-
242	107.414062	108.399740	Bb1	37	80	0	0	14690	P1-21-13	0	-
243	107.513021	108.348958	Bb2	33	80	0	0	14710	P1-21-14	0	-
244	107.666667	109.109375	Bb3	38	80	0	0	14730	P1-21-7	0	-
245	107.697917	108.369792	D3	29	80	0	0	14730	P1-21-5	0	-
246	107.700521	108.408854	F3	29	80	0	0	14730	P1-21-6	0	-
247	108.915365	108.984375	Bb2	38	80	0	0	14910	P1-21-17	0	-
248	109.016927	109.085938	Bb1	40	80	0	0	14930	P1-21-18	0	-
249	109.121094	109.539062	Bb2	35	80	0	0	14950	P1-21-19	0	-
250	109.246094	109.507812	Bb1	29	80	0	0	14970	P1-21-20	0	-
251	110.445312	110.514323	Bb2	40	80	0	0	15150	P1-21-22	0	-
252	110.562500	110.632812	Bb1	33	80	0	0	15170	P1-21-23	0	-
253	110.667969	110.778646	Bb2	39	80	0	0	15190	P1-21-24	0	-
254	110.848958	111.000000	Bb2	37	80	0	0	15190	P1-21-24	0	-
255	110.848958	112.169271	Bb4	69	80	0	0	15210	P1-22-2	0	-
256	110.852865	110.878906	Bb1	39	80	0	0	15210	P1-22-9	0	-
257	110.886719	111.089844	Bb1	37	80	0	0	15210	P1-22-9	0	-
258	110.902344	112.188802	D4	43	80	0	0	15210	P1-22-1	0	-
259	112.311198	113.769531	G4	70	80	0	0	15450	P1-22-5	0	-
260	112.343750	113.718750	Bb3	58	80	0	0	15450	P1-22-3	0	-
261	112.345052	113.378906	D4	52	80	0	0	15450	P1-22-4	0	-
262	113.733073	115.259115	F4	66	80	0	0	15690	P1-22-8	0	-
263	113.744792	114.809896	A3	55	80	0	0	15690	P1-22-6	0	-
264	113.751302	114.899740	D4	57	80	0	0	15690	P1-22-7	0	-
265	115.958333	117.688802	E4	36	80	0	0	15930	P1-23-3	0	-
266	115.984375	117.739583	C4	27	80	0	0	15930	P1-23-2	0	-
267	115.985677	117.500000	G3	27	80	0	0	15930	P1-23-1	0	-
268	117.020833	117.199219	C3	31	80	0	0	16110	P1-23-15	0	-
269	117.128906	117.250000	C2	38	80	0	0	16130	P1-23-16	0	-
270	117.213542	117.389323	C3	37	80	0	0	16150	P1-23-17	0	-
271	117.338542	117.539062	C2	35	80	0	0	16170	P1-23-18	0	-
272	117.996094	118.699219	E4	45	80	0	0	16290	P1-23-6	0	-
273	118.003906	118.658854	G3	39	80	0	0	16290	P1-23-4	0	-
274	118.014323	118.589844	C4	35	80	0	0	16290	P1-23-5	0	-
275	118.376302	118.519531	C6	41	80	0	0	16350	P1-23-20	0	-
276	118.480469	118.609375	C5	36	80	0	0	16370	P1-23-21	0	-
277	118.526042	118.669271	C6	56	80	0	0	16390	P1-23-22	0	-
278	118.675781	119.339844	F4	48	80	0	0	16410	P1-23-9	0	-
279	118.679688	119.039062	A3	46	80	0	0	16410	P1-23-7	0	-
280	118.691406	119.259115	C4	44	80	0	0	16410	P1-23-8	0	-
281	119.281250	119.769531	G4	53	80	0	0	16530	P1-23-12	0	-
282	119.316406	119.769531	C4	32	80	0	0	16530	P1-23-11	0	-
283	119.324219	119.750000	Bb3	39	80	0	0	16530	P1-23-10	0	-
284	120.022135	121.529948	G4	47	80	0	0	16650	P1-24-3	0	-
285	120.031250	121.769531	C4	40	80	0	0	16650	P1-24-2	0	-
286	120.032552	120.669271	Bb3	39	80	0	0	16650	P1-24-1	0	-
287	121.036458	121.718750	E4	43	80	0	0	16830	P1-24-6	0	-
288	121.071615	121.378906	G#3	38	80	0	0	16830	P1-24-4	0	-
289	121.084635	121.259115	C3	31	80	0	0	16830	P1-24-21	0	-
290	121.169271	121.718750	C2	38	80	0	0	16850	P1-24-22	0	-
291	121.270833	121.658854	C3	42	80	0	0	16870	P1-24-23	0	-
292	121.411458	121.713542	F4	42	80	0	0	16890	P1-24-9	0	-
293	121.433594	121.714844	A3	36	80	0	0	16890	P1-24-7	0	-
294	122.114583	122.628906	F4	54	80	0	0	17010	P1-24-12	0	-
295	122.164062	122.500000	A3	43	80	0	0	17010	P1-24-10	0	-
296	122.164062	122.519531	C4	46	80	0	0	17010	P1-24-11	0	-
297	122.524740	122.628906	C6	48	80	0	0	17070	P1-24-26	0	-
298	122.531250	122.639323	C4	32	80	0	0	17090	P1-24-27	0	-
299	122.614583	122.699219	C5	50	80	0	0	17090	P1-24-27	0	-
300	122.694010	122.809896	C6	47	80	0	0	17110	P1-24-28	0	-
301	122.768229	123.438802	G4	63	80	0	0	17130	P1-24-15	0	-
302	122.805990	123.359375	E4	50	80	0	0	17130	P1-24-14	0	-
303	122.807292	123.119792	C5	55	80	0	0	17130	P1-24-29	0	-
304	122.812500	123.188802	C4	44	80	0	0	17130	P1-24-13	0	-
305	123.394531	123.949219	A4	66	80	0	0	17250	P1-24-18	0	-
306	123.440104	123.949219	F4	40	80	0	0	17250	P1-24-17	0	-
307	123.441406	123.938802	C4	36	80	0	0	17250	P1-24-16	0	-
308	124.134115	125.489583	A4	62	80	0	0	17370	P1-25-2	0	-
309	124.186198	125.878906	C4	39	80	0	0	17370	P1-25-16	0	-
310	124.191406	125.199219	F4	42	80	0	0	17370	P1-25-1	0	-
311	125.117188	125.424479	F#4	51	80	0	0	17550	P1-25-4	0	-
312	125.126302	125.190104	C3	37	80	0	0	17550	P1-25-20	0	-
313	125.136719	125.509115	D#4	45	80	0	0	17550	P1-25-3	0	-
314	125.234375	125.408854	C2	40	80	0	0	17570	P1-25-21	0	-
315	125.325521	125.500000	C3	38	80	0	0	17590	P1-25-22	0	-
316	125.453125	125.752604	G4	49	80	0	0	17610	P1-25-6	0	-
317	125.464844	125.688802	C2	36	80	0	0	17610	P1-25-23	0	-
318	125.473958	125.743490	E4	45	80	0	0	17610	P1-25-5	0	-
319	126.136719	126.819010	G4	60	80	0	0	17730	P1-25-9	0	-
320	126.167969	126.829427	E4	46	80	0	0	17730	P1-25-8	0	-
321	126.178385	126.769531	C4	38	80	0	0	17730	P1-25-7	0	-
322	126.531250	126.658854	C6	56	80	0	0	17790	P1-25-25	0	-
323	126.643229	126.750000	C5	51	80	0	0	17810	P1-25-26	0	-
324	126.713542	126.809896	C6	60	80	0	0	17830	P1-25-27	0	-
325	126.804688	127.468750	A4	71	80	0	0	17850	P1-25-12	0	-
326	126.825521	127.479167	F4	55	80	0	0	17850	P1-25-11	0	-
327	126.828125	127.279948	C4	47	80	0	0	17850	P1-25-10	0	-
328	127.423177	127.960938	Bb4	85	80	0	0	17970	P1-25-15	0	-
329	127.446615	127.979167	G4	61	80	0	0	17970	P1-25-14	0	-
330	127.454427	128.000000	C4	48	80	0	0	17970	P1-25-13	0	-
331	128.121094	129.250000	Bb4	90	80	0	0	18090	P1-26-2	0	-
332	128.144531	129.279948	G4	64	80	0	0	18090	P1-26-1	0	-
333	128.144531	129.919271	C4	51	80	0	0	18090	P1-26-18	0	-
334	129.144531	129.569010	G#4	77	80	0	0	18270	P1-26-4	0	-
335	129.171875	129.309896	C3	56	80	0	0	18270	P1-26-22	0	-
336	129.183594	129.489583	E4	49	80	0	0	18270	P1-26-3	0	-
337	129.272135	129.438802	C2	56	80	0	0	18290	P1-26-23	0	-
338	129.367188	129.519531	C3	51	80	0	0	18310	P1-26-24	0	-
339	129.510417	130.039062	A4	72	80	0	0	18330	P1-26-6	0	-
340	129.516927	130.000000	F4	67	80	0	0	18330	P1-26-5	0	-
341	129.522135	129.759115	C2	51	80	0	0	18330	P1-26-25	0	-
342	129.528646	129.799479	C3	51	80	0	0	18330	P1-26-25	0	-
343	130.204427	130.579427	A4	81	80	0	0	18450	P1-26-9	0	-
344	130.209635	130.679688	F4	79	80	0	0	18450	P1-26-8	0	-
345	130.213542	130.529948	C4	70	80	0	0	18450	P1-26-7	0	-
346	130.584635	130.729167	C6	77	80	0	0	18510	P1-26-27	0	-
347	130.694010	130.753906	C5	79	80	0	0	18530	P1-26-28	0	-
348	130.764323	130.938802	C6	76	80	0	0	18550	P1-26-29	0	-
349	130.854167	131.299479	B4	88	80	0	0	18570	P1-26-13	0	-
350	130.868490	131.529948	C5	90	80	0	0	18570	P1-26-30	0	-
351	130.875000	131.479167	Ab4	80	80	0	0	18570	P1-26-12	0	-
352	130.875000	131.459635	D4	70	80	0	0	18570	P1-26-10	0	-
353	130.876302	131.459635	F4	69	80	0	0	18570	P1-26-11	0	-
354	131.591146	132.049479	B4	85	80	0	0	18690	P1-26-17	0	-
355	131.598958	132.209635	Ab4	82	80	0	0	18690	P1-26-16	0	-
356	131.602865	132.279948	D4	72	80	0	0	18690	P1-26-14	0	-
357	131.606771	132.209635	F4	73	80	0	0	18690	P1-26-15	0	-
358	131.976562	132.115885	C6	87	80	0	0	18750	P1-26-32	0	-
359	132.083333	132.239583	C5	78	80	0	0	18770	P1-26-33	0	-
360	132.218750	132.276042	C6	77	80	0	0	18790	P1-26-34	0	-
361	132.604167	133.688802	C5	73	80	0	0	18810	P1-27-3	0	-
362	132.651042	133.079427	G4	54	80	0	0	18810	P1-27-2	0	-
363	132.656250	133.098958	E4	52	80	0	0	18810	P1-27-1	0	-
364	133.384115	134.459635	G4	74	80	0	0	18930	P1-27-6	0	-
365	133.416667	134.449219	E4	54	80	0	0	18930	P1-27-5	0	-
366	133.424479	134.479167	C4	45	80	0	0	18930	P1-27-4	0	-
367	133.774740	133.919271	C3	55	80	0	0	18990	P1-27-18	0	-
368	133.897135	133.951823	C2	47	80	0	0	19020	P1-27-19	0	-
369	134.095052	134.279948	C3	42	80	0	0	19050	P1-27-20	0	-
370	134.781250	135.533854	G4	63	80	0	0	19170	P1-27-9	0	-
371	134.809896	135.179688	C4	38	80	0	0	19170	P1-27-7	0	-
372	134.813802	135.549479	E4	42	80	0	0	19170	P1-27-8	0	-
373	135.191406	135.399740	C6	60	80	0	0	19230	P1-27-22	0	-
374	135.194010	135.709635	C4	30	80	0	0	19260	P1-27-23	0	-
375	135.322917	135.699219	C5	46	80	0	0	19260	P1-27-23	0	-
376	135.544271	136.579427	B4	52	80	0	0	19290	P1-27-12	0	-
377	135.552083	135.769531	C6	59	80	0	0	19290	P1-27-24	0	-
378	135.552083	136.119792	F4	42	80	0	0	19290	P1-27-11	0	-
379	135.553385	136.098958	D4	38	80	0	0	19290	P1-27-10	0	-
380	136.322917	136.949219	G4	45	80	0	0	19410	P1-27-15	0	-
381	136.342448	136.679688	D4	31	80	0	0	19410	P1-27-13	0	-
382	136.343750	136.729167	F4	36	80	0	0	19410	P1-27-14	0	-
383	137.154948	138.789062	C5	76	80	0	0	19530	P1-28-3	0	-
384	137.184896	137.679688	E4	56	80	0	0	19530	P1-28-2	0	-
385	137.187500	137.649740	C4	44	80	0	0	19530	P1-28-1	0	-
386	137.966146	139.009115	G4	67	80	0	0	19650	P1-28-6	0	-
387	137.985677	138.989583	E4	60	80	0	0	19650	P1-28-5	0	-
388	137.993490	138.869792	C4	52	80	0	0	19650	P1-28-4	0	-
389	138.350260	138.425781	C3	48	80	0	0	19710	P1-28-18	0	-
390	138.479167	138.619792	C2	53	80	0	0	19740	P1-28-19	0	-
391	138.670573	138.772135	C3	40	80	0	0	19770	P1-28-20	0	-
392	139.343750	140.106771	G4	61	80	0	0	19890	P1-28-9	0	-
393	139.372396	140.119792	E4	47	80	0	0	19890	P1-28-8	0	-
394	139.373698	140.119792	C4	42	80	0	0	19890	P1-28-7	0	-
395	139.781250	139.871094	C6	53	80	0	0	19950	P1-28-22	0	-
396	139.914062	140.359375	C5	49	80	0	0	19980	P1-28-23	0	-
397	140.109375	140.908854	B4	55	80	0	0	20010	P1-28-12	0	-
398	140.115885	140.378906	C6	60	80	0	0	20010	P1-28-24	0	-
399	140.130208	140.539062	D4	38	80	0	0	20010	P1-28-10	0	-
400	140.134115	140.688802	F4	40	80	0	0	20010	P1-28-11	0	-
401	140.928385	141.399740	G4	41	80	0	0	20130	P1-28-15	0	-
402	140.945312	141.250000	D4	28	80	0	0	20130	P1-28-13	0	-
403	140.945312	141.348958	F4	32	80	0	0	20130	P1-28-14	0	-
404	141.802083	142.102865	C5	50	80	0	0	20250	P1-29-3	0	-
405	141.834635	142.106771	E4	42	80	0	0	20250	P1-29-2	0	-
406	141.837240	142.119792	C4	31	80	0	0	20250	P1-29-1	0	-
407	142.609375	144.319010	G4	47	80	0	0	20370	P1-29-6	0	-
408	142.627604	143.589844	E4	39	80	0	0	20370	P1-29-5	0	-
409	142.631510	143.579427	C4	34	80	0	0	20370	P1-29-4	0	-
410	142.996094	143.158854	C3	31	80	0	0	20430	P1-29-15	0	-
411	143.135417	143.259115	C2	42	80	0	0	20460	P1-29-16	0	-
412	143.361979	144.079427	C3	33	80	0	0	20490	P1-29-17	0	-
413	144.093750	146.339844	E4	38	80	0	0	20610	P1-29-9	0	-
414	144.114583	145.098958	G3	31	80	0	0	20610	P1-29-7	0	-
415	144.128906	145.139323	C4	25	80	0	0	20610	P1-29-8	0	-
416	144.475260	144.598958	C3	30	80	0	0	20670	P1-29-19	0	-
417	144.645833	144.869792	C2	26	80	0	0	20700	P1-29-20	0	-
418	144.871094	145.389323	C3	30	80	0	0	20730	P1-29-21	0	-
419	145.661458	146.859375	C4	29	80	0	0	20850	P1-29-12	0	-
420	145.675781	146.739583	E3	26	80	0	0	20850	P1-29-10	0	-
421	145.680990	146.759115	G3	27	80	0	0	20850	P1-29-11	0	-
422	146.072917	146.250000	C3	27	80	0	0	20910	P1-29-23	0	-
423	146.226562	146.569010	C2	26	80	0	0	20940	P1-29-24	0	-
424	146.493490	146.750000	C3	26	80	0	0	20970	P1-30-13	0	-
425	147.436198	148.419271	C4	46	80	0	0	21090	P1-30-14	0	-
426	148.307292	149.289062	B3	64	80	0	0	21210	P1-30-15	0	-
427	149.166667	150.739583	C4	76	80	0	0	21330	P1-30-19	0	-
428	149.195312	150.054688	Bb3	63	80	0	0	21330	P1-30-16	0	-
429	149.971354	150.929688	A3	68	80	0	0	21450	P1-30-17	0	-
430	150.402344	150.779948	D4	67	80	0	0	21510	P1-30-7	0	-
431	150.643229	150.902344	E4	79	80	0	0	21540	P1-30-8	0	-
432	150.897135	152.188802	Bb3	63	80	0	0	21570	P1-30-20	0	-
433	150.901042	151.250000	F4	68	80	0	0	21570	P1-30-9	0	-
434	150.904948	151.949219	G3	62	80	0	0	21570	P1-30-18	0	-
435	151.153646	151.459635	G4	83	80	0	0	21600	P1-30-10	0	-
436	151.401042	151.819010	A4	78	80	0	0	21630	P1-30-11	0	-
437	151.733073	152.639323	Bb4	82	80	0	0	21660	P1-30-12	0	-
438	152.484375	155.688802	C5	68	80	0	0	21690	P1-31-1	0	-
439	153.305990	154.479167	F3	31	80	0	0	21810	P1-31-10	0	-
440	154.069010	155.500000	F4	34	80	0	0	21930	P1-31-7	0	-
441	154.075521	155.000000	C4	30	80	0	0	21930	P1-31-12	0	-
442	154.115885	155.119792	A3	26	80	0	0	21930	P1-31-11	0	-
443	154.819010	155.569010	F3	30	80	0	0	22050	P1-31-13	0	-
444	155.397135	156.049479	A4	59	80	0	0	22140	P1-31-3	0	-
445	155.690104	157.699219	F5	70	80	0	0	22170	P1-31-4	0	-
446	155.742188	158.229167	F4	37	80	0	0	22170	P1-31-8	0	-
447	155.761719	157.279948	D4	27	80	0	0	22170	P1-31-15	0	-
448	155.765625	157.250000	Bb3	28	80	0	0	22170	P1-31-14	0	-
449	156.509115	157.569010	F3	29	80	0	0	22290	P1-31-16	0	-
450	157.087240	157.569010	D5	58	80	0	0	22380	P1-31-5	0	-
451	157.421875	160.369792	C5	69	80	0	0	22410	P1-32-1	0	-
452	157.463542	158.399740	C4	30	80	0	0	22410	P1-32-11	0	-
453	157.464844	158.459635	A3	32	80	0	0	22410	P1-32-10	0	-
454	158.221354	159.089844	F3	30	80	0	0	22530	P1-32-12	0	-
455	158.925781	160.419271	F4	35	80	0	0	22650	P1-32-7	0	-
456	158.945312	160.179688	A3	25	80	0	0	22650	P1-32-13	0	-
457	158.946615	159.839844	C4	25	80	0	0	22650	P1-32-14	0	-
458	159.679688	160.609375	F3	32	80	0	0	22770	P1-32-15	0	-
459	160.243490	160.613281	A4	60	80	0	0	22860	P1-32-3	0	-
460	160.541667	162.289062	Bb4	70	80	0	0	22890	P1-32-4	0	-
461	160.572917	161.589844	D3	37	80	0	0	22890	P1-32-16	0	-
462	160.591146	161.609375	F4	43	80	0	0	22890	P1-32-8	0	-
463	161.305990	162.269531	D4	32	80	0	0	23010	P1-32-9	0	-
464	161.311198	161.809896	Bb2	29	80	0	0	23010	P1-32-17	0	-
465	161.886719	162.309896	G4	57	80	0	0	23100	P1-32-5	0	-
466	162.223958	165.649740	F4	56	80	0	0	23130	P1-33-1	0	-
467	162.263021	162.658854	C3	30	80	0	0	23130	P1-33-10	0	-
468	162.269531	162.688802	C2	29	80	0	0	23130	P1-33-10	0	-
469	163.054688	163.908854	A3	47	80	0	0	23250	P1-33-7	0	-
470	163.063802	164.098958	C3	42	80	0	0	23250	P1-33-11	0	-
471	163.882812	164.889323	C4	41	80	0	0	23370	P1-33-8	0	-
472	163.924479	165.029948	A3	33	80	0	0	23370	P1-33-13	0	-
473	163.929688	165.089844	F3	31	80	0	0	23370	P1-33-12	0	-
474	164.695312	166.188802	C3	33	80	0	0	23490	P1-33-14	0	-
475	165.524740	166.052083	A4	49	80	0	0	23610	P1-33-2	0	-
476	165.585938	166.279948	G3	27	80	0	0	23610	P1-33-16	0	-
477	165.585938	166.929688	C4	26	80	0	0	23610	P1-33-9	0	-
478	165.602865	166.454427	E3	27	80	0	0	23610	P1-33-15	0	-
479	166.075521	166.430990	G4	50	80	0	0	23670	P1-33-3	0	-
480	166.471354	166.873698	F4	45	80	0	0	23730	P1-33-4	0	-
481	166.476562	167.429688	C3	30	80	0	0	23730	P1-33-17	0	-
482	166.847656	167.069010	G4	53	80	0	0	23790	P1-33-5	0	-
483	167.338542	169.158854	G4	44	80	0	0	23850	P1-34-1	0	-
484	167.372396	169.239583	C4	30	80	0	0	23850	P1-34-13	0	-
485	167.375000	169.899740	F2	31	80	0	0	23850	P1-34-21	0	-
486	167.380208	167.519531	F3	29	80	0	0	23850	P1-34-15	0	-
487	167.386719	168.968750	E3	31	80	0	0	23850	P1-34-15	0	-
488	168.223958	169.279948	C3	40	80	0	0	23970	P1-34-16	0	-
489	168.914062	169.229167	G#4	46	80	0	0	24060	P1-34-2	0	-
490	169.196615	171.389323	A4	41	80	0	0	24090	P1-34-3	0	-
491	169.250000	170.250000	C4	25	80	0	0	24090	P1-34-3	0	-
492	169.253906	169.750000	F3	28	80	0	0	24090	P1-34-17	0	-
493	170.131510	171.026042	A2	48	80	0	0	24210	P1-34-18	0	-
494	170.944010	171.743490	Bb2	60	80	0	0	24330	P1-34-19	0	-
495	171.156250	171.236979	C4	53	80	0	0	24360	P1-34-6	0	-
496	171.354167	171.427083	D4	64	80	0	0	24390	P1-34-7	0	-
497	171.532552	171.588542	E4	76	80	0	0	24420	P1-34-8	0	-
498	171.743490	172.929688	G2	53	80	0	0	24450	P1-34-20	0	-
499	171.743490	171.835938	F4	73	80	0	0	24450	P1-34-9	0	-
500	171.953125	172.079427	G4	82	80	0	0	24480	P1-34-10	0	-
501	172.167969	172.235677	A4	80	80	0	0	24510	P1-34-11	0	-
502	172.407552	174.509115	Bb4	85	80	0	0	24540	P1-34-12	0	-
503	172.859375	176.109375	C5	70	80	0	0	24570	P1-35-1	0	-
504	172.863281	173.419271	F2	37	80	0	0	24570	P1-35-9	0	-
505	173.665365	174.649740	F3	37	80	0	0	24690	P1-35-10	0	-
506	174.011719	174.628906	E4	51	80	0	0	24750	P1-35-7	0	-
507	174.497396	179.059896	F4	46	80	0	0	24810	P1-35-8	0	-
508	174.537760	175.699219	C4	29	80	0	0	24810	P1-35-12	0	-
509	174.542969	176.229167	A3	32	80	0	0	24810	P1-35-11	0	-
510	175.253906	176.279948	F3	28	80	0	0	24930	P1-35-13	0	-
511	175.869792	177.019531	A4	65	80	0	0	25020	P1-35-3	0	-
512	176.184896	178.169271	F5	70	80	0	0	25050	P1-35-4	0	-
513	176.256510	177.938802	D4	32	80	0	0	25050	P1-35-15	0	-
514	176.257812	177.359375	Bb3	33	80	0	0	25050	P1-35-14	0	-
515	176.984375	178.009115	F3	32	80	0	0	25170	P1-35-16	0	-
516	177.566406	177.936198	D5	55	80	0	0	25260	P1-35-5	0	-
517	177.877604	180.919271	C5	59	80	0	0	25290	P1-36-1	0	-
518	177.924479	179.119792	A3	31	80	0	0	25290	P1-36-12	0	-
519	177.930990	178.809896	C4	28	80	0	0	25290	P1-36-13	0	-
520	178.679688	179.779948	F3	34	80	0	0	25410	P1-36-14	0	-
521	179.053385	179.878906	E4	48	80	0	0	25470	P1-36-8	0	-
522	179.506510	181.000000	F4	42	80	0	0	25530	P1-36-9	0	-
523	179.537760	179.968750	C4	26	80	0	0	25530	P1-36-16	0	-
524	179.542969	180.569010	A3	27	80	0	0	25530	P1-36-15	0	-
525	180.266927	181.209635	F3	36	80	0	0	25650	P1-36-17	0	-
526	180.799479	181.259115	A4	62	80	0	0	25740	P1-36-3	0	-
527	181.109375	181.889323	C5	68	80	0	0	25770	P1-36-4	0	-
528	181.145833	181.669271	D3	35	80	0	0	25770	P1-36-18	0	-
529	181.152344	182.149740	F4	40	80	0	0	25770	P1-36-10	0	-
530	181.565104	182.500000	Bb4	65	80	0	0	25830	P1-36-5	0	-
531	181.954427	183.019531	Bb2	37	80	0	0	25890	P1-36-19	0	-
532	181.954427	182.539062	D4	48	80	0	0	25890	P1-36-11	0	-
533	182.338542	183.000000	G4	65	80	0	0	25950	P1-36-6	0	-
534	182.875000	186.348958	F4	68	80	0	0	26010	P1-37-1	0	-
535	182.928385	183.669271	A3	46	80	0	0	26010	P1-37-3	0	-
536	182.929688	185.699219	C3	42	80	0	0	26010	P1-37-14	0	-
537	183.756510	184.408854	A3	44	80	0	0	26130	P1-37-5	0	-
538	183.757812	185.000000	F3	44	80	0	0	26130	P1-37-4	0	-
539	184.516927	185.489583	C4	61	80	0	0	26250	P1-37-7	0	-
540	184.518229	185.089844	A3	63	80	0	0	26250	P1-37-6	0	-
541	185.291667	186.098958	A3	55	80	0	0	26370	P1-37-9	0	-
542	185.302083	185.899740	F3	58	80	0	0	26370	P1-37-8	0	-
543	186.102865	187.889323	C4	72	80	0	0	26490	P1-37-2	0	-
544	186.115885	187.609375	G3	62	80	0	0	26490	P1-37-11	0	-
545	186.121094	186.769531	E3	62	80	0	0	26490	P1-37-10	0	-
546	186.125000	187.718750	C2	58	80	0	0	26490	P1-37-15	0	-
547	186.966146	188.119792	E3	57	80	0	0	26610	P1-37-13	0	-
548	186.967448	187.609375	C3	52	80	0	0	26610	P1-37-12	0	-
549	188.105469	189.059896	A3	35	80	0	0	26730	P1-38-3	0	-
550	188.109375	188.878906	C3	32	80	0	0	26730	P1-38-1	0	-
551	188.113281	189.059896	F2	31	80	0	0	26730	P1-38-9	0	-
552	188.117188	188.595052	F3	28	80	0	0	26730	P1-38-2	0	-
553	189.450521	189.539062	F2	26	80	0	0	26910	P1-38-11	0	-
554	189.451823	190.229167	F3	24	80	0	0	26910	P1-38-11	0	-
555	189.574219	189.779948	F1	28	80	0	0	26930	P1-38-12	0	-
556	189.694010	190.199219	F2	25	80	0	0	26950	P1-38-13	0	-
557	189.791667	190.329427	F1	30	80	0	0	26970	P1-38-14	0	-
558	190.902344	191.007812	F2	28	80	0	0	27150	P1-38-16	0	-
559	191.048177	191.250000	F1	31	80	0	0	27170	P1-38-17	0	-
560	191.167969	191.489583	F2	30	80	0	0	27190	P1-38-18	0	-
561	191.264323	191.658854	F1	29	80	0	0	27210	P1-38-19	0	-
562	192.144531	192.729167	F4	34	80	0	0	27330	P1-38-7	0	-
563	192.966146	194.729167	F4	34	80	0	0	27450	P1-39-1	0	-
564	194.273438	194.519531	F2	25	80	0	0	27630	P1-39-10	0	-
565	194.424479	194.878906	F1	28	80	0	0	27650	P1-39-11	0	-
566	194.533854	194.878906	F2	25	80	0	0	27670	P1-39-12	0	-
567	194.613281	196.908854	Gb4	47	80	0	0	27690	P1-39-2	0	-
568	194.622396	197.500000	A3	44	80	0	0	27690	P1-39-5	0	-
569	194.623698	197.500000	Eb4	48	80	0	0	27690	P1-39-7	0	-
570	194.635417	197.500000	C4	37	80	0	0	27690	P1-39-6	0	-
571	195.822917	195.907552	F2	35	80	0	0	27870	P1-39-15	0	-
572	195.954427	196.149740	F1	35	80	0	0	27890	P1-39-16	0	-
573	196.042969	196.149740	F2	36	80	0	0	27910	P1-39-17	0	-
574	196.157552	196.389323	F1	34	80	0	0	27930	P1-39-18	0	-
575	196.157552	196.378906	F2	33	80	0	0	27930	P1-39-18	0	-
576	196.915365	197.449219	Gb4	51	80	0	0	28050	P1-39-3	0	-
577	197.717448	201.938802	Gb4	65	80	0	0	28170	P1-40-1	0	-
578	199.002604	199.139323	F2	37	80	0	0	28350	P1-40-10	0	-
579	199.003906	199.059896	F3	32	80	0	0	28350	P1-40-10	0	-
580	199.118490	199.259115	F1	42	80	0	0	28370	P1-40-11	0	-
581	199.226562	199.339844	F2	41	80	0	0	28390	P1-40-12	0	-
582	199.313802	201.639323	A4	70	80	0	0	28410	P1-40-6	0	-
583	199.345052	199.829427	F2	39	80	0	0	28410	P1-40-13	0	-
584	199.352865	199.809896	F1	43	80	0	0	28410	P1-40-13	0	-
585	199.365885	202.109375	Eb4	49	80	0	0	28410	P1-40-5	0	-
586	199.373698	202.149740	C4	36	80	0	0	28410	P1-40-4	0	-
587	200.598958	200.658854	F2	39	80	0	0	28590	P1-40-15	0	-
588	200.708333	200.752604	F1	41	80	0	0	28610	P1-40-16	0	-
589	200.791667	200.854167	F2	41	80	0	0	28630	P1-40-17	0	-
590	200.907552	201.079427	F1	41	80	0	0	28650	P1-40-18	0	-
591	201.645833	202.348958	A4	72	80	0	0	28770	P1-40-7	0	-
592	202.542969	206.509115	A4	82	80	0	0	28890	P1-41-1	0	-
593	203.812500	203.989583	F2	58	80	0	0	29070	P1-41-10	0	-
594	203.923177	204.399740	F1	48	80	0	0	29090	P1-41-11	0	-
595	204.001302	204.188802	F2	36	80	0	0	29110	P1-41-12	0	-
596	204.104167	206.289062	C5	89	80	0	0	29130	P1-41-6	0	-
597	204.108073	206.279948	Gb4	80	80	0	0	29130	P1-41-5	0	-
598	204.114583	206.639323	Eb4	86	80	0	0	29130	P1-41-4	0	-
599	205.371094	205.509115	F2	64	80	0	0	29310	P1-41-15	0	-
600	205.471354	205.649740	F1	63	80	0	0	29330	P1-41-16	0	-
601	205.552083	205.908854	F2	66	80	0	0	29350	P1-41-17	0	-
602	205.660156	206.079427	F1	62	80	0	0	29370	P1-41-18	0	-
603	206.483073	206.869792	C5	99	80	0	0	29490	P1-41-7	0	-
604	207.244792	208.269531	C5	94	80	0	0	29610	P1-42-1	0	-
605	208.145833	209.799479	Eb5	95	80	0	0	29730	P1-42-2	0	-
606	208.634115	208.748698	A3	69	80	0	0	29790	P1-42-20	0	-
607	208.636719	208.743490	C4	72	80	0	0	29790	P1-42-21	0	-
608	208.769531	208.903646	F3	61	80	0	0	29810	P1-42-22	0	-
609	208.878906	209.001302	A3	70	80	0	0	29830	P1-42-23	0	-
610	208.880208	209.003906	C4	66	80	0	0	29830	P1-42-24	0	-
611	209.014323	210.199219	F3	69	80	0	0	29850	P1-42-25	0	-
612	209.506510	209.899740	D5	82	80	0	0	29910	P1-42-4	0	-
613	209.765625	210.093750	C5	87	80	0	0	29940	P1-42-5	0	-
614	210.023438	210.399740	Bb4	83	80	0	0	29970	P1-42-6	0	-
615	210.263021	210.483073	A4	82	80	0	0	30000	P1-42-7	0	-
616	210.475260	210.700521	G4	79	80	0	0	30030	P1-42-8	0	-
617	210.674479	210.984375	F4	70	80	0	0	30060	P1-42-9	0	-
618	210.933594	211.243490	E4	71	80	0	0	30090	P1-42-10	0	-
619	211.222656	211.494792	Eb4	72	80	0	0	30120	P1-42-11	0	-
620	211.484375	211.716146	D4	58	80	0	0	30150	P1-42-12	0	-
621	211.743490	212.035156	C4	56	80	0	0	30180	P1-42-13	0	-
622	212.042969	212.406250	Bb3	51	80	0	0	30210	P1-42-14	0	-
623	212.394531	212.759115	A3	47	80	0	0	30240	P1-42-15	0	-
624	212.802083	213.729167	Eb4	38	80	0	0	30270	P1-42-16	0	-
625	213.174479	214.128906	A3	40	80	0	0	30300	P1-42-17	0	-
626	213.970052	217.639323	Bb3	57	80	0	0	30330	P1-43-1	0	-
627	214.023438	217.500000	D3	36	80	0	0	30330	P1-43-8	0	-
628	214.024740	217.500000	Bb2	35	80	0	0	30330	P1-43-3	0	-
629	214.032552	217.500000	Bb1	33	80	0	0	30330	P1-43-2	0	-
630	215.484375	215.819010	Eb3	41	80	0	0	30540	P1-43-5	0	-
631	215.699219	217.089844	F3	40	80	0	0	30570	P1-43-6	0	-
632	217.234375	217.889323	F3	31	80	0	0	30810	P1-43-7	0	-
633	219.128906	219.722656	D5	64	80	0	0	31050	P1-44-1	0	-
634	219.201823	221.718750	F3	28	80	0	0	31050	P1-44-12	0	-
635	219.210938	221.759115	D3	28	80	0	0	31050	P1-44-11	0	-
636	219.212240	221.769531	Bb2	32	80	0	0	31050	P1-44-10	0	-
637	219.739583	219.864583	Eb5	60	80	0	0	31140	P1-44-7	0	-
638	219.841146	219.897135	D5	63	80	0	0	31150	P1-44-8	0	-
639	219.919271	220.042969	C5	71	80	0	0	31160	P1-44-9	0	-
640	220.036458	220.634115	D5	72	80	0	0	31170	P1-44-2	0	-
641	220.639323	220.872396	Eb5	69	80	0	0	31260	P1-44-3	0	-
642	220.884115	221.688802	F5	69	80	0	0	31290	P1-44-4	0	-
643	222.611979	224.468750	Bb3	59	80	0	0	31530	P1-44-6	0	-
644	222.635417	223.878906	D3	43	80	0	0	31530	P1-44-5	0	-
645	222.638021	223.799479	Bb2	45	80	0	0	31530	P1-44-15	0	-
646	222.644531	224.449219	F2	42	80	0	0	31530	P1-44-14	0	-
647	222.644531	223.979167	Bb1	41	80	0	0	31530	P1-44-13	0	-
648	224.433594	227.500000	A3	70	80	0	0	31770	P1-45-2	0	-
649	224.453125	227.500000	C3	54	80	0	0	31770	P1-45-9	0	-
650	224.458333	227.109375	Eb3	53	80	0	0	31770	P1-45-3	0	-
651	224.460938	228.089844	F2	49	80	0	0	31770	P1-45-8	0	-
652	225.854167	227.500000	F3	55	80	0	0	31980	P1-45-4	0	-
653	226.106771	227.399740	Gb3	57	80	0	0	32010	P1-45-5	0	-
654	227.707031	228.229167	Gb3	59	80	0	0	32250	P1-45-6	0	-
655	229.450521	230.019531	A5	60	80	0	0	32490	P1-46-1	0	-
656	229.459635	231.229167	Gb3	43	80	0	0	32490	P1-46-13	0	-
657	229.475260	229.489583	F#4	40	80	0	0	32490	P1-46-13	0	-
658	229.485677	231.869792	C4	38	80	0	0	32490	P1-46-10	0	-
659	229.488281	231.968750	Eb4	40	80	0	0	32490	P1-46-11	0	-
660	230.015625	230.139323	Bb5	50	80	0	0	32580	P1-46-7	0	-
661	230.105469	230.157552	A5	54	80	0	0	32590	P1-46-8	0	-
662	230.203125	230.281250	G5	55	80	0	0	32600	P1-46-9	0	-
663	230.305990	230.979167	A5	63	80	0	0	32610	P1-46-2	0	-
664	230.951823	231.166667	Bb5	52	80	0	0	32700	P1-46-3	0	-
665	231.165365	231.729167	C6	50	80	0	0	32730	P1-46-4	0	-
666	231.201823	232.098958	F3	26	80	0	0	32730	P1-46-14	0	-
667	232.983073	234.779948	Eb4	42	80	0	0	32970	P1-46-6	0	-
668	232.985677	234.069010	C4	35	80	0	0	32970	P1-46-5	0	-
669	232.986979	234.029948	F3	30	80	0	0	32970	P1-46-12	0	-
670	232.996094	234.389323	A2	28	80	0	0	32970	P1-46-15	0	-
671	232.998698	233.009115	A1	30	80	0	0	32970	P1-46-15	0	-
672	235.144531	238.929688	D4	57	80	0	0	33210	P1-47-2	0	-
673	235.173177	238.729167	F3	39	80	0	0	33210	P1-47-1	0	-
674	235.177083	238.649740	Ab3	41	80	0	0	33210	P1-47-3	0	-
675	235.186198	238.789062	Bb2	39	80	0	0	33210	P1-47-8	0	-
676	235.186198	238.819010	Bb1	38	80	0	0	33210	P1-47-7	0	-
677	236.708333	237.069010	Bb3	55	80	0	0	33420	P1-47-4	0	-
678	236.940104	238.449219	Cb4	63	80	0	0	33450	P1-47-5	0	-
679	238.455729	238.979167	Cb4	70	80	0	0	33690	P1-47-6	0	-
680	240.184896	240.782552	D5	71	80	0	0	33930	P1-48-1	0	-
681	240.188802	242.009115	Cb4	67	80	0	0	33930	P1-48-13	0	-
682	240.236979	242.429688	Ab4	50	80	0	0	33930	P1-48-11	0	-
683	240.240885	242.589844	F4	44	80	0	0	33930	P1-48-10	0	-
684	240.781250	240.881510	Eb5	62	80	0	0	34020	P1-48-7	0	-
685	240.873698	240.944010	D5	75	80	0	0	34030	P1-48-8	0	-
686	240.962240	241.092448	C5	78	80	0	0	34040	P1-48-9	0	-
687	241.063802	241.679688	D5	82	80	0	0	34050	P1-48-2	0	-
688	241.595052	241.893229	Eb5	83	80	0	0	34140	P1-48-3	0	-
689	241.846354	242.968750	F5	82	80	0	0	34170	P1-48-4	0	-
690	241.890625	242.979167	Bb3	55	80	0	0	34170	P1-48-14	0	-
691	243.347656	244.438802	F5	90	80	0	0	34410	P1-48-6	0	-
692	243.364583	244.348958	Ab4	82	80	0	0	34410	P1-48-5	0	-
693	243.367188	244.199219	Bb3	76	80	0	0	34410	P1-48-12	0	-
694	243.382812	244.069010	D3	61	80	0	0	34410	P1-48-15	0	-
695	245.375000	246.791667	F5	59	80	0	0	34650	P1-49-1	0	-
696	245.421875	247.319010	G4	42	80	0	0	34650	P1-49-6	0	-
697	245.444010	246.179688	Bb3	34	80	0	0	34650	P1-49-10	0	-
698	245.451823	247.459635	Eb3	31	80	0	0	34650	P1-49-16	0	-
699	246.093750	246.799479	B3	58	80	0	0	34770	P1-49-11	0	-
700	246.763021	247.449219	Eb5	64	80	0	0	34890	P1-49-2	0	-
701	246.790365	247.399740	C4	42	80	0	0	34890	P1-49-12	0	-
702	247.407552	248.000000	D5	72	80	0	0	35010	P1-49-3	0	-
703	247.444010	247.938802	D4	44	80	0	0	35010	P1-49-13	0	-
704	247.445312	247.725260	Bb4	49	80	0	0	35010	P1-49-7	0	-
705	247.447917	247.848958	F3	41	80	0	0	35010	P1-49-17	0	-
706	248.121094	248.628906	C5	78	80	0	0	35130	P1-49-4	0	-
707	248.134115	248.829427	Eb4	60	80	0	0	35130	P1-49-14	0	-
708	248.141927	248.688802	Bb4	68	80	0	0	35130	P1-49-8	0	-
709	248.148438	248.889323	G3	51	80	0	0	35130	P1-49-18	0	-
710	248.875000	249.549479	C5	76	80	0	0	35250	P1-49-5	0	-
711	248.893229	249.809896	E4	66	80	0	0	35250	P1-49-15	0	-
712	248.894531	249.489583	Bb4	70	80	0	0	35250	P1-49-9	0	-
713	248.897135	249.848958	G3	55	80	0	0	35250	P1-49-19	0	-
714	249.764323	251.269531	Bb4	63	80	0	0	35370	P1-50-18	0	-
715	249.813802	249.938802	C5	59	80	0	0	35370	P1-50-1	0	-
716	249.821615	251.259115	E4	44	80	0	0	35370	P1-50-28	0	-
717	249.833333	253.009115	F3	37	80	0	0	35370	P1-50-32	0	-
718	249.957031	250.023438	D5	58	80	0	0	35400	P1-50-22	0	-
719	250.054688	250.105469	C5	55	80	0	0	35415	P1-50-23	0	-
720	250.125000	250.196615	D5	53	80	0	0	35445	P1-50-1	0	-
721	250.213542	250.265625	C5	55	80	0	0	35475	P1-50-27	0	-
722	250.294271	250.395833	B4	59	80	0	0	35490	P1-50-2	0	-
723	250.419271	250.553385	C5	61	80	0	0	35490	P1-50-3	0	-
724	250.567708	250.986979	D5	57	80	0	0	35490	P1-50-4	0	-
725	251.006510	251.250000	C5	51	80	0	0	35550	P1-50-5	0	-
726	251.657552	253.059896	C5	38	80	0	0	35610	P1-50-6	0	-
727	251.674479	252.968750	A4	31	80	0	0	35610	P1-50-19	0	-
728	251.688802	253.169271	F4	29	80	0	0	35610	P1-50-29	0	-
729	253.994792	254.210938	F3	34	80	0	0	35880	P1-50-9	0	-
730	254.218750	254.451823	G3	45	80	0	0	35910	P1-50-10	0	-
731	254.401042	254.592448	F3	44	80	0	0	35940	P1-50-11	0	-
732	254.626302	254.804688	E3	45	80	0	0	35970	P1-50-12	0	-
733	254.811198	255.055990	F3	45	80	0	0	36000	P1-50-13	0	-
734	255.036458	255.569010	Eb3	41	80	0	0	36030	P1-50-14	0	-
735	255.036458	255.296875	G3	52	80	0	0	36030	P1-50-15	0	-
736	255.265625	255.729167	A3	57	80	0	0	36060	P1-50-17	0	-
737	255.269531	255.589844	C3	46	80	0	0	36060	P1-50-16	0	-
738	255.595052	259.289062	Bb3	65	80	0	0	36090	P1-51-1	0	-
739	255.644531	256.628906	D3	38	80	0	0	36090	P1-51-3	0	-
740	255.654948	257.438802	Bb2	40	80	0	0	36090	P1-51-2	0	-
741	257.216146	257.468750	C3	44	80	0	0	36300	P1-51-4	0	-
742	257.217448	257.468750	Eb3	45	80	0	0	36300	P1-51-5	0	-
743	257.446615	258.688802	F3	44	80	0	0	36330	P1-51-7	0	-
744	257.457031	258.878906	D3	44	80	0	0	36330	P1-51-6	0	-
745	257.705729	257.832031	Bb5	45	80	0	0	36360	P1-51-13	0	-
746	257.865885	258.001302	D6	44	80	0	0	36390	P1-51-14	0	-
747	258.045573	258.182292	Bb5	48	80	0	0	36420	P1-51-15	0	-
748	258.235677	258.355469	F5	40	80	0	0	36450	P1-51-16	0	-
749	258.397135	258.540365	Bb5	49	80	0	0	36480	P1-51-17	0	-
750	258.588542	258.789062	D5	50	80	0	0	36510	P1-51-18	0	-
751	258.763021	258.938802	F5	43	80	0	0	36540	P1-51-19	0	-
752	258.944010	259.559896	F3	43	80	0	0	36570	P1-51-9	0	-
753	258.963542	259.158854	Bb4	48	80	0	0	36570	P1-51-20	0	-
754	258.971354	260.449219	D3	36	80	0	0	36570	P1-51-8	0	-
755	259.119792	259.279948	D5	42	80	0	0	36600	P1-51-21	0	-
756	259.315104	259.433594	F4	39	80	0	0	36630	P1-51-22	0	-
757	259.477865	259.709635	Bb4	48	80	0	0	36660	P1-51-23	0	-
758	259.661458	259.770833	D4	34	80	0	0	36690	P1-51-24	0	-
759	259.816406	259.920573	F4	35	80	0	0	36720	P1-51-25	0	-
760	259.981771	260.188802	Bb3	43	80	0	0	36750	P1-51-26	0	-
761	260.125000	260.378906	D4	41	80	0	0	36780	P1-51-27	0	-
762	260.324219	260.759115	D5	68	80	0	0	36810	P1-52-1	0	-
763	260.335938	260.718750	F3	37	80	0	0	36810	P1-52-9	0	-
764	260.503906	260.848958	Bb3	47	80	0	0	36840	P1-52-10	0	-
765	260.694010	261.029948	D3	40	80	0	0	36870	P1-52-11	0	-
766	260.803385	260.885417	Eb5	59	80	0	0	36900	P1-52-6	0	-
767	260.856771	261.188802	F3	32	80	0	0	36900	P1-52-12	0	-
768	260.894531	260.945312	D5	65	80	0	0	36910	P1-52-7	0	-
769	260.970052	261.083333	C5	70	80	0	0	36920	P1-52-8	0	-
770	261.041667	261.174479	Bb2	45	80	0	0	36930	P1-52-13	0	-
771	261.049479	261.359375	D5	65	80	0	0	36930	P1-52-2	0	-
772	261.184896	261.438802	D3	41	80	0	0	36930	P1-52-13	0	-
773	261.373698	261.575521	D5	46	80	0	0	36930	P1-52-2	0	-
774	261.381510	261.789062	F2	42	80	0	0	36990	P1-52-15	0	-
775	261.557292	261.803385	Eb5	65	80	0	0	37020	P1-52-3	0	-
776	261.559896	261.789062	Bb2	45	80	0	0	37020	P1-52-16	0	-
777	261.791667	262.658854	F5	67	80	0	0	37050	P1-52-4	0	-
778	261.815104	262.049479	D2	37	80	0	0	37050	P1-52-17	0	-
779	261.996094	262.121094	Bb1	42	80	0	0	37080	P1-52-18	0	-
780	262.164062	262.468750	D2	33	80	0	0	37110	P1-52-19	0	-
781	262.330729	262.339844	F3	36	80	0	0	37140	P1-52-20	0	-
782	262.334635	262.483073	F2	40	80	0	0	37140	P1-52-20	0	-
783	262.514323	262.617188	Bb2	42	80	0	0	37170	P1-52-21	0	-
784	262.661458	262.869792	D2	37	80	0	0	37200	P1-52-22	0	-
785	262.867188	263.218750	F2	41	80	0	0	37230	P1-52-23	0	-
786	263.042969	263.279948	Bb2	39	80	0	0	37260	P1-52-24	0	-
787	263.231771	264.869792	Bb3	58	80	0	0	37290	P1-52-5	0	-
788	263.261719	263.393229	D3	42	80	0	0	37290	P1-52-25	0	-
789	263.395833	263.539062	Bb2	44	80	0	0	37320	P1-52-26	0	-
790	263.578125	263.759115	F2	37	80	0	0	37350	P1-52-27	0	-
791	263.734375	263.949219	D2	37	80	0	0	37380	P1-52-28	0	-
792	263.971354	264.419271	Bb2	43	80	0	0	37410	P1-52-29	0	-
793	264.152344	264.329427	F2	32	80	0	0	37440	P1-52-30	0	-
794	264.312500	264.479167	D2	36	80	0	0	37470	P1-52-31	0	-
795	264.483073	264.718750	Bb1	42	80	0	0	37500	P1-52-32	0	-
796	264.815104	267.500000	A3	64	80	0	0	37530	P1-53-1	0	-
797	264.865885	266.199219	Eb3	48	80	0	0	37530	P1-53-3	0	-
798	264.865885	266.339844	C3	47	80	0	0	37530	P1-53-2	0	-
799	266.095052	266.378906	F3	46	80	0	0	37740	P1-53-5	0	-
800	266.101562	266.348958	D3	47	80	0	0	37740	P1-53-4	0	-
801	266.332031	267.489583	Gb3	46	80	0	0	37770	P1-53-7	0	-
802	266.333333	267.579427	Eb3	49	80	0	0	37770	P1-53-6	0	-
803	266.513021	266.686198	C6	48	80	0	0	37800	P1-53-13	0	-
804	266.699219	266.959635	Eb6	52	80	0	0	37830	P1-53-14	0	-
805	266.830729	267.009115	C6	47	80	0	0	37860	P1-53-15	0	-
806	266.988281	267.102865	A5	46	80	0	0	37890	P1-53-16	0	-
807	267.145833	267.359375	C6	47	80	0	0	37920	P1-53-17	0	-
808	267.303385	267.425781	Gb5	47	80	0	0	37950	P1-53-18	0	-
809	267.440104	267.819010	A5	52	80	0	0	37980	P1-53-19	0	-
810	267.623698	268.109375	Gb3	47	80	0	0	38010	P1-53-9	0	-
811	267.640625	267.869792	Eb5	44	80	0	0	38010	P1-53-20	0	-
812	267.658854	268.019531	Eb3	41	80	0	0	38010	P1-53-8	0	-
813	267.790365	268.179688	Gb5	53	80	0	0	38040	P1-53-21	0	-
814	267.917969	268.003906	C5	46	80	0	0	38070	P1-53-22	0	-
815	268.065104	268.299479	Eb5	45	80	0	0	38100	P1-53-23	0	-
816	268.253906	268.334635	A4	42	80	0	0	38130	P1-53-24	0	-
817	268.393229	268.484375	C5	44	80	0	0	38160	P1-53-25	0	-
818	268.563802	268.718750	Gb4	33	80	0	0	38190	P1-53-26	0	-
819	268.678385	268.848958	A4	47	80	0	0	38220	P1-53-27	0	-
820	268.852865	269.269531	C6	65	80	0	0	38250	P1-54-1	0	-
821	268.885417	269.069010	Eb4	38	80	0	0	38250	P1-54-11	0	-
822	269.013021	269.239583	Gb4	47	80	0	0	38280	P1-54-12	0	-
823	269.184896	269.269531	C4	24	80	0	0	38310	P1-54-13	0	-
824	269.251302	269.330729	D6	63	80	0	0	38340	P1-54-8	0	-
825	269.303385	269.529948	Eb4	50	80	0	0	38340	P1-54-14	0	-
826	269.326823	269.404948	C6	63	80	0	0	38350	P1-54-9	0	-
827	269.415365	269.494792	B5	69	80	0	0	38360	P1-54-10	0	-
828	269.457031	269.769531	A3	43	80	0	0	38370	P1-54-15	0	-
829	269.494792	269.989583	C6	70	80	0	0	38370	P1-54-2	0	-
830	269.604167	269.848958	C4	46	80	0	0	38400	P1-54-16	0	-
831	269.813802	270.069010	Gb3	38	80	0	0	38430	P1-54-17	0	-
832	269.955729	270.459635	A3	47	80	0	0	38460	P1-54-18	0	-
833	269.957031	270.200521	D6	72	80	0	0	38460	P1-54-3	0	-
834	270.161458	271.128906	Eb6	77	80	0	0	38490	P1-54-4	0	-
835	270.177083	270.919271	C3	41	80	0	0	38490	P1-54-19	0	-
836	270.363281	270.619792	Gb3	46	80	0	0	38520	P1-54-20	0	-
837	270.498698	271.049479	Eb3	50	80	0	0	38550	P1-54-21	0	-
838	270.660156	270.859375	A3	48	80	0	0	38580	P1-54-22	0	-
839	270.800781	271.049479	Gb3	54	80	0	0	38610	P1-54-23	0	-
840	270.957031	271.050781	C4	56	80	0	0	38640	P1-54-24	0	-
841	271.093750	271.378906	A3	51	80	0	0	38670	P1-54-25	0	-
842	271.274740	271.750000	Gb3	48	80	0	0	38700	P1-54-26	0	-
843	271.493490	273.309896	Gb4	84	80	0	0	38730	P1-54-7	0	-
844	271.527344	272.769531	C4	55	80	0	0	38730	P1-54-5	0	-
845	271.533854	273.128906	Eb4	66	80	0	0	38730	P1-54-6	0	-
846	271.766927	271.951823	Eb3	60	80	0	0	38760	P1-54-28	0	-
847	271.951823	272.108073	Bb2	56	80	0	0	38790	P1-54-29	0	-
848	272.117188	272.243490	Gb3	50	80	0	0	38820	P1-54-30	0	-
849	272.286458	272.539062	Eb3	38	80	0	0	38850	P1-54-31	0	-
850	272.419271	272.739583	Bb3	48	80	0	0	38880	P1-54-32	0	-
851	272.605469	272.819010	Gb3	38	80	0	0	38910	P1-54-33	0	-
852	272.770833	273.119792	Eb3	39	80	0	0	38940	P1-54-34	0	-
853	273.093750	275.119792	F4	54	80	0	0	38970	P1-55-1	0	-
854	273.132812	273.589844	C4	44	80	0	0	38970	P1-55-5	0	-
855	273.136719	274.209635	Eb4	50	80	0	0	38970	P1-55-6	0	-
856	273.138021	273.500000	A2	36	80	0	0	38970	P1-55-15	0	-
857	273.602865	273.848958	C4	22	80	0	0	39090	P1-55-8	0	-
858	273.854167	274.369792	C4	40	80	0	0	39090	P1-55-8	0	-
859	273.855469	274.329427	A3	42	80	0	0	39090	P1-55-7	0	-
860	274.354167	274.528646	D4	49	80	0	0	39180	P1-55-10	0	-
861	274.364583	274.529948	B3	44	80	0	0	39180	P1-55-9	0	-
862	274.542969	274.549479	A3	43	80	0	0	39210	P1-55-11	0	-
863	274.544271	275.500000	C4	43	80	0	0	39210	P1-55-11	0	-
864	274.546875	275.569010	Eb4	51	80	0	0	39210	P1-55-12	0	-
865	274.726562	274.906250	C6	50	80	0	0	39240	P1-55-18	0	-
866	274.903646	275.024740	Eb6	54	80	0	0	39270	P1-55-19	0	-
867	275.063802	275.147135	C6	50	80	0	0	39300	P1-55-20	0	-
868	275.200521	275.289062	A5	51	80	0	0	39330	P1-55-21	0	-
869	275.334635	275.609375	C6	52	80	0	0	39360	P1-55-22	0	-
870	275.554688	275.628906	Eb5	41	80	0	0	39390	P1-55-23	0	-
871	275.651042	275.813802	A5	53	80	0	0	39420	P1-55-24	0	-
872	275.834635	276.250000	Eb4	51	80	0	0	39450	P1-55-14	0	-
873	275.845052	276.419271	C4	45	80	0	0	39450	P1-55-13	0	-
874	276.003906	276.250000	Eb5	54	80	0	0	39480	P1-55-26	0	-
875	276.151042	276.238281	A4	41	80	0	0	39510	P1-55-27	0	-
876	276.302083	276.391927	C5	50	80	0	0	39540	P1-55-28	0	-
877	276.446615	276.722656	Eb4	49	80	0	0	39570	P1-55-29	0	-
878	276.610677	276.759115	A4	38	80	0	0	39600	P1-55-30	0	-
879	276.755208	277.098958	C6	68	80	0	0	39630	P1-55-4	0	-
880	276.763021	276.917969	C4	40	80	0	0	39630	P1-55-31	0	-
881	276.945312	277.057292	Eb4	43	80	0	0	39660	P1-55-32	0	-
882	277.104167	277.348958	A3	47	80	0	0	39690	P1-56-11	0	-
883	277.109375	277.549479	C6	73	80	0	0	39690	P1-56-1	0	-
884	277.231771	277.316406	C4	46	80	0	0	39720	P1-56-12	0	-
885	277.395833	277.497396	F3	43	80	0	0	39750	P1-56-13	0	-
886	277.542969	277.656250	D6	68	80	0	0	39780	P1-56-8	0	-
887	277.544271	277.601562	A3	45	80	0	0	39780	P1-56-14	0	-
888	277.623698	277.684896	C6	68	80	0	0	39790	P1-56-9	0	-
889	277.694010	277.782552	B5	67	80	0	0	39800	P1-56-10	0	-
890	277.697917	277.985677	C3	48	80	0	0	39810	P1-56-15	0	-
891	277.776042	278.205729	C6	73	80	0	0	39810	P1-56-2	0	-
892	277.895833	277.973958	F3	36	80	0	0	39840	P1-56-16	0	-
893	278.042969	278.369792	A2	49	80	0	0	39870	P1-56-17	0	-
894	278.191406	278.428385	D6	73	80	0	0	39900	P1-56-3	0	-
895	278.216146	278.709635	C3	47	80	0	0	39900	P1-56-18	0	-
896	278.382812	278.658854	F2	45	80	0	0	39930	P1-56-19	0	-
897	278.386719	279.309896	Eb6	77	80	0	0	39930	P1-56-4	0	-
898	278.516927	278.662760	A2	47	80	0	0	39960	P1-56-20	0	-
899	278.674479	278.819010	C2	50	80	0	0	39990	P1-56-21	0	-
900	278.826823	279.079427	F2	41	80	0	0	40020	P1-56-22	0	-
901	278.980469	279.118490	A1	52	80	0	0	40050	P1-56-23	0	-
902	279.141927	279.438802	C2	55	80	0	0	40080	P1-56-24	0	-
903	279.316406	279.438802	F2	46	80	0	0	40110	P1-56-25	0	-
904	279.320312	279.348958	F1	44	80	0	0	40110	P1-56-25	0	-
905	279.480469	279.759115	A1	52	80	0	0	40140	P1-56-26	0	-
906	279.774740	281.279948	Eb5	89	80	0	0	40170	P1-56-7	0	-
907	279.790365	281.139323	C5	75	80	0	0	40170	P1-56-6	0	-
908	279.794271	281.229167	A4	71	80	0	0	40170	P1-56-5	0	-
909	280.057292	280.209635	F#1	57	80	0	0	40200	P1-56-28	0	-
910	280.199219	280.350260	A1	64	80	0	0	40230	P1-56-29	0	-
911	280.376302	280.485677	C2	61	80	0	0	40260	P1-56-30	0	-
912	280.515625	280.623698	F#2	62	80	0	0	40290	P1-56-31	0	-
913	280.656250	280.839844	A2	56	80	0	0	40320	P1-56-32	0	-
914	280.829427	280.951823	C3	63	80	0	0	40350	P1-56-33	0	-
915	280.989583	281.139323	F#3	55	80	0	0	40380	P1-56-34	0	-
916	281.253906	282.500000	D5	57	80	0	0	40410	P1-57-2	0	-
917	281.266927	282.079427	Bb4	51	80	0	0	40410	P1-57-1	0	-
918	281.446615	281.591146	G1	44	80	0	0	40440	P1-57-11	0	-
919	281.609375	281.723958	Bb1	50	80	0	0	40470	P1-57-12	0	-
920	281.733073	281.875000	D2	53	80	0	0	40500	P1-57-13	0	-
921	281.894531	282.369792	G2	58	80	0	0	40530	P1-57-14	0	-
922	282.063802	282.679688	Bb2	65	80	0	0	40560	P1-57-15	0	-
923	282.230469	282.382812	D3	57	80	0	0	40590	P1-57-16	0	-
924	282.416667	282.569010	G3	63	80	0	0	40620	P1-57-17	0	-
925	282.674479	283.019531	G5	98	80	0	0	40650	P1-57-4	0	-
926	282.877604	283.269531	E2	70	80	0	0	40680	P1-57-19	0	-
927	283.042969	283.319010	G2	71	80	0	0	40710	P1-57-20	0	-
928	283.221354	283.529948	Bb2	81	80	0	0	40740	P1-57-21	0	-
929	283.359375	283.609375	E3	82	80	0	0	40770	P1-57-22	0	-
930	283.514323	283.666667	G3	78	80	0	0	40800	P1-57-23	0	-
931	283.670573	283.791667	Bb3	78	80	0	0	40830	P1-57-24	0	-
932	283.805990	284.019531	G3	81	80	0	0	40860	P1-57-25	0	-
933	284.023438	284.989583	Bb4	92	80	0	0	40890	P1-57-7	0	-
934	284.023438	285.289062	Db5	93	80	0	0	40890	P1-57-8	0	-
935	284.024740	284.489583	G4	92	80	0	0	40890	P1-57-6	0	-
936	284.033854	284.389323	Db4	86	80	0	0	40890	P1-57-26	0	-
937	284.231771	284.346354	Bb3	78	80	0	0	40920	P1-57-27	0	-
938	284.359375	284.524740	G3	80	80	0	0	40950	P1-57-28	0	-
939	284.523438	284.700521	E3	74	80	0	0	40980	P1-57-29	0	-
940	284.697917	284.845052	Db3	82	80	0	0	41010	P1-57-30	0	-
941	284.845052	285.098958	Bb2	81	80	0	0	41040	P1-57-31	0	-
942	285.033854	285.309896	G2	64	80	0	0	41070	P1-57-32	0	-
943	285.230469	285.304688	E2	66	80	0	0	41100	P1-57-33	0	-
944	285.643229	287.279948	F5	65	80	0	0	41130	P1-58-1	0	-
945	285.924479	286.058594	F2	45	80	0	0	41160	P1-58-13	0	-
946	286.093750	286.216146	Bb2	49	80	0	0	41190	P1-58-14	0	-
947	286.236979	286.372396	D3	45	80	0	0	41220	P1-58-15	0	-
948	286.406250	286.522135	F3	47	80	0	0	41250	P1-58-16	0	-
949	286.563802	286.651042	D3	41	80	0	0	41280	P1-58-17	0	-
950	286.690104	286.842448	Bb2	42	80	0	0	41310	P1-58-18	0	-
951	286.873698	287.019531	F2	35	80	0	0	41340	P1-58-19	0	-
952	287.037760	287.968750	D5	48	80	0	0	41370	P1-58-10	0	-
953	287.065104	287.949219	Bb4	36	80	0	0	41370	P1-58-9	0	-
954	287.074219	288.029948	F4	35	80	0	0	41370	P1-58-8	0	-
955	287.233073	287.354167	F2	42	80	0	0	41400	P1-58-21	0	-
956	287.391927	287.533854	Bb2	50	80	0	0	41430	P1-58-22	0	-
957	287.552083	287.643229	D3	50	80	0	0	41460	P1-58-23	0	-
958	287.705729	287.820312	F3	47	80	0	0	41490	P1-58-24	0	-
959	287.846354	287.938802	D3	40	80	0	0	41520	P1-58-25	0	-
960	288.001302	288.179688	Bb2	43	80	0	0	41550	P1-58-26	0	-
961	288.143229	288.339844	F2	42	80	0	0	41580	P1-58-27	0	-
962	288.364583	289.569010	A4	54	80	0	0	41610	P1-58-5	0	-
963	288.390625	288.535156	Eb3	47	80	0	0	41610	P1-58-28	0	-
964	288.394531	289.449219	Eb4	46	80	0	0	41610	P1-58-3	0	-
965	288.394531	289.279948	C4	38	80	0	0	41610	P1-58-2	0	-
966	288.549479	288.809896	C3	44	80	0	0	41640	P1-58-29	0	-
967	288.707031	288.929688	A2	40	80	0	0	41670	P1-58-30	0	-
968	288.903646	288.989583	F2	39	80	0	0	41700	P1-58-31	0	-
969	289.070312	289.141927	Eb2	49	80	0	0	41730	P1-58-32	0	-
970	289.236979	289.397135	C2	45	80	0	0	41760	P1-58-33	0	-
971	289.429688	289.558594	A1	41	80	0	0	41790	P1-58-34	0	-
972	289.604167	289.718750	F1	35	80	0	0	41820	P1-58-35	0	-
973	289.605469	289.709635	F2	33	80	0	0	41820	P1-58-35	0	-
974	289.916667	290.378906	Bb4	42	80	0	0	41850	P1-59-4	0	-
975	289.932292	289.938802	F4	30	80	0	0	41850	P1-59-3	0	-
976	289.934896	290.378906	Bb3	30	80	0	0	41850	P1-59-1	0	-
977	289.934896	290.259115	Bb1	32	80	0	0	41850	P1-59-8	0	-
978	289.934896	290.319010	Bb2	31	80	0	0	41850	P1-59-1	0	-
979	289.938802	290.339844	D4	29	80	0	0	41850	P1-59-2	0	-
980	291.114583	291.182292	Bb2	42	80	0	0	42030	P1-59-10	0	-
981	291.209635	291.279948	Bb1	35	80	0	0	42050	P1-59-11	0	-
982	291.304688	291.376302	Bb2	41	80	0	0	42070	P1-59-12	0	-
983	291.450521	292.029948	Bb1	37	80	0	0	42090	P1-59-13	0	-
984	292.654948	292.734375	Bb2	40	80	0	0	42270	P1-59-15	0	-
985	292.786458	292.899740	Bb1	34	80	0	0	42290	P1-59-16	0	-
986	292.873698	292.941406	Bb2	36	80	0	0	42310	P1-59-17	0	-
987	292.990885	293.658854	Bb1	32	80	0	0	42330	P1-59-18	0	-
988	294.248698	294.332031	Bb2	41	80	0	0	42510	P1-59-20	0	-
989	294.372396	294.445312	Bb1	36	80	0	0	42530	P1-59-21	0	-
990	294.480469	294.574219	Bb2	42	80	0	0	42550	P1-59-22	0	-
991	294.647135	296.281250	F4	57	80	0	0	42570	P1-60-3	0	-
992	294.662760	296.239583	Ab3	55	80	0	0	42570	P1-60-1	0	-
993	294.662760	296.128906	Bb3	55	80	0	0	42570	P1-60-2	0	-
994	296.115885	297.709635	Eb4	60	80	0	0	42810	P1-60-6	0	-
995	296.128906	297.468750	G3	45	80	0	0	42810	P1-60-4	0	-
996	296.144531	297.399740	Bb3	49	80	0	0	42810	P1-60-5	0	-
997	297.597656	298.869792	D4	48	80	0	0	43050	P1-60-9	0	-
998	297.604167	298.919271	F#3	44	80	0	0	43050	P1-60-7	0	-
999	297.626302	298.709635	Bb3	43	80	0	0	43050	P1-60-8	0	-
1000	299.273438	301.039062	D4	41	80	0	0	43290	P1-61-3	0	-
1001	299.303385	300.639323	Bb3	35	80	0	0	43290	P1-61-2	0	-
1002	299.304688	300.539062	F#3	33	80	0	0	43290	P1-61-1	0	-
1003	300.595052	300.759115	Bb2	33	80	0	0	43470	P1-61-11	0	-
1004	300.713542	300.959635	Bb1	32	80	0	0	43490	P1-61-12	0	-
1005	300.837240	301.408854	Bb2	30	80	0	0	43510	P1-61-13	0	-
1006	300.930990	302.479167	Eb4	45	80	0	0	43530	P1-61-6	0	-
1007	300.959635	302.908854	Bb3	35	80	0	0	43530	P1-61-5	0	-
1008	300.967448	301.919271	G3	31	80	0	0	43530	P1-61-4	0	-
1009	300.970052	301.479167	Bb1	30	80	0	0	43530	P1-61-14	0	-
1010	302.143229	302.204427	Bb2	36	80	0	0	43710	P1-61-16	0	-
1011	302.250000	302.348958	Bb1	32	80	0	0	43730	P1-61-17	0	-
1012	302.330729	302.414062	Bb2	37	80	0	0	43750	P1-61-18	0	-
1013	302.457031	303.009115	Bb1	28	80	0	0	43770	P1-61-19	0	-
1014	303.654948	303.713542	Bb2	24	80	0	0	43950	P1-61-21	0	-
1015	303.752604	303.859375	Bb1	35	80	0	0	43970	P1-61-22	0	-
1016	303.834635	303.924479	Bb2	45	80	0	0	43990	P1-61-23	0	-
1017	304.010417	305.688802	Ab4	65	80	0	0	44010	P1-62-3	0	-
1018	304.048177	305.509115	Bb3	48	80	0	0	44010	P1-62-1	0	-
1019	304.053385	305.589844	F4	42	80	0	0	44010	P1-62-2	0	-
1020	304.053385	304.059896	D4	34	80	0	0	44010	P1-62-1	0	-
1021	305.463542	307.119792	G4	66	80	0	0	44250	P1-62-6	0	-
1022	305.515625	307.029948	Eb4	41	80	0	0	44250	P1-62-5	0	-
1023	305.515625	306.959635	Bb3	45	80	0	0	44250	P1-62-4	0	-
1024	306.925781	308.059896	F#4	57	80	0	0	44490	P1-62-9	0	-
1025	306.964844	308.209635	D4	42	80	0	0	44490	P1-62-8	0	-
1026	306.972656	308.109375	Bb3	41	80	0	0	44490	P1-62-7	0	-
1027	308.567708	310.339844	F#4	56	80	0	0	44730	P1-63-2	0	-
1028	308.613281	310.329427	D4	48	80	0	0	44730	P1-63-1	0	-
1029	308.614583	312.069010	Bb3	42	80	0	0	44730	P1-63-8	0	-
1030	309.963542	310.069010	Eb3	32	80	0	0	44910	P1-63-12	0	-
1031	310.045573	310.739583	Eb2	36	80	0	0	44930	P1-63-13	0	-
1032	310.153646	310.369792	Eb3	42	80	0	0	44950	P1-63-14	0	-
1033	310.282552	312.209635	G4	48	80	0	0	44970	P1-63-4	0	-
1034	310.296875	312.739583	Eb4	44	80	0	0	44970	P1-63-3	0	-
1035	311.458333	311.639323	Eb3	39	80	0	0	45150	P1-63-17	0	-
1036	311.561198	311.658854	Eb2	40	80	0	0	45170	P1-63-18	0	-
1037	311.645833	311.717448	Eb3	43	80	0	0	45190	P1-63-19	0	-
1038	311.774740	312.049479	Eb2	42	80	0	0	45210	P1-63-20	0	-
1039	312.563802	313.389323	G4	66	80	0	0	45330	P1-63-7	0	-
1040	313.040365	313.102865	Eb3	38	80	0	0	45390	P1-63-22	0	-
1041	313.144531	313.718750	Eb2	43	80	0	0	45410	P1-63-23	0	-
1042	313.256510	313.389323	Eb3	40	80	0	0	45430	P1-63-24	0	-
1043	313.368490	314.968750	Eb5	79	80	0	0	45450	P1-64-2	0	-
1044	313.399740	313.509115	Eb3	37	80	0	0	45450	P1-64-1	0	-
1045	313.402344	314.709635	G4	44	80	0	0	45450	P1-64-1	0	-
1046	314.744792	315.718750	C5	82	80	0	0	45690	P1-64-5	0	-
1047	314.781250	315.649740	G4	61	80	0	0	45690	P1-64-4	0	-
1048	314.785156	315.658854	Eb4	56	80	0	0	45690	P1-64-3	0	-
1049	316.222656	317.128906	Bb4	87	80	0	0	45930	P1-64-8	0	-
1050	316.240885	317.119792	G4	70	80	0	0	45930	P1-64-7	0	-
1051	316.244792	317.199219	D4	60	80	0	0	45930	P1-64-6	0	-
1052	318.281250	320.049479	A4	35	80	0	0	46170	P1-65-3	0	-
1053	318.305990	320.089844	F4	33	80	0	0	46170	P1-65-2	0	-
1054	318.311198	319.889323	C4	25	80	0	0	46170	P1-65-1	0	-
1055	319.425781	319.539062	F3	30	80	0	0	46350	P1-65-15	0	-
1056	319.535156	319.924479	F2	28	80	0	0	46370	P1-65-16	0	-
1057	319.615885	319.704427	F3	38	80	0	0	46390	P1-65-17	0	-
1058	320.403646	320.919271	A4	44	80	0	0	46530	P1-65-6	0	-
1059	320.445312	320.859375	F4	29	80	0	0	46530	P1-65-5	0	-
1060	320.445312	320.839844	C4	25	80	0	0	46530	P1-65-4	0	-
1061	320.782552	320.919271	F6	55	80	0	0	46590	P1-65-20	0	-
1062	320.894531	320.940104	F5	47	80	0	0	46610	P1-65-21	0	-
1063	320.966146	321.259115	F6	54	80	0	0	46630	P1-65-22	0	-
1064	321.093750	321.769531	Bb4	47	80	0	0	46650	P1-65-9	0	-
1065	321.104167	321.209635	F5	46	80	0	0	46650	P1-65-23	0	-
1066	321.125000	321.529948	D4	31	80	0	0	46650	P1-65-7	0	-
1067	321.128906	321.569010	F4	30	80	0	0	46650	P1-65-8	0	-
1068	321.743490	322.158854	C5	55	80	0	0	46770	P1-65-12	0	-
1069	321.773438	322.188802	F4	33	80	0	0	46770	P1-65-11	0	-
1070	321.776042	322.169271	Eb4	32	80	0	0	46770	P1-65-10	0	-
1071	322.506510	323.759115	C5	62	80	0	0	46890	P1-66-2	0	-
1072	322.537760	323.829427	F4	41	80	0	0	46890	P1-66-16	0	-
1073	322.541667	323.319010	Eb4	42	80	0	0	46890	P1-66-1	0	-
1074	323.550781	323.938802	A4	46	80	0	0	47070	P1-66-4	0	-
1075	323.570312	323.688802	F3	33	80	0	0	47070	P1-66-3	0	-
1076	323.571615	323.779948	C#4	37	80	0	0	47070	P1-66-3	0	-
1077	323.664062	324.209635	F2	36	80	0	0	47090	P1-66-20	0	-
1078	323.778646	323.919271	F3	37	80	0	0	47110	P1-66-21	0	-
1079	323.923177	324.204427	Bb4	51	80	0	0	47130	P1-66-6	0	-
1080	323.945312	324.269531	D4	29	80	0	0	47250	P1-66-7	0	-
1081	323.945312	324.289062	F4	30	80	0	0	47250	P1-66-8	0	-
1082	324.617188	325.139323	Bb4	63	80	0	0	47250	P1-66-9	0	-
1083	324.662760	325.128906	D4	40	80	0	0	47250	P1-66-7	0	-
1084	324.665365	325.119792	F4	40	80	0	0	47250	P1-66-8	0	-
1085	324.985677	325.035156	F6	61	80	0	0	47310	P1-66-24	0	-
1086	325.095052	325.199219	F5	53	80	0	0	47330	P1-66-25	0	-
1087	325.174479	325.329427	F6	59	80	0	0	47350	P1-66-26	0	-
1088	325.282552	325.769531	C5	67	80	0	0	47370	P1-66-12	0	-
1089	325.298177	325.709635	A4	54	80	0	0	47370	P1-66-11	0	-
1090	325.307292	325.729167	F4	43	80	0	0	47370	P1-66-10	0	-
1091	325.882812	326.429688	D5	73	80	0	0	47490	P1-66-15	0	-
1092	325.921875	326.429688	Bb4	52	80	0	0	47490	P1-66-14	0	-
1093	325.924479	326.389323	F4	44	80	0	0	47490	P1-66-13	0	-
1094	326.648438	327.869792	D5	75	80	0	0	47610	P1-67-2	0	-
1095	326.684896	328.519531	F4	46	80	0	0	47610	P1-67-16	0	-
1096	326.692708	327.699219	Bb4	55	80	0	0	47610	P1-67-1	0	-
1097	327.664062	328.059896	B4	60	80	0	0	47790	P1-67-4	0	-
1098	327.691406	328.049479	G#4	50	80	0	0	47790	P1-67-3	0	-
1099	327.705729	327.783854	F3	34	80	0	0	47790	P1-67-20	0	-
1100	327.796875	328.319010	F2	42	80	0	0	47810	P1-67-21	0	-
1101	327.911458	328.089844	F3	41	80	0	0	47830	P1-67-22	0	-
1102	328.028646	328.539062	C5	60	80	0	0	47850	P1-67-6	0	-
1103	328.033854	328.539062	A4	50	80	0	0	47850	P1-67-5	0	-
1104	328.764323	329.509115	C5	80	80	0	0	47970	P1-67-9	0	-
1105	328.772135	329.559896	A4	64	80	0	0	47970	P1-67-8	0	-
1106	328.803385	329.329427	F4	50	80	0	0	47970	P1-67-7	0	-
1107	329.144531	329.279948	F6	64	80	0	0	48030	P1-67-25	0	-
1108	329.247396	329.305990	F5	60	80	0	0	48050	P1-67-26	0	-
1109	329.325521	329.429688	F6	71	80	0	0	48070	P1-67-27	0	-
1110	329.410156	330.128906	D5	85	80	0	0	48090	P1-67-12	0	-
1111	329.417969	330.229167	Bb4	74	80	0	0	48090	P1-67-11	0	-
1112	329.427083	330.039062	F4	68	80	0	0	48090	P1-67-10	0	-
1113	330.072917	330.669271	Eb5	87	80	0	0	48210	P1-67-15	0	-
1114	330.092448	330.729167	C5	70	80	0	0	48210	P1-67-14	0	-
1115	330.095052	330.789062	F4	59	80	0	0	48210	P1-67-13	0	-
1116	330.841146	332.259115	Eb5	85	80	0	0	48330	P1-68-2	0	-
1117	330.867188	332.119792	C5	67	80	0	0	48330	P1-68-1	0	-
1118	330.873698	332.500000	F4	57	80	0	0	48330	P1-68-18	0	-
1119	331.855469	332.074219	C#5	77	80	0	0	48510	P1-68-4	0	-
1120	331.885417	332.259115	A4	50	80	0	0	48510	P1-68-3	0	-
1121	331.902344	332.039062	F3	45	80	0	0	48510	P1-68-22	0	-
1122	332.005208	332.239583	F2	50	80	0	0	48530	P1-68-23	0	-
1123	332.109375	332.299479	F3	53	80	0	0	48550	P1-68-24	0	-
1124	332.222656	332.769531	D5	79	80	0	0	48570	P1-68-6	0	-
1125	332.242188	332.779948	Bb4	58	80	0	0	48570	P1-68-5	0	-
1126	332.244792	332.539062	F2	53	80	0	0	48570	P1-68-25	0	-
1127	332.924479	333.509115	D5	91	80	0	0	48690	P1-68-9	0	-
1128	332.941406	333.489583	Bb4	84	80	0	0	48690	P1-68-8	0	-
1129	332.945312	333.569010	F4	76	80	0	0	48690	P1-68-7	0	-
1130	333.338542	333.411458	F6	84	80	0	0	48750	P1-68-27	0	-
1131	333.445312	333.524740	F5	69	80	0	0	48770	P1-68-28	0	-
1132	333.518229	333.628906	F6	85	80	0	0	48790	P1-68-29	0	-
1133	333.631510	334.226562	E5	92	80	0	0	48810	P1-68-13	0	-
1134	333.634115	334.229167	Db5	81	80	0	0	48810	P1-68-12	0	-
1135	333.635417	334.223958	Bb4	76	80	0	0	48810	P1-68-11	0	-
1136	333.636719	334.244792	G4	80	80	0	0	48810	P1-68-10	0	-
1137	334.354167	334.929688	E5	88	80	0	0	48930	P1-68-17	0	-
1138	334.356771	334.968750	Db5	84	80	0	0	48930	P1-68-16	0	-
1139	334.361979	335.098958	Bb4	83	80	0	0	48930	P1-68-15	0	-
1140	334.363281	335.098958	G4	81	80	0	0	48930	P1-68-14	0	-
1141	334.761719	334.908854	F6	91	80	0	0	48990	P1-68-32	0	-
1142	334.875000	335.019531	F5	70	80	0	0	49010	P1-68-33	0	-
1143	335.023438	335.158854	F6	86	80	0	0	49030	P1-68-34	0	-
1144	335.412760	335.819010	F5	66	80	0	0	49050	P1-69-3	0	-
1145	335.464844	335.878906	C5	48	80	0	0	49050	P1-69-2	0	-
1146	335.464844	335.929688	A4	43	80	0	0	49050	P1-69-1	0	-
1147	336.204427	337.169271	C5	69	80	0	0	49170	P1-69-6	0	-
1148	336.225260	337.179688	A4	47	80	0	0	49170	P1-69-5	0	-
1149	336.242188	337.179688	F4	41	80	0	0	49170	P1-69-4	0	-
1150	336.587240	336.674479	F3	42	80	0	0	49230	P1-69-18	0	-
1151	336.716146	336.854167	F2	42	80	0	0	49260	P1-69-19	0	-
1152	336.915365	336.996094	F3	37	80	0	0	49290	P1-69-20	0	-
1153	337.535156	338.250000	C5	70	80	0	0	49410	P1-69-9	0	-
1154	337.565104	338.119792	A4	48	80	0	0	49410	P1-69-8	0	-
1155	337.572917	337.979167	F4	47	80	0	0	49410	P1-69-7	0	-
1156	337.916667	338.033854	F6	71	80	0	0	49470	P1-69-22	0	-
1157	338.074219	338.229167	F5	53	80	0	0	49500	P1-69-23	0	-
1158	338.265625	339.339844	E5	58	80	0	0	49530	P1-69-12	0	-
1159	338.283854	338.789062	G4	37	80	0	0	49530	P1-69-10	0	-
1160	338.299479	338.729167	Bb4	43	80	0	0	49530	P1-69-11	0	-
1161	338.313802	338.579427	F6	59	80	0	0	49530	P1-69-24	0	-
1162	339.023438	339.519531	C5	42	80	0	0	49650	P1-69-15	0	-
1163	339.031250	339.375000	Bb4	40	80	0	0	49650	P1-69-14	0	-
1164	339.040365	339.589844	G4	31	80	0	0	49650	P1-69-13	0	-
1165	339.794271	340.369792	F5	69	80	0	0	49770	P1-70-3	0	-
1166	339.841146	340.309896	A4	43	80	0	0	49770	P1-70-2	0	-
1167	339.845052	340.348958	F4	45	80	0	0	49770	P1-70-1	0	-
1168	340.524740	341.609375	C5	67	80	0	0	49890	P1-70-6	0	-
1169	340.545573	341.609375	A4	49	80	0	0	49890	P1-70-5	0	-
1170	340.555990	341.649740	F4	46	80	0	0	49890	P1-70-4	0	-
1171	340.875000	340.944010	F3	42	80	0	0	49950	P1-70-18	0	-
1172	341.002604	341.348958	F2	47	80	0	0	49980	P1-70-19	0	-
1173	341.222656	341.489583	F3	43	80	0	0	50010	P1-70-20	0	-
1174	341.897135	342.389323	C5	66	80	0	0	50130	P1-70-9	0	-
1175	341.925781	342.369792	A4	42	80	0	0	50130	P1-70-8	0	-
1176	341.930990	342.289062	F4	40	80	0	0	50130	P1-70-7	0	-
1177	342.256510	342.372396	F6	74	80	0	0	50190	P1-70-22	0	-
1178	342.414062	342.519531	F5	52	80	0	0	50220	P1-70-23	0	-
1179	342.602865	343.679688	E5	62	80	0	0	50250	P1-70-12	0	-
1180	342.621094	342.729167	E6	67	80	0	0	50250	P1-70-24	0	-
1181	342.625000	343.003906	Bb4	50	80	0	0	50250	P1-70-11	0	-
1182	342.625000	343.098958	G4	41	80	0	0	50250	P1-70-10	0	-
1183	342.627604	342.639323	F6	65	80	0	0	50250	P1-70-24	0	-
1184	343.373698	343.889323	C5	48	80	0	0	50370	P1-70-15	0	-
1185	343.385417	343.848958	Bb4	42	80	0	0	50370	P1-70-14	0	-
1186	343.403646	343.929688	G4	34	80	0	0	50370	P1-70-13	0	-
1187	344.244792	344.709635	F5	55	80	0	0	50490	P1-71-3	0	-
1188	344.278646	344.635417	A4	34	80	0	0	50490	P1-71-2	0	-
1189	344.283854	344.634115	F4	32	80	0	0	50490	P1-71-1	0	-
1190	345.045573	346.479167	C5	52	80	0	0	50610	P1-71-6	0	-
1191	345.053385	346.098958	A4	39	80	0	0	50610	P1-71-5	0	-
1192	345.053385	346.218750	F4	40	80	0	0	50610	P1-71-4	0	-
1193	345.429688	345.522135	F3	31	80	0	0	50670	P1-71-15	0	-
1194	345.592448	345.829427	F2	34	80	0	0	50700	P1-71-16	0	-
1195	345.783854	346.319010	F3	32	80	0	0	50730	P1-71-17	0	-
1196	346.489583	346.750000	A4	45	80	0	0	50850	P1-71-9	0	-
1197	346.526042	347.539062	F4	35	80	0	0	50850	P1-71-8	0	-
1198	346.531250	347.459635	C4	29	80	0	0	50850	P1-71-7	0	-
1199	346.761719	347.709635	A4	30	80	0	0	50850	P1-71-9	0	-
1200	346.878906	346.971354	F3	29	80	0	0	50910	P1-71-19	0	-
1201	347.029948	347.369792	F2	29	80	0	0	50940	P1-71-20	0	-
1202	347.243490	347.382812	F3	26	80	0	0	50970	P1-71-21	0	-
1203	347.976562	349.319010	F4	39	80	0	0	51090	P1-71-12	0	-
1204	348.002604	349.229167	A3	34	80	0	0	51090	P1-71-10	0	-
1205	348.002604	349.468750	C4	32	80	0	0	51090	P1-71-11	0	-
1206	348.364583	348.437500	F3	29	80	0	0	51150	P1-71-23	0	-
1207	348.532552	348.848958	F2	33	80	0	0	51180	P1-71-24	0	-
1208	348.764323	349.319010	F3	33	80	0	0	51210	P1-72-13	0	-
1209	349.645833	350.585938	F4	52	80	0	0	51330	P1-72-14	0	-
1210	350.464844	351.432292	E4	73	80	0	0	51450	P1-72-15	0	-
1211	351.296875	352.989583	F4	72	80	0	0	51570	P1-72-19	0	-
1212	351.312500	352.225260	Eb4	72	80	0	0	51570	P1-72-16	0	-
1213	352.109375	353.039062	D4	66	80	0	0	51690	P1-72-17	0	-
1214	352.523438	352.778646	G4	67	80	0	0	51750	P1-72-7	0	-
1215	352.746094	352.992188	A4	75	80	0	0	51780	P1-72-8	0	-
1216	352.973958	353.449219	Bb4	81	80	0	0	51810	P1-72-9	0	-
1217	352.992188	353.819010	C4	56	80	0	0	51810	P1-72-18	0	-
1218	352.993490	353.908854	Eb4	61	80	0	0	51810	P1-72-20	0	-
1219	353.213542	353.503906	C5	85	80	0	0	51840	P1-72-10	0	-
1220	353.464844	353.809896	D5	90	80	0	0	51870	P1-72-11	0	-
1221	353.774740	355.319010	Eb5	90	80	0	0	51900	P1-72-12	0	-
1222	354.424479	357.500000	F5	64	80	0	0	51930	P1-73-1	0	-
1223	354.480469	355.329427	Bb2	34	80	0	0	51930	P1-73-9	0	-
1224	355.305990	356.250000	Bb3	35	80	0	0	52050	P1-73-10	0	-
1225	355.998698	357.369792	Bb4	44	80	0	0	52170	P1-73-7	0	-
1226	356.011719	357.529948	F4	33	80	0	0	52170	P1-73-12	0	-
1227	356.026042	357.309896	D4	27	80	0	0	52170	P1-73-11	0	-
1228	356.765625	357.750000	Bb3	30	80	0	0	52290	P1-73-13	0	-
1229	357.282552	357.729167	D5	64	80	0	0	52380	P1-73-3	0	-
1230	357.580729	359.269531	Bb5	78	80	0	0	52410	P1-73-4	0	-
1231	357.626302	360.019531	Bb4	47	80	0	0	52410	P1-73-8	0	-
1232	357.664062	358.750000	Eb4	30	80	0	0	52410	P1-73-14	0	-
1233	358.326823	359.218750	Bb3	38	80	0	0	52530	P1-73-16	0	-
1234	358.867188	359.339844	G5	71	80	0	0	52620	P1-73-5	0	-
1235	359.192708	362.188802	F5	69	80	0	0	52650	P1-74-1	0	-
1236	359.231771	359.589844	Bb3	33	80	0	0	52650	P1-74-10	0	-
1237	359.255208	360.289062	F4	34	80	0	0	52650	P1-74-11	0	-
1238	359.257812	360.109375	D4	32	80	0	0	52650	P1-74-10	0	-
1239	359.957031	361.000000	Bb3	35	80	0	0	52770	P1-74-12	0	-
1240	360.679688	362.039062	Bb4	44	80	0	0	52890	P1-74-7	0	-
1241	360.710938	362.009115	F4	32	80	0	0	52890	P1-74-14	0	-
1242	360.713542	361.669271	D4	31	80	0	0	52890	P1-74-13	0	-
1243	361.411458	362.000000	Bb3	35	80	0	0	53010	P1-74-15	0	-
1244	361.917969	362.286458	D5	68	80	0	0	53100	P1-74-3	0	-
1245	362.207031	364.289062	Eb5	71	80	0	0	53130	P1-74-4	0	-
1246	362.244792	362.848958	Bb3	39	80	0	0	53130	P1-74-8	0	-
1247	362.246094	363.769531	G3	37	80	0	0	53130	P1-74-16	0	-
1248	362.247396	363.269531	Bb4	44	80	0	0	53130	P1-74-8	0	-
1249	362.945312	363.929688	G4	37	80	0	0	53250	P1-74-9	0	-
1250	362.949219	364.009115	Eb3	37	80	0	0	53250	P1-74-17	0	-
1251	363.494792	364.000000	C5	68	80	0	0	53340	P1-74-5	0	-
1252	363.861979	366.979167	Bb4	69	80	0	0	53370	P1-75-1	0	-
1253	363.868490	364.348958	F2	34	80	0	0	53370	P1-75-10	0	-
1254	364.674479	365.449219	D4	38	80	0	0	53490	P1-75-7	0	-
1255	364.701823	366.158854	F3	29	80	0	0	53490	P1-75-11	0	-
1256	365.430990	366.878906	F4	42	80	0	0	53610	P1-75-8	0	-
1257	365.457031	367.239583	D4	29	80	0	0	53610	P1-75-13	0	-
1258	365.463542	366.609375	Bb3	30	80	0	0	53610	P1-75-12	0	-
1259	366.165365	367.658854	F3	29	80	0	0	53730	P1-75-14	0	-
1260	366.894531	367.433594	D5	57	80	0	0	53850	P1-75-2	0	-
1261	366.955729	367.919271	A3	30	80	0	0	53850	P1-75-15	0	-
1262	366.960938	368.369792	F4	30	80	0	0	53850	P1-75-9	0	-
1263	367.406250	367.744792	C5	69	80	0	0	53910	P1-75-3	0	-
1264	367.772135	368.154948	Bb4	59	80	0	0	53970	P1-75-4	0	-
1265	367.777344	368.598958	F3	37	80	0	0	53970	P1-75-17	0	-
1266	368.109375	368.359375	C5	68	80	0	0	54030	P1-75-5	0	-
1267	368.610677	370.059896	C5	61	80	0	0	54090	P1-76-1	0	-
1268	368.643229	370.158854	F4	40	80	0	0	54090	P1-76-13	0	-
1269	368.645833	369.559896	A3	37	80	0	0	54090	P1-76-15	0	-
1270	368.645833	371.229167	Bb2	37	80	0	0	54090	P1-76-21	0	-
1271	369.388021	371.039062	F3	34	80	0	0	54210	P1-76-16	0	-
1272	369.933594	370.174479	C#5	50	80	0	0	54300	P1-76-2	0	-
1273	370.200521	371.039062	D5	50	80	0	0	54330	P1-76-3	0	-
1274	370.234375	370.789062	F4	22	80	0	0	54330	P1-76-3	0	-
1275	370.235677	371.218750	Bb3	26	80	0	0	54330	P1-76-17	0	-
1276	370.984375	371.783854	D3	49	80	0	0	54450	P1-76-18	0	-
1277	371.701823	372.493490	Eb3	57	80	0	0	54570	P1-76-19	0	-
1278	371.897135	371.973958	F4	55	80	0	0	54600	P1-76-6	0	-
1279	372.101562	372.162760	G4	75	80	0	0	54630	P1-76-7	0	-
1280	372.285156	372.341146	A4	75	80	0	0	54660	P1-76-8	0	-
1281	372.470052	372.520833	Bb4	76	80	0	0	54690	P1-76-9	0	-
1282	372.494792	373.501302	C3	53	80	0	0	54690	P1-76-20	0	-
1283	372.673177	372.733073	C5	80	80	0	0	54720	P1-76-10	0	-
1284	372.893229	372.947917	D5	79	80	0	0	54750	P1-76-11	0	-
1285	373.126302	373.194010	Eb5	79	80	0	0	54780	P1-76-12	0	-
1286	373.532552	376.529948	F5	71	80	0	0	54810	P1-77-1	0	-
1287	373.567708	375.128906	Bb2	37	80	0	0	54810	P1-77-9	0	-
1288	374.290365	375.329427	Bb3	35	80	0	0	54930	P1-77-10	0	-
1289	374.632812	375.188802	A4	47	80	0	0	54990	P1-77-7	0	-
1290	375.053385	379.109375	Bb4	53	80	0	0	55050	P1-77-8	0	-
1291	375.096354	376.609375	F4	30	80	0	0	55050	P1-77-12	0	-
1292	375.098958	376.199219	D4	25	80	0	0	55050	P1-77-11	0	-
1293	375.822917	376.869792	Bb3	32	80	0	0	55170	P1-77-13	0	-
1294	376.373698	376.716146	D5	61	80	0	0	55260	P1-77-3	0	-
1295	376.648438	378.359375	Bb5	74	80	0	0	55290	P1-77-4	0	-
1296	376.709635	378.179688	Eb4	40	80	0	0	55290	P1-77-14	0	-
1297	377.417969	378.649740	Bb3	33	80	0	0	55410	P1-77-16	0	-
1298	377.944010	378.389323	G5	63	80	0	0	55500	P1-77-5	0	-
1299	378.231771	381.128906	F5	60	80	0	0	55530	P1-78-1	0	-
1300	378.279948	379.309896	D4	26	80	0	0	55530	P1-78-11	0	-
1301	378.282552	379.438802	F4	28	80	0	0	55530	P1-78-12	0	-
1302	379.041667	380.199219	Bb3	33	80	0	0	55650	P1-78-13	0	-
1303	379.403646	379.949219	A4	44	80	0	0	55710	P1-78-7	0	-
1304	379.813802	381.158854	Bb4	52	80	0	0	55770	P1-78-8	0	-
1305	379.863281	380.649740	D4	26	80	0	0	55770	P1-78-14	0	-
1306	379.864583	380.669271	F4	26	80	0	0	55770	P1-78-15	0	-
1307	380.554688	381.509115	Bb3	39	80	0	0	55890	P1-78-16	0	-
1308	381.074219	381.449219	D5	69	80	0	0	55980	P1-78-3	0	-
1309	381.372396	381.863281	F5	72	80	0	0	56010	P1-78-4	0	-
1310	381.384115	382.429688	Bb4	59	80	0	0	56010	P1-78-9	0	-
1311	381.420573	383.079427	G3	40	80	0	0	56010	P1-78-17	0	-
1312	381.832031	383.059896	Eb5	64	80	0	0	56010	P1-78-4	0	-
1313	382.195312	383.179688	Eb3	40	80	0	0	56130	P1-78-18	0	-
1314	382.199219	383.029948	G4	47	80	0	0	56130	P1-78-10	0	-
1315	382.574219	383.179688	C5	72	80	0	0	56220	P1-78-5	0	-
1316	383.055990	385.519531	Bb4	80	80	0	0	56250	P1-79-1	0	-
1317	383.105469	383.718750	D4	45	80	0	0	56250	P1-79-3	0	-
1318	383.114583	385.789062	F3	38	80	0	0	56250	P1-79-14	0	-
1319	383.890625	384.628906	D4	49	80	0	0	56370	P1-79-5	0	-
1320	383.933594	385.119792	Bb3	47	80	0	0	56370	P1-79-4	0	-
1321	384.631510	385.569010	F4	57	80	0	0	56490	P1-79-7	0	-
1322	384.636719	385.128906	D4	46	80	0	0	56490	P1-79-6	0	-
1323	385.372396	385.859375	D4	58	80	0	0	56610	P1-79-9	0	-
1324	385.388021	385.979167	Bb3	56	80	0	0	56610	P1-79-8	0	-
1325	386.167969	388.889323	F4	81	80	0	0	56730	P1-79-2	0	-
1326	386.188802	387.019531	A3	67	80	0	0	56730	P1-79-10	0	-
1327	386.201823	387.509115	C4	65	80	0	0	56730	P1-79-11	0	-
1328	386.207031	387.569010	F2	57	80	0	0	56730	P1-79-16	0	-
1329	386.208333	387.658854	F1	55	80	0	0	56730	P1-79-15	0	-
1330	387.028646	388.250000	A3	69	80	0	0	56850	P1-79-13	0	-
1331	387.032552	387.549479	F3	54	80	0	0	56850	P1-79-12	0	-
1332	388.114583	388.537760	D4	34	80	0	0	56970	P1-80-3	0	-
1333	388.122396	388.848958	Bb3	32	80	0	0	56970	P1-80-2	0	-
1334	388.126302	388.609375	F3	26	80	0	0	56970	P1-80-1	0	-
1335	388.154948	388.639323	Bb1	25	80	0	0	56970	P1-80-8	0	-
1336	388.156250	388.649740	Bb2	26	80	0	0	56970	P1-80-2	0	-
1337	389.263021	389.438802	Bb2	32	80	0	0	57150	P1-80-10	0	-
1338	389.358073	389.410156	Bb1	36	80	0	0	57170	P1-80-11	0	-
1339	389.446615	389.609375	Bb2	39	80	0	0	57190	P1-80-12	0	-
1340	389.565104	389.829427	Bb1	40	80	0	0	57210	P1-80-13	0	-
1341	390.694010	390.756510	Bb2	28	80	0	0	57390	P1-80-15	0	-
1342	390.804688	390.908854	Bb1	31	80	0	0	57410	P1-80-16	0	-
1343	390.885417	390.975260	Bb2	31	80	0	0	57430	P1-80-17	0	-
1344	391.014323	391.204427	Bb1	26	80	0	0	57450	P1-80-18	0	-
1345	391.772135	392.348958	Bb3	32	80	0	0	57570	P1-80-7	0	-
1346	392.645833	394.209635	Bb3	34	80	0	0	57690	P1-81-1	0	-
1347	393.984375	394.149740	Bb2	29	80	0	0	57870	P1-81-6	0	-
1348	394.102865	394.529948	Bb1	34	80	0	0	57890	P1-81-7	0	-
1349	394.205729	394.348958	Bb2	35	80	0	0	57910	P1-81-8	0	-
1350	394.343750	396.759115	Cb4	49	80	0	0	57930	P1-81-2	0	-
1351	394.354167	397.500000	Ab3	45	80	0	0	57930	P1-81-18	0	-
1352	394.365885	397.500000	D3	34	80	0	0	57930	P1-81-16	0	-
1353	394.367188	397.500000	F3	35	80	0	0	57930	P1-81-17	0	-
1354	395.595052	395.799479	Bb2	39	80	0	0	58110	P1-81-11	0	-
1355	395.696615	395.929688	Bb1	36	80	0	0	58130	P1-81-12	0	-
1356	395.804688	396.408854	Bb2	35	80	0	0	58150	P1-81-13	0	-
1357	395.942708	396.598958	Bb1	22	80	0	0	58170	P1-81-14	0	-
1358	396.772135	397.679688	Cb4	59	80	0	0	58290	P1-81-3	0	-
1359	397.691406	399.158854	Cb4	64	80	0	0	58410	P1-82-1	0	-
1360	398.980469	399.169271	Bb2	47	80	0	0	58590	P1-82-9	0	-
1361	399.102865	399.348958	Bb1	31	80	0	0	58610	P1-82-10	0	-
1362	399.182292	399.929688	Bb2	43	80	0	0	58630	P1-82-11	0	-
1363	399.303385	401.569010	D4	63	80	0	0	58650	P1-82-5	0	-
1364	399.321615	402.309896	Cb4	61	80	0	0	58650	P1-82-4	0	-
1365	399.330729	402.269531	F3	45	80	0	0	58650	P1-82-2	0	-
1366	399.355469	401.938802	Ab3	51	80	0	0	58650	P1-82-3	0	-
1367	399.364583	399.899740	Bb1	43	80	0	0	58650	P1-82-12	0	-
1368	400.595052	400.809896	Bb2	45	80	0	0	58830	P1-82-14	0	-
1369	400.712240	400.919271	Bb1	41	80	0	0	58850	P1-82-15	0	-
1370	400.816406	401.269531	Bb2	44	80	0	0	58870	P1-82-16	0	-
1371	400.929688	401.500000	Bb1	40	80	0	0	58890	P1-82-17	0	-
1372	401.753906	402.408854	D4	67	80	0	0	59010	P1-82-6	0	-
1373	402.606771	405.348958	D4	76	80	0	0	59130	P1-83-1	0	-
1374	403.881510	404.039062	Bb2	59	80	0	0	59310	P1-83-12	0	-
1375	403.993490	404.289062	Bb1	35	80	0	0	59330	P1-83-13	0	-
1376	404.088542	404.279948	Bb2	51	80	0	0	59350	P1-83-14	0	-
1377	404.194010	405.559896	F4	79	80	0	0	59370	P1-83-5	0	-
1378	404.203125	405.429688	Cb4	75	80	0	0	59370	P1-83-3	0	-
1379	404.205729	405.489583	Ab3	72	80	0	0	59370	P1-83-2	0	-
1380	405.463542	405.589844	Bb2	56	80	0	0	59550	P1-83-17	0	-
1381	405.545573	405.779948	Bb1	58	80	0	0	59570	P1-83-18	0	-
1382	405.647135	405.769531	Bb2	55	80	0	0	59590	P1-83-19	0	-
1383	405.763021	407.609375	Ab4	92	80	0	0	59610	P1-83-9	0	-
1384	405.768229	408.718750	Cb4	83	80	0	0	59610	P1-83-6	0	-
1385	405.774740	408.688802	F4	75	80	0	0	59610	P1-83-8	0	-
1386	405.779948	406.628906	Bb2	74	80	0	0	59610	P1-83-20	0	-
1387	405.781250	408.779948	D4	72	80	0	0	59610	P1-83-7	0	-
1388	405.785156	406.348958	Bb1	63	80	0	0	59610	P1-83-20	0	-
1389	407.076823	407.218750	Bb2	68	80	0	0	59790	P1-83-22	0	-
1390	407.197917	407.549479	Bb1	57	80	0	0	59810	P1-83-23	0	-
1391	407.333333	408.500000	Bb2	56	80	0	0	59830	P1-83-24	0	-
1392	407.513021	410.009115	Cb5	100	80	0	0	59850	P1-84-1	0	-
1393	407.555990	408.079427	Bb1	48	80	0	0	59850	P1-84-10	0	-
1394	408.712240	408.815104	Ab3	62	80	0	0	60030	P1-84-12	0	-
1395	408.852865	410.250000	Bb2	43	80	0	0	60050	P1-84-13	0	-
1396	408.984375	410.250000	Ab3	40	80	0	0	60070	P1-84-14	0	-
1397	409.104167	411.029948	Ab4	59	80	0	0	60090	P1-84-7	0	-
1398	409.113281	410.729167	D4	50	80	0	0	60090	P1-84-5	0	-
1399	409.118490	410.769531	F4	46	80	0	0	60090	P1-84-6	0	-
1400	410.575521	410.709635	Ab3	31	80	0	0	60270	P1-84-17	0	-
1401	410.667969	410.968750	Bb2	30	80	0	0	60290	P1-84-18	0	-
1402	410.785156	410.959635	Ab3	34	80	0	0	60310	P1-84-19	0	-
1403	410.957031	412.438802	Bb4	52	80	0	0	60330	P1-84-2	0	-
1404	410.966146	411.919271	G#3	37	80	0	0	60330	P1-84-20	0	-
1405	410.972656	412.378906	F4	41	80	0	0	60330	P1-84-9	0	-
1406	410.975260	412.389323	D4	37	80	0	0	60330	P1-84-8	0	-
1407	410.975260	412.449219	Bb2	34	80	0	0	60330	P1-84-20	0	-
1408	411.765625	412.434896	Ab4	49	80	0	0	60450	P1-84-3	0	-
1409	412.393229	414.199219	F#4	46	80	0	0	60570	P1-85-1	0	-
1410	413.733073	413.899740	Bb2	37	80	0	0	60750	P1-85-9	0	-
1411	413.859375	414.369792	Bb1	36	80	0	0	60770	P1-85-10	0	-
1412	413.949219	414.359375	Bb2	33	80	0	0	60790	P1-85-11	0	-
1413	414.110677	416.158854	G4	46	80	0	0	60810	P1-85-2	0	-
1414	414.126302	416.029948	Bb3	40	80	0	0	60810	P1-85-5	0	-
1415	414.156250	416.149740	Eb4	38	80	0	0	60810	P1-85-6	0	-
1416	415.378906	415.440104	Bb2	41	80	0	0	60990	P1-85-14	0	-
1417	415.489583	415.550781	Bb1	39	80	0	0	61010	P1-85-15	0	-
1418	415.576823	415.649740	Bb2	39	80	0	0	61030	P1-85-16	0	-
1419	415.708333	415.968750	Bb1	38	80	0	0	61050	P1-85-17	0	-
1420	416.403646	417.408854	Bb4	75	80	0	0	61170	P1-85-3	0	-
1421	417.300781	420.009115	Eb5	89	80	0	0	61290	P1-86-1	0	-
1422	418.514323	418.588542	Bb3	59	80	0	0	61470	P1-86-11	0	-
1423	418.631510	418.799479	Bb2	44	80	0	0	61490	P1-86-12	0	-
1424	418.712240	419.619792	Bb3	60	80	0	0	61510	P1-86-13	0	-
1425	418.804688	420.899740	A4	83	80	0	0	61530	P1-86-5	0	-
1426	418.805990	419.658854	Bb2	70	80	0	0	61530	P1-86-14	0	-
1427	418.809896	419.019531	Eb4	79	80	0	0	61530	P1-86-7	0	-
1428	418.809896	422.199219	Gb4	82	80	0	0	61530	P1-86-8	0	-
1429	419.031250	421.429688	Eb4	56	80	0	0	61530	P1-86-7	0	-
1430	420.013021	420.229167	Bb3	47	80	0	0	61710	P1-86-16	0	-
1431	420.134115	421.259115	Bb2	43	80	0	0	61730	P1-86-17	0	-
1432	420.242188	421.889323	Bb3	41	80	0	0	61750	P1-86-18	0	-
1433	420.326823	421.819010	C5	81	80	0	0	61770	P1-86-2	0	-
1434	421.019531	422.729167	A4	72	80	0	0	61890	P1-86-3	0	-
1435	421.832031	423.589844	C5	60	80	0	0	62010	P1-87-1	0	-
1436	423.154948	423.243490	Bb2	40	80	0	0	62190	P1-87-12	0	-
1437	423.291667	423.449219	Bb1	27	80	0	0	62210	P1-87-13	0	-
1438	423.384115	423.938802	Bb2	28	80	0	0	62230	P1-87-14	0	-
1439	423.451823	425.158854	Bb4	64	80	0	0	62250	P1-87-2	0	-
1440	423.496094	424.779948	F4	41	80	0	0	62250	P1-87-7	0	-
1441	423.503906	424.878906	D4	36	80	0	0	62250	P1-87-6	0	-
1442	423.507812	423.869792	Bb1	35	80	0	0	62250	P1-87-15	0	-
1443	423.514323	423.529948	F3	33	80	0	0	62250	P1-87-7	0	-
1444	424.673177	424.829427	Bb2	46	80	0	0	62430	P1-87-17	0	-
1445	424.804688	425.729167	Bb1	40	80	0	0	62450	P1-87-18	0	-
1446	424.894531	425.509115	Bb2	35	80	0	0	62470	P1-87-19	0	-
1447	424.989583	426.158854	Ab4	60	80	0	0	62490	P1-87-9	0	-
1448	424.998698	426.098958	F4	52	80	0	0	62490	P1-87-8	0	-
1449	425.007812	425.019531	Bb3	47	80	0	0	62490	P1-87-8	0	-
1450	425.674479	426.500000	D5	82	80	0	0	62610	P1-87-4	0	-
1451	426.428385	427.295573	F5	90	80	0	0	62730	P1-88-1	0	-
1452	427.236979	429.119792	Eb5	88	80	0	0	62850	P1-88-2	0	-
1453	427.605469	427.779948	Bb3	56	80	0	0	62910	P1-88-18	0	-
1454	427.695312	428.848958	Bb2	54	80	0	0	62910	P1-88-18	0	-
1455	427.790365	427.908854	Bb3	61	80	0	0	62950	P1-88-20	0	-
1456	427.903646	428.699219	Bb4	72	80	0	0	62970	P1-88-7	0	-
1457	427.904948	428.699219	G4	77	80	0	0	62970	P1-88-6	0	-
1458	427.915365	428.878906	Bb3	67	80	0	0	62970	P1-88-7	0	-
1459	428.653646	429.688802	A4	79	80	0	0	63090	P1-88-9	0	-
1460	428.653646	429.959635	Gb4	87	80	0	0	63090	P1-88-8	0	-
1461	429.101562	429.259115	Bb3	74	80	0	0	63150	P1-88-23	0	-
1462	429.203125	430.769531	Bb2	69	80	0	0	63170	P1-88-24	0	-
1463	429.304688	430.269531	Bb3	68	80	0	0	63190	P1-88-25	0	-
1464	429.416667	430.519531	C5	90	80	0	0	63210	P1-88-3	0	-
1465	429.437500	430.059896	Eb4	74	80	0	0	63210	P1-88-10	0	-
1466	430.240885	431.359375	A4	67	80	0	0	63330	P1-88-4	0	-
1467	430.265625	431.649740	Gb4	59	80	0	0	63330	P1-88-15	0	-
1468	430.269531	430.848958	C4	52	80	0	0	63330	P1-88-13	0	-
1469	430.270833	430.839844	Eb4	58	80	0	0	63330	P1-88-14	0	-
1470	430.743490	430.959635	Bb3	74	80	0	0	63390	P1-88-28	0	-
1471	430.877604	431.095052	Bb2	50	80	0	0	63410	P1-88-29	0	-
1472	431.052083	431.279948	Bb3	60	80	0	0	63430	P1-88-30	0	-
1473	431.375000	436.239583	Bb2	55	80	0	0	63450	P1-89-22	0	-
1474	431.402344	432.968750	Bb4	53	80	0	0	63450	P1-89-3	0	-
1475	431.403646	432.289062	Bb3	52	80	0	0	63450	P1-89-3	0	-
1476	431.406250	432.799479	D3	49	80	0	0	63450	P1-89-15	0	-
1477	431.411458	431.959635	D4	44	80	0	0	63450	P1-89-1	0	-
1478	431.414062	432.399740	F4	46	80	0	0	63450	P1-89-2	0	-
1479	432.753906	432.993490	Eb3	55	80	0	0	63660	P1-89-17	0	-
1480	432.778646	433.019531	C3	40	80	0	0	63660	P1-89-16	0	-
1481	432.990885	434.729167	F3	51	80	0	0	63690	P1-89-19	0	-
1482	433.002604	434.699219	D3	44	80	0	0	63690	P1-89-18	0	-
1483	434.643229	436.269531	Eb3	43	80	0	0	63930	P1-89-21	0	-
1484	434.644531	436.049479	C3	37	80	0	0	63930	P1-89-20	0	-
1485	434.843750	434.898438	F4	47	80	0	0	63960	P1-89-7	0	-
1486	435.023438	435.084635	E4	53	80	0	0	63990	P1-89-8	0	-
1487	435.194010	435.239583	F4	58	80	0	0	64020	P1-89-9	0	-
1488	435.375000	435.438802	G4	52	80	0	0	64050	P1-89-10	0	-
1489	435.546875	435.596354	A4	50	80	0	0	64080	P1-89-11	0	-
1490	435.738281	435.829427	Bb4	51	80	0	0	64110	P1-89-12	0	-
1491	435.917969	436.209635	C5	51	80	0	0	64140	P1-89-13	0	-
1492	436.204427	437.679688	D5	58	80	0	0	64170	P1-90-2	0	-
1493	436.247396	436.751302	Bb2	34	80	0	0	64170	P1-90-11	0	-
1494	436.255208	437.750000	Bb4	45	80	0	0	64170	P1-90-1	0	-
1495	436.255208	439.968750	F4	39	80	0	0	64170	P1-90-9	0	-
1496	436.256510	436.759115	D3	38	80	0	0	64170	P1-90-12	0	-
1497	437.704427	438.109375	Eb5	52	80	0	0	64380	P1-90-4	0	-
1498	437.722656	438.119792	C5	48	80	0	0	64380	P1-90-3	0	-
1499	437.962240	439.929688	F5	57	80	0	0	64410	P1-90-6	0	-
1500	438.011719	439.158854	D5	35	80	0	0	64410	P1-90-5	0	-
1501	439.946615	441.628906	Eb5	40	80	0	0	64650	P1-90-8	0	-
1502	439.976562	441.250000	C5	27	80	0	0	64650	P1-90-7	0	-
1503	439.977865	442.098958	F4	23	80	0	0	64650	P1-90-10	0	-
1504	440.209635	440.263021	F3	47	80	0	0	64680	P1-90-16	0	-
1505	440.425781	440.476562	E3	46	80	0	0	64710	P1-90-17	0	-
1506	440.595052	440.654948	F3	50	80	0	0	64740	P1-90-18	0	-
1507	440.795573	440.854167	G3	44	80	0	0	64770	P1-90-19	0	-
1508	440.973958	441.024740	A3	47	80	0	0	64800	P1-90-20	0	-
1509	441.190104	441.252604	Bb3	39	80	0	0	64830	P1-90-21	0	-
1510	441.394531	441.451823	C4	42	80	0	0	64860	P1-90-22	0	-
1511	441.666667	443.500000	D4	46	80	0	0	64890	P1-91-8	0	-
1512	441.667969	441.679688	D5	53	80	0	0	64890	P1-91-3	0	-
1513	441.703125	443.729167	Bb3	41	80	0	0	64890	P1-91-7	0	-
1514	443.402344	443.848958	Eb4	66	80	0	0	65100	P1-91-10	0	-
1515	443.407552	443.789062	C4	52	80	0	0	65100	P1-91-9	0	-
1516	443.694010	447.500000	F4	73	80	0	0	65130	P1-91-12	0	-
1517	443.703125	445.949219	D4	62	80	0	0	65130	P1-91-11	0	-
1518	445.734375	449.119792	Bb1	72	80	0	0	65370	P1-91-13	0	-
1519	448.994792	452.378906	A1	30	80	0	0	65610	P1-92-2	0	-
1520	454.458333	455.102865	C6	50	80	0	0	66330	P1-93-1	0	-
1521	455.138021	455.234375	D6	47	80	0	0	66420	P1-93-6	0	-
1522	455.227865	455.277344	C6	52	80	0	0	66430	P1-93-7	0	-
1523	455.303385	455.384115	B5	55	80	0	0	66440	P1-93-8	0	-
1524	455.397135	456.117188	C6	59	80	0	0	66450	P1-93-2	0	-
1525	456.117188	456.341146	D6	53	80	0	0	66540	P1-93-3	0	-
1526	456.319010	457.218750	Eb6	61	80	0	0	66570	P1-93-4	0	-
1527	458.223958	460.319010	Gb4	68	80	0	0	66810	P1-93-5	0	-
1528	458.243490	459.908854	Eb4	57	80	0	0	66810	P1-93-13	0	-
1529	458.246094	460.158854	Bb3	51	80	0	0	66810	P1-93-11	0	-
1530	458.247396	459.628906	C4	45	80	0	0	66810	P1-93-12	0	-
1531	460.625000	463.359375	F4	49	80	0	0	67050	P1-94-1	0	-
1532	460.654948	462.889323	A3	33	80	0	0	67050	P1-94-16	0	-
1533	460.658854	463.029948	Eb4	38	80	0	0	67050	P1-94-18	0	-
1534	460.664062	462.869792	C4	33	80	0	0	67050	P1-94-17	0	-
1535	463.365885	463.489583	G4	29	80	0	0	67530	P1-94-2	0	-
1536	463.531250	463.636719	F4	36	80	0	0	67547	P1-94-3	0	-
1537	463.690104	463.829427	E4	40	80	0	0	67564	P1-94-4	0	-
1538	463.824219	463.919271	F4	42	80	0	0	67581	P1-94-5	0	-
1539	463.885417	463.979167	G4	48	80	0	0	67598	P1-94-6	0	-
1540	463.964844	464.039062	A4	46	80	0	0	67615	P1-94-7	0	-
1541	464.024740	464.089844	Bb4	55	80	0	0	67632	P1-94-8	0	-
1542	464.102865	464.161458	C5	62	80	0	0	67649	P1-94-9	0	-
1543	464.184896	464.269531	D5	57	80	0	0	67666	P1-94-10	0	-
1544	464.217448	464.299479	Eb5	60	80	0	0	67683	P1-94-11	0	-
1545	464.300781	464.355469	F5	61	80	0	0	67700	P1-94-12	0	-
1546	464.363281	464.423177	G5	63	80	0	0	67717	P1-94-13	0	-
1547	464.423177	464.457031	A5	61	80	0	0	67734	P1-94-14	0	-
1548	464.475260	464.523438	Bb5	60	80	0	0	67751	P1-94-15	0	-
1549	464.554688	464.878906	C6	67	80	0	0	67770	P1-95-1	0	-
1550	465.061198	465.152344	D6	57	80	0	0	67860	P1-95-8	0	-
1551	465.143229	465.195312	C6	60	80	0	0	67870	P1-95-9	0	-
1552	465.216146	465.289062	B5	59	80	0	0	67880	P1-95-10	0	-
1553	465.296875	465.983073	C6	57	80	0	0	67890	P1-95-2	0	-
1554	465.966146	466.147135	D6	56	80	0	0	67980	P1-95-3	0	-
1555	466.135417	466.709635	Eb6	63	80	0	0	68010	P1-95-4	0	-
1556	467.953125	469.949219	Eb5	85	80	0	0	68250	P1-95-7	0	-
1557	467.976562	469.519531	F#3	66	80	0	0	68250	P1-95-14	0	-
1558	467.979167	470.069010	C5	71	80	0	0	68250	P1-95-6	0	-
1559	467.983073	470.019531	A4	65	80	0	0	68250	P1-95-5	0	-
1560	467.984375	468.829427	Eb4	74	80	0	0	68250	P1-95-16	0	-
1561	467.985677	468.519531	C4	65	80	0	0	68250	P1-95-15	0	-
1562	469.971354	470.679688	D5	50	80	0	0	68490	P1-96-2	0	-
1563	469.993490	470.559896	Bb4	42	80	0	0	68490	P1-96-1	0	-
1564	469.994792	470.658854	G3	38	80	0	0	68490	P1-96-11	0	-
1565	469.997396	470.529948	G4	37	80	0	0	68490	P1-96-11	0	-
1566	470.007812	470.451823	D4	29	80	0	0	68490	P1-96-13	0	-
1567	470.014323	470.628906	Bb3	37	80	0	0	68490	P1-96-12	0	-
1568	471.911458	476.128906	G5	100	80	0	0	68730	P1-96-4	0	-
1569	472.662760	473.019531	Bb3	85	80	0	0	68850	P1-96-17	0	-
1570	472.664062	472.989583	Db4	81	80	0	0	68850	P1-96-18	0	-
1571	472.665365	472.919271	E3	76	80	0	0	68850	P1-96-16	0	-
1572	473.475260	473.919271	Db5	90	80	0	0	68970	P1-96-9	0	-
1573	473.476562	473.889323	Bb4	91	80	0	0	68970	P1-96-8	0	-
1574	473.476562	474.029948	G4	89	80	0	0	68970	P1-96-7	0	-
1575	476.015625	478.889323	F5	53	80	0	0	69210	P1-97-1	0	-
1576	476.985677	477.157552	D4	22	80	0	0	69330	P1-97-15	0	-
1577	476.986979	477.173177	Bb3	24	80	0	0	69330	P1-97-14	0	-
1578	477.003906	477.166667	F3	20	80	0	0	69330	P1-97-13	0	-
1579	477.829427	478.035156	D5	39	80	0	0	69450	P1-97-6	0	-
1580	477.846354	478.035156	Bb4	28	80	0	0	69450	P1-97-5	0	-
1581	477.851562	478.718750	F4	24	80	0	0	69450	P1-97-4	0	-
1582	478.707031	479.559896	F1	22	80	0	0	69570	P1-97-17	0	-
1583	478.710938	479.069010	F2	20	80	0	0	69570	P1-97-18	0	-
1584	479.625000	480.549479	A4	42	80	0	0	69690	P1-97-10	0	-
1585	479.666667	480.199219	Eb4	33	80	0	0	69690	P1-97-9	0	-
1586	479.669271	480.029948	C4	23	80	0	0	69690	P1-97-8	0	-
1587	480.682292	480.843750	F3	27	80	0	0	69810	P1-97-21	0	-
1588	480.708333	481.000000	F2	20	80	0	0	69810	P1-97-20	0	-
1589	481.733073	482.479167	Bb4	35	80	0	0	69930	P1-98-3	0	-
1590	481.743490	482.389323	Bb3	31	80	0	0	69930	P1-98-1	0	-
1591	481.747396	482.438802	D4	27	80	0	0	69930	P1-98-2	0	-
1592	481.764323	486.789062	Bb2	27	80	0	0	69930	P1-98-15	0	-
1593	481.770833	486.669271	Bb1	28	80	0	0	69930	P1-98-14	0	-
1594	482.971354	483.389323	F5	45	80	0	0	70050	P1-98-5	0	-
1595	483.018229	484.829427	F4	26	80	0	0	70050	P1-98-4	0	-
1596	483.872396	484.739583	D5	58	80	0	0	70170	P1-98-7	0	-
1597	483.873698	485.839844	D4	49	80	0	0	70170	P1-98-6	0	-
1598	484.748698	485.739583	Cb5	60	80	0	0	70290	P1-98-9	0	-
1599	484.760417	485.619792	Cb4	57	80	0	0	70290	P1-98-8	0	-
1600	485.588542	486.519531	Bb4	62	80	0	0	70410	P1-98-11	0	-
1601	485.597656	486.559896	Bb3	63	80	0	0	70410	P1-98-10	0	-
1602	486.438802	486.889323	Ab4	66	80	0	0	70530	P1-98-13	0	-
1603	486.444010	486.759115	Ab3	67	80	0	0	70530	P1-98-12	0	-
1604	487.330729	488.468750	G4	62	80	0	0	70650	P1-99-2	0	-
1605	487.337240	489.359375	G3	63	80	0	0	70650	P1-99-1	0	-
1606	487.373698	492.218750	Bb2	42	80	0	0	70650	P1-99-16	0	-
1607	487.375000	488.119792	Bb1	42	80	0	0	70650	P1-99-15	0	-
1608	488.248698	489.899740	Bb4	70	80	0	0	70770	P1-99-4	0	-
1609	488.252604	489.369792	Bb3	71	80	0	0	70770	P1-99-3	0	-
1610	489.135417	490.908854	Eb4	61	80	0	0	70890	P1-99-6	0	-
1611	489.143229	491.688802	Eb3	63	80	0	0	70890	P1-99-5	0	-
1612	490.007812	491.229167	G4	53	80	0	0	71010	P1-99-8	0	-
1613	490.015625	491.869792	G3	51	80	0	0	71010	P1-99-7	0	-
1614	490.035156	490.559896	Bb3	42	80	0	0	71010	P1-99-7	0	-
1615	490.864583	492.199219	C4	48	80	0	0	71130	P1-99-10	0	-
1616	490.885417	491.979167	Bb3	43	80	0	0	71130	P1-99-10	0	-
1617	490.885417	492.429688	C3	40	80	0	0	71130	P1-99-9	0	-
1618	491.704427	492.709635	F4	44	80	0	0	71250	P1-99-12	0	-
1619	491.733073	492.968750	F3	36	80	0	0	71250	P1-99-11	0	-
1620	492.113281	492.799479	Eb4	51	80	0	0	71310	P1-99-14	0	-
1621	492.132812	492.718750	Eb3	41	80	0	0	71310	P1-99-13	0	-
1622	492.640625	493.878906	D4	45	80	0	0	71370	P1-100-1	0	-
1623	492.654948	495.669271	D3	36	80	0	0	71370	P1-100-5	0	-
1624	492.656250	497.500000	Bb2	34	80	0	0	71370	P1-100-19	0	-
1625	493.734375	497.989583	F4	51	80	0	0	71490	P1-100-6	0	-
1626	494.531250	496.408854	D4	66	80	0	0	71610	P1-100-7	0	-
1627	495.346354	496.799479	D5	77	80	0	0	71730	P1-100-3	0	-
1628	495.354167	496.908854	Cb4	69	80	0	0	71730	P1-100-8	0	-
1629	496.201823	497.679688	Bb3	72	80	0	0	71850	P1-100-9	0	-
1630	496.924479	497.889323	Ab3	74	80	0	0	71970	P1-100-10	0	-
1631	497.033854	497.130208	D5	70	80	0	0	71985	P1-100-12	0	-
1632	497.154948	497.223958	Eb5	65	80	0	0	72000	P1-100-13	0	-
1633	497.252604	497.313802	D5	72	80	0	0	72015	P1-100-14	0	-
1634	497.343750	497.402344	Eb5	66	80	0	0	72030	P1-100-15	0	-
1635	497.424479	497.500000	D5	67	80	0	0	72045	P1-100-16	0	-
1636	497.493490	497.569010	Eb5	61	80	0	0	72060	P1-100-17	0	-
1637	497.563802	497.615885	D5	65	80	0	0	72075	P1-100-18	0	-
1638	497.634115	497.721354	Eb5	75	80	0	0	72075	P1-100-4	0	-
1639	497.723958	497.919271	D5	74	80	0	0	72075	P1-100-4	0	-
1640	497.856771	498.809896	F5	75	80	0	0	72090	P1-101-1	0	-
1641	497.861979	502.718750	Bb2	57	80	0	0	72090	P1-101-15	0	-
1642	497.864583	499.408854	G3	64	80	0	0	72090	P1-101-16	0	-
1643	498.694010	500.389323	Eb5	59	80	0	0	72210	P1-101-2	0	-
1644	498.714844	500.688802	Bb3	62	80	0	0	72210	P1-101-17	0	-
1645	499.502604	501.289062	Eb3	65	80	0	0	72330	P1-101-18	0	-
1646	500.397135	502.359375	Eb5	66	80	0	0	72450	P1-101-4	0	-
1647	500.419271	502.128906	G3	46	80	0	0	72450	P1-101-19	0	-
1648	501.244792	502.101562	C3	47	80	0	0	72570	P1-101-20	0	-
1649	502.083333	502.218750	A4	45	80	0	0	72690	P1-101-5	0	-
1650	502.121094	503.128906	F3	31	80	0	0	72690	P1-101-21	0	-
1651	502.261719	502.317708	Bb4	49	80	0	0	72705	P1-101-5	0	-
1652	502.375000	502.427083	A4	50	80	0	0	72705	P1-101-8	0	-
1653	502.473958	502.589844	Bb4	52	80	0	0	72720	P1-101-9	0	-
1654	502.554688	503.139323	Eb3	39	80	0	0	72750	P1-101-22	0	-
1655	502.561198	502.639323	A4	53	80	0	0	72750	P1-101-5	0	-
1656	502.645833	502.718750	Bb4	49	80	0	0	72780	P1-101-13	0	-
1657	502.723958	502.779948	A4	51	80	0	0	72795	P1-101-14	0	-
1658	502.813802	502.949219	Bb4	54	80	0	0	72795	P1-101-5	0	-
1659	502.925781	503.109375	A4	44	80	0	0	72795	P1-101-5	0	-
1660	503.075521	504.419271	Bb4	55	80	0	0	72810	P1-102-1	0	-
1661	503.091146	503.369792	Bb3	37	80	0	0	72810	P1-102-1	0	-
1662	503.092448	504.589844	Bb2	34	80	0	0	72810	P1-102-22	0	-
1663	503.097656	504.089844	D3	32	80	0	0	72810	P1-102-13	0	-
1664	503.954427	504.796875	F3	38	80	0	0	72930	P1-102-14	0	-
1665	504.359375	504.839844	A4	43	80	0	0	72990	P1-102-3	0	-
1666	504.385417	504.878906	Eb3	34	80	0	0	72990	P1-102-15	0	-
1667	504.839844	506.158854	Bb4	44	80	0	0	73050	P1-102-4	0	-
1668	504.843750	506.378906	Bb2	35	80	0	0	73050	P1-102-23	0	-
1669	504.843750	505.729167	Bb3	35	80	0	0	73050	P1-102-4	0	-
1670	504.843750	505.848958	D3	31	80	0	0	73050	P1-102-16	0	-
1671	505.730469	506.729167	F3	37	80	0	0	73170	P1-102-17	0	-
1672	506.171875	506.718750	C5	47	80	0	0	73230	P1-102-7	0	-
1673	506.200521	506.718750	A4	33	80	0	0	73230	P1-102-6	0	-
1674	506.210938	506.739583	Eb3	33	80	0	0	73230	P1-102-18	0	-
1675	506.721354	507.729167	D5	51	80	0	0	73290	P1-102-9	0	-
1676	506.742188	507.628906	Bb4	40	80	0	0	73290	P1-102-8	0	-
1677	506.743490	508.598958	Bb2	33	80	0	0	73290	P1-102-24	0	-
1678	506.744792	507.718750	D3	28	80	0	0	73290	P1-102-19	0	-
1679	507.696615	508.289062	F3	32	80	0	0	73410	P1-102-20	0	-
1680	508.165365	509.039062	A5	62	80	0	0	73470	P1-102-12	0	-
1681	508.204427	508.919271	C5	44	80	0	0	73470	P1-102-11	0	-
1682	508.210938	508.899740	Eb3	33	80	0	0	73470	P1-102-21	0	-
1683	508.832031	511.098958	Bb5	72	80	0	0	73530	P1-103-2	0	-
1684	508.865885	511.039062	D5	52	80	0	0	73530	P1-103-1	0	-
1685	508.875000	510.500000	Bb2	43	80	0	0	73530	P1-103-8	0	-
1686	508.878906	510.449219	D3	37	80	0	0	73530	P1-103-9	0	-
1687	510.023438	511.579427	D6	88	80	0	0	73650	P1-103-3	0	-
1688	511.084635	511.979167	C6	80	80	0	0	73740	P1-103-4	0	-
1689	511.990885	515.779948	C6	61	80	0	0	73770	P1-103-5	0	-
1690	515.273438	521.269531	Bb5	31	80	0	0	74010	P1-103-6	0	-
1691	517.322917	522.500000	Bb1	21	80	0	0	74130	P1-103-13	0	-
1692	517.328125	519.329427	Bb2	19	80	0	0	74130	P1-103-13	0	-
