//Version: ScorePerfmMatch_v170503
// Score: /Users/toddywang/Documents/VsCodeProjects/xmltoexp/ATEPP-1.2/ATEPP-1.2/Ludwig_van_Beethoven/Piano_Sonata_No._17_in_D_Minor,_Op._31_No._2_"Tempest"/II._Adagio/score_hmm.txt
// Perfm: /Users/toddywang/Documents/VsCodeProjects/xmltoexp/ATEPP-1.2/ATEPP-1.2/Ludwig_van_Beethoven/Piano_Sonata_No._17_in_D_Minor,_Op._31_No._2_"Tempest"/II._Adagio/08358_spr.txt
// fmt3x: /Users/toddywang/Documents/VsCodeProjects/xmltoexp/ATEPP-1.2/ATEPP-1.2/Ludwig_van_Beethoven/Piano_Sonata_No._17_in_D_Minor,_Op._31_No._2_"Tempest"/II._Adagio/score_fmt3x.txt
0	0.835938	6.039062	Bb1	27	80	0	0	0	P1-1-4	0	0
1	0.997396	4.938802	F2	24	80	0	0	0	P1-1-5	0	-
2	1.156250	4.919271	Bb2	29	80	0	0	0	P1-1-6	0	-
3	1.274740	4.139323	D3	31	80	0	0	0	P1-1-7	0	-
4	1.393229	4.519531	F3	36	80	0	0	0	P1-1-8	0	-
5	1.561198	4.319010	Bb3	46	80	0	0	0	P1-1-9	0	-
6	5.690104	6.861979	D5	69	80	0	0	720	P1-2-1	0	-
7	6.803385	7.072917	Eb5	64	80	0	0	930	P1-2-2	0	-
8	7.062500	8.029948	F5	68	80	0	0	960	P1-2-3	0	-
9	8.401042	10.039062	Bb3	48	80	0	0	1200	P1-2-6	0	-
10	8.429688	8.829427	F3	33	80	0	0	1200	P1-2-5	0	-
11	8.440104	9.128906	D3	32	80	0	0	1200	P1-2-4	0	-
12	8.444010	9.819010	Bb1	31	80	0	0	1200	P1-2-9	0	-
13	8.444010	9.709635	F2	32	80	0	0	1200	P1-2-10	0	-
14	8.444010	8.899740	Bb2	32	80	0	0	1200	P1-2-11	0	-
15	9.891927	11.919271	F3	38	80	0	0	1440	P1-3-2	0	-
16	9.904948	12.500000	A3	39	80	0	0	1440	P1-3-3	0	-
17	9.921875	12.500000	Eb3	36	80	0	0	1440	P1-3-1	0	-
18	9.934896	12.500000	C3	29	80	0	0	1440	P1-3-6	0	-
19	9.942708	12.500000	C2	31	80	0	0	1440	P1-3-4	0	-
20	13.671875	14.938802	A5	56	80	0	0	2160	P1-4-1	0	-
21	14.847656	15.468750	Bb5	63	80	0	0	2370	P1-4-2	0	-
22	15.118490	15.779948	C6	65	80	0	0	2400	P1-4-3	0	-
23	16.397135	18.128906	Eb4	45	80	0	0	2640	P1-4-5	0	-
24	16.438802	17.269531	A2	26	80	0	0	2640	P1-4-8	0	-
25	16.440104	17.309896	C4	24	80	0	0	2640	P1-4-4	0	-
26	16.446615	17.279948	F3	24	80	0	0	2640	P1-4-9	0	-
27	17.940104	19.779948	D4	35	80	0	0	2880	P1-5-2	0	-
28	17.964844	19.859375	Bb3	27	80	0	0	2880	P1-5-1	0	-
29	17.975260	20.459635	Bb2	24	80	0	0	2880	P1-5-13	0	-
30	17.979167	21.009115	F3	21	80	0	0	2880	P1-5-14	0	-
31	20.303385	20.899740	D4	45	80	0	0	3360	P1-5-3	0	-
32	20.735677	21.009115	F4	35	80	0	0	3390	P1-5-4	0	-
33	20.977865	21.106771	Eb4	35	80	0	0	3420	P1-5-5	0	-
34	21.138021	21.389323	D4	43	80	0	0	3450	P1-5-6	0	-
35	21.256510	21.352865	Eb4	36	80	0	0	3480	P1-5-7	0	-
36	21.385417	21.529948	F4	46	80	0	0	3510	P1-5-8	0	-
37	21.505208	21.609375	G4	49	80	0	0	3540	P1-5-9	0	-
38	21.588542	21.662760	A4	56	80	0	0	3570	P1-5-10	0	-
39	21.705729	21.790365	Bb4	54	80	0	0	3600	P1-5-11	0	-
40	21.829427	21.942708	C5	54	80	0	0	3630	P1-5-12	0	-
41	21.944010	23.039062	D5	65	80	0	0	3690	P1-6-1	0	-
42	22.951823	23.251302	Eb5	70	80	0	0	3900	P1-6-2	0	-
43	23.213542	24.339844	F5	76	80	0	0	3930	P1-6-3	0	-
44	24.464844	25.429688	F5	74	80	0	0	4170	P1-6-4	0	-
45	24.486979	26.169271	D3	38	80	0	0	4170	P1-6-9	0	-
46	24.493490	25.519531	Ab4	49	80	0	0	4170	P1-6-5	0	-
47	24.493490	26.059896	B3	42	80	0	0	4170	P1-6-8	0	-
48	26.052083	27.609375	F5	56	80	0	0	4410	P1-7-1	0	-
49	26.062500	28.000000	G4	43	80	0	0	4410	P1-7-6	0	-
50	26.066406	27.419271	B3	37	80	0	0	4410	P1-7-10	0	-
51	26.067708	27.509115	Eb3	35	80	0	0	4410	P1-7-15	0	-
52	27.343750	28.019531	Eb5	62	80	0	0	4650	P1-7-2	0	-
53	27.364583	27.949219	C4	36	80	0	0	4650	P1-7-11	0	-
54	27.963542	28.688802	D5	71	80	0	0	4770	P1-7-3	0	-
55	27.984375	28.399740	Bb4	62	80	0	0	4770	P1-7-7	0	-
56	27.984375	28.549479	D4	49	80	0	0	4770	P1-7-12	0	-
57	27.984375	28.649740	F3	43	80	0	0	4770	P1-7-16	0	-
58	28.585938	28.968750	C5	72	80	0	0	4890	P1-7-4	0	-
59	28.614583	29.069010	Bb4	64	80	0	0	4890	P1-7-8	0	-
60	28.617188	29.149740	Eb4	47	80	0	0	4890	P1-7-13	0	-
61	28.621094	28.929688	G3	45	80	0	0	4890	P1-7-17	0	-
62	29.143229	29.378906	G3	46	80	0	0	5010	P1-7-18	0	-
63	29.230469	29.239583	E3	48	80	0	0	5010	P1-7-14	1	-
64	29.253906	29.809896	C5	77	80	0	0	5010	P1-7-5	0	-
65	29.285156	29.468750	Bb4	65	80	0	0	5010	P1-7-9	0	-
66	29.481771	29.789062	Bb4	45	80	0	0	-1	*	3	-
67	29.763021	31.299479	F3	39	80	0	0	5130	P1-8-23	0	-
68	29.820312	29.908854	C5	39	80	0	0	5130	P1-8-11	1	-
69	29.835938	30.669271	E4	45	80	0	0	5130	P1-8-19	0	-
70	29.838542	29.908854	Bb4	42	80	0	0	5130	P1-8-9	0	-
71	29.921875	30.069010	Bb4	53	80	0	0	-1	*	3	-
72	29.921875	29.963542	C5	59	80	0	0	5145	P1-8-12	0	-
73	29.992188	30.045573	D5	63	80	0	0	5160	P1-8-13	0	-
74	30.074219	30.108073	C5	58	80	0	0	5175	P1-8-14	0	-
75	30.134115	30.178385	D5	53	80	0	0	5190	P1-8-15	0	-
76	30.216146	30.261719	C5	55	80	0	0	5205	P1-8-16	0	-
77	30.221354	30.389323	Bb4	50	80	0	0	-1	*	3	-
78	30.285156	30.338542	D5	56	80	0	0	5220	P1-8-17	1	-
79	30.367188	30.404948	C5	66	80	0	0	5235	P1-8-18	0	-
80	30.433594	30.475260	B4	63	80	0	0	5250	P1-8-2	0	-
81	30.506510	30.563802	C5	69	80	0	0	5250	P1-8-3	0	-
82	30.589844	30.989583	D5	68	80	0	0	5250	P1-8-4	0	-
83	30.929688	31.059896	C5	60	80	0	0	5310	P1-8-5	0	-
84	31.303385	31.899740	C5	49	80	0	0	5370	P1-8-6	0	-
85	31.303385	32.169271	A4	46	80	0	0	5370	P1-8-10	0	-
86	31.304688	32.139323	F3	34	80	0	0	5670	*	3	-
87	32.744792	33.075521	F3	51	80	0	0	5670	P1-8-26	0	-
88	33.088542	33.509115	G3	54	80	0	0	5730	P1-8-28	0	-
89	33.100260	33.492188	Eb3	47	80	0	0	5730	P1-8-27	0	-
90	33.417969	33.833333	A3	56	80	0	0	5790	P1-8-30	0	-
91	33.466146	33.750000	C3	47	80	0	0	5790	P1-8-29	0	-
92	33.707031	37.179688	Bb1	36	80	0	0	5850	P1-9-10	0	-
93	33.838542	36.859375	Bb3	55	80	0	0	5850	P1-9-1	0	-
94	33.854167	34.529948	D3	38	80	0	0	5850	P1-9-3	0	-
95	35.080729	35.339844	C3	43	80	0	0	6060	P1-9-4	0	-
96	35.080729	35.355469	Eb3	44	80	0	0	6060	P1-9-5	0	-
97	35.316406	36.128906	F3	44	80	0	0	6090	P1-9-7	0	-
98	35.322917	35.908854	D3	37	80	0	0	6090	P1-9-6	0	-
99	36.695312	37.109375	D3	36	80	0	0	6330	P1-9-8	0	-
100	36.696615	37.049479	F3	40	80	0	0	6330	P1-9-9	0	-
101	38.039062	40.059896	Bb2	31	80	0	0	6570	P1-10-11	0	-
102	38.041667	39.929688	D3	29	80	0	0	6570	P1-10-12	0	-
103	38.042969	38.579427	D5	49	80	0	0	6570	P1-10-1	0	-
104	38.042969	39.949219	F3	32	80	0	0	6570	P1-10-13	0	-
105	38.820312	38.989583	Eb5	51	80	0	0	6660	P1-10-8	0	-
106	38.934896	39.019531	D5	47	80	0	0	6670	P1-10-9	0	-
107	39.010417	39.065104	C5	54	80	0	0	6680	P1-10-10	0	-
108	39.075521	39.322917	D5	52	80	0	0	6690	P1-10-2	0	-
109	39.342448	39.516927	Eb5	54	80	0	0	6780	P1-10-3	0	-
110	39.558594	39.869792	F5	54	80	0	0	6810	P1-10-4	0	-
111	40.881510	42.539062	Bb3	39	80	0	0	7050	P1-10-7	0	-
112	40.911458	41.789062	Bb1	27	80	0	0	7050	P1-10-14	0	-
113	40.912760	41.549479	Bb2	28	80	0	0	7050	P1-10-15	0	-
114	40.912760	41.479167	F3	25	80	0	0	7050	P1-10-6	0	-
115	40.915365	41.718750	D3	26	80	0	0	7050	P1-10-5	0	-
116	42.462240	43.619792	A3	39	80	0	0	7290	P1-11-1	0	-
117	42.486979	43.679688	Eb3	26	80	0	0	7290	P1-11-3	0	-
118	42.493490	44.229167	F1	32	80	0	0	7290	P1-11-10	0	-
119	42.497396	43.339844	F2	26	80	0	0	7290	P1-11-11	0	-
120	42.505208	43.079427	C3	25	80	0	0	7290	P1-11-2	0	-
121	43.628906	43.959635	D3	36	80	0	0	7500	P1-11-4	0	-
122	43.628906	44.149740	A3	32	80	0	0	7500	*	3	-
123	43.630208	43.968750	F3	37	80	0	0	7500	P1-11-5	0	-
124	43.875000	44.639323	Gb3	45	80	0	0	7530	P1-11-7	0	-
125	43.875000	44.688802	Eb3	42	80	0	0	7530	P1-11-6	0	-
126	45.125000	45.519531	Gb3	49	80	0	0	7770	P1-11-9	0	-
127	45.131510	45.549479	Eb3	48	80	0	0	7770	P1-11-8	0	-
128	46.397135	46.968750	C6	61	80	0	0	8010	P1-12-1	0	-
129	46.401042	48.539062	Eb3	51	80	0	0	8010	P1-12-11	0	-
130	46.403646	48.029948	Gb3	49	80	0	0	8010	P1-12-12	0	-
131	46.406250	49.369792	F2	43	80	0	0	8010	P1-12-10	0	-
132	47.028646	47.076823	D6	48	80	0	0	8100	P1-12-7	0	-
133	47.098958	47.179688	C6	54	80	0	0	8110	P1-12-8	0	-
134	47.174479	47.259115	B5	60	80	0	0	8120	P1-12-9	0	-
135	47.244792	47.619792	C6	65	80	0	0	8130	P1-12-2	0	-
136	47.537760	47.949219	D6	69	80	0	0	8220	P1-12-3	0	-
137	47.796875	48.459635	Eb6	65	80	0	0	8250	P1-12-4	0	-
138	49.035156	50.658854	Gb4	64	80	0	0	8490	P1-12-6	0	-
139	49.037760	50.029948	Eb4	48	80	0	0	8490	P1-12-5	0	-
140	49.044271	49.899740	C4	44	80	0	0	8490	P1-12-15	0	-
141	49.052083	50.009115	Bb3	51	80	0	0	8490	P1-12-14	0	-
142	50.524740	53.929688	F4	51	80	0	0	8730	P1-13-1	0	-
143	50.533854	51.899740	Eb4	43	80	0	0	8730	P1-13-2	0	-
144	50.535156	51.859375	C4	37	80	0	0	8730	P1-13-7	0	-
145	50.539062	51.369792	A3	34	80	0	0	8730	P1-13-6	0	-
146	51.774740	52.007812	D4	46	80	0	0	8940	P1-13-9	0	-
147	51.776042	52.013021	B3	39	80	0	0	8940	P1-13-8	0	-
148	52.028646	52.723958	Eb4	45	80	0	0	8970	P1-13-11	0	-
149	52.033854	52.759115	C4	35	80	0	0	8970	P1-13-10	0	-
150	53.355469	54.049479	Eb4	35	80	0	0	9210	P1-13-13	0	-
151	53.356771	53.949219	C4	35	80	0	0	9210	P1-13-12	0	-
152	54.746094	55.529948	C6	56	80	0	0	9450	P1-14-1	0	-
153	54.755208	55.628906	C4	27	80	0	0	9450	P1-14-12	0	-
154	54.776042	56.899740	Eb4	27	80	0	0	9450	P1-14-10	0	-
155	54.794271	56.658854	F3	26	80	0	0	9450	P1-14-15	0	-
156	55.528646	55.626302	D6	51	80	0	0	9540	P1-14-7	0	-
157	55.632812	55.699219	C6	44	80	0	0	9550	P1-14-8	0	-
158	55.643229	56.699219	C4	20	80	0	0	9550	*	3	-
159	55.686198	55.747396	B5	57	80	0	0	9560	P1-14-9	0	-
160	55.770833	56.139323	C6	63	80	0	0	9570	P1-14-2	0	-
161	56.078125	56.399740	D6	64	80	0	0	9660	P1-14-3	0	-
162	56.328125	56.769531	A3	37	80	0	0	9690	P1-14-13	0	-
163	56.332031	56.729167	Eb6	62	80	0	0	9690	P1-14-4	0	-
164	57.654948	58.419271	Eb4	37	80	0	0	9930	P1-14-11	0	-
165	57.654948	59.139323	Eb5	62	80	0	0	9930	P1-14-6	0	-
166	57.657552	58.429688	C4	36	80	0	0	9930	P1-14-14	0	-
167	57.665365	58.348958	F#3	35	80	0	0	9930	P1-14-16	0	-
168	57.671875	58.459635	A4	45	80	0	0	9930	P1-14-5	0	-
169	59.105469	60.149740	Bb3	30	80	0	0	10170	P1-15-11	0	-
170	59.115885	59.839844	D4	28	80	0	0	10170	P1-15-12	0	-
171	59.131510	60.429688	D5	41	80	0	0	10170	P1-15-2	0	-
172	59.132812	60.209635	G3	26	80	0	0	10170	P1-15-10	0	-
173	59.148438	60.309896	Bb4	31	80	0	0	10170	P1-15-1	0	-
174	60.471354	63.559896	G5	86	80	0	0	10410	P1-15-4	0	-
175	61.766927	62.329427	G4	57	80	0	0	10650	P1-15-6	0	-
176	61.770833	62.348958	Bb4	60	80	0	0	10650	P1-15-7	0	-
177	61.770833	62.269531	Bb3	48	80	0	0	10650	P1-15-16	0	-
178	61.770833	62.289062	Db5	58	80	0	0	10650	P1-15-8	0	-
179	61.772135	62.319010	Db4	46	80	0	0	10650	P1-15-17	0	-
180	61.776042	62.299479	E3	41	80	0	0	10650	P1-15-15	0	-
181	63.263021	65.019531	F5	53	80	0	0	10890	P1-16-1	0	-
182	64.576823	65.199219	D5	39	80	0	0	11130	P1-16-6	0	-
183	64.593750	65.098958	D4	28	80	0	0	11130	P1-16-15	0	-
184	64.595052	65.158854	F3	23	80	0	0	11130	P1-16-13	0	-
185	64.596354	65.139323	Bb3	28	80	0	0	11130	P1-16-14	0	-
186	64.596354	65.169271	Bb4	33	80	0	0	11130	P1-16-5	0	-
187	65.955729	66.419271	A4	40	80	0	0	11370	P1-16-10	0	-
188	65.980469	66.459635	F2	24	80	0	0	11370	P1-16-17	0	-
189	65.983073	66.489583	C4	30	80	0	0	11370	P1-16-8	0	-
190	65.983073	66.449219	Eb4	29	80	0	0	11370	P1-16-9	0	-
191	65.986979	66.449219	F3	23	80	0	0	11370	P1-16-18	0	-
192	67.308594	69.179688	Bb4	38	80	0	0	11610	P1-17-3	0	-
193	67.317708	68.069010	D4	29	80	0	0	11610	P1-17-2	0	-
194	67.322917	70.589844	Bb3	31	80	0	0	11610	P1-17-1	0	-
195	67.324219	67.829427	Bb1	26	80	0	0	11610	P1-17-7	0	-
196	67.325521	67.688802	Bb2	25	80	0	0	11610	P1-17-8	0	-
197	68.377604	68.519531	Bb2	32	80	0	0	11790	P1-17-10	0	-
198	68.496094	68.639323	Bb1	33	80	0	0	11810	P1-17-11	0	-
199	68.584635	68.949219	Bb2	32	80	0	0	11830	P1-17-12	0	-
200	68.731771	69.449219	Bb1	26	80	0	0	11850	P1-17-13	0	-
201	69.683594	69.789062	Bb2	23	80	0	0	12030	P1-17-15	0	-
202	69.781250	69.841146	Bb1	25	80	0	0	12050	P1-17-16	0	-
203	69.882812	70.299479	Bb2	32	80	0	0	12070	P1-17-17	0	-
204	70.001302	70.479167	Bb1	38	80	0	0	12090	P1-17-18	0	-
205	70.437500	70.539062	Bb2	19	80	0	0	12270	*	3	-
206	70.979167	71.119792	Bb2	26	80	0	0	12270	P1-17-20	0	-
207	71.105469	71.399740	Bb1	31	80	0	0	12290	P1-17-21	0	-
208	71.203125	71.479167	Bb2	34	80	0	0	12310	P1-17-22	0	-
209	71.367188	72.779948	Eb4	64	80	0	0	12330	P1-18-3	0	-
210	71.403646	72.188802	Bb3	37	80	0	0	12330	P1-18-2	0	-
211	71.414062	72.688802	G3	34	80	0	0	12330	P1-18-1	0	-
212	72.608073	74.029948	D4	57	80	0	0	12570	P1-18-6	0	-
213	72.631510	73.429688	Bb3	42	80	0	0	12570	P1-18-5	0	-
214	72.635417	73.959635	F3	36	80	0	0	12570	P1-18-4	0	-
215	73.869792	74.829427	C#4	53	80	0	0	12810	*	3	-
216	73.895833	74.750000	Bb3	40	80	0	0	12810	P1-18-9	1	-
217	73.901042	74.739583	E3	36	80	0	0	12810	P1-18-7	0	-
218	75.201823	76.848958	C#4	42	80	0	0	13050	*	3	-
219	75.225260	78.809896	Bb3	33	80	0	0	13050	P1-19-3	1	-
220	75.226562	76.179688	E3	30	80	0	0	13050	P1-19-1	0	-
221	76.234375	76.438802	Bb2	38	80	0	0	13230	P1-19-11	0	-
222	76.385417	76.539062	Bb1	37	80	0	0	13250	P1-19-12	0	-
223	76.454427	76.688802	Bb2	36	80	0	0	13270	P1-19-13	0	-
224	76.604167	76.705729	Bb1	44	80	0	0	13290	P1-19-14	0	-
225	76.609375	79.229167	D4	44	80	0	0	13290	P1-19-6	0	-
226	77.566406	77.647135	Bb2	31	80	0	0	13470	P1-19-16	0	-
227	77.699219	77.755208	Bb1	33	80	0	0	13490	P1-19-17	0	-
228	77.791667	78.179688	Bb2	37	80	0	0	13510	P1-19-18	0	-
229	77.914062	78.489583	Bb1	38	80	0	0	13530	P1-19-19	0	-
230	78.761719	78.929688	Bb2	34	80	0	0	13710	P1-19-21	0	-
231	78.919271	79.279948	Bb1	32	80	0	0	13730	P1-19-22	0	-
232	79.014323	79.158854	Bb2	29	80	0	0	13750	P1-19-23	0	-
233	79.153646	80.259115	C4	49	80	0	0	13770	P1-20-10	0	-
234	79.164062	81.598958	Eb3	33	80	0	0	13770	P1-20-1	0	-
235	79.167969	81.739583	G3	31	80	0	0	13770	P1-20-2	0	-
236	79.167969	79.339844	Bb2	35	80	0	0	13770	P1-20-15	1	-
237	80.145833	80.399740	D4	53	80	0	0	13920	P1-20-12	0	-
238	80.268229	80.335938	C4	54	80	0	0	13950	P1-20-13	0	-
239	80.382812	80.549479	B3	53	80	0	0	13980	P1-20-14	1	-
240	80.489583	81.459635	C4	67	80	0	0	14010	P1-20-6	0	-
241	81.171875	82.378906	Eb4	60	80	0	0	14130	P1-20-7	0	-
242	81.923177	83.119792	Eb3	50	80	0	0	14250	P1-20-3	0	-
243	81.927083	83.329427	Gb3	44	80	0	0	14250	P1-20-4	0	-
244	81.929688	82.869792	C4	51	80	0	0	14250	P1-20-8	0	-
245	82.593750	82.949219	A3	55	80	0	0	14370	P1-20-9	0	-
246	83.315104	84.348958	C4	49	80	0	0	14490	P1-21-4	0	-
247	83.333333	83.979167	Eb3	34	80	0	0	14490	P1-21-1	0	-
248	83.334635	84.019531	A3	38	80	0	0	14490	P1-21-3	0	-
249	83.343750	84.128906	Gb3	33	80	0	0	14490	P1-21-2	0	-
250	84.376302	84.598958	Bb2	33	80	0	0	14670	P1-21-12	0	-
251	84.541667	84.683594	Bb1	33	80	0	0	14690	P1-21-13	0	-
252	84.610677	84.688802	Bb2	38	80	0	0	14710	P1-21-14	0	-
253	84.774740	86.289062	Bb3	44	80	0	0	14730	P1-21-7	0	-
254	84.803385	85.938802	D3	29	80	0	0	14730	P1-21-5	0	-
255	84.805990	84.938802	Bb1	27	80	0	0	14730	P1-21-15	0	-
256	84.805990	85.908854	F3	28	80	0	0	14730	P1-21-6	0	-
257	85.740885	85.944010	Bb2	28	80	0	0	14910	P1-21-17	0	-
258	85.882812	85.944010	Bb1	33	80	0	0	14930	P1-21-18	0	-
259	86.029948	86.259115	Bb2	24	80	0	0	14950	P1-21-19	0	-
260	86.115885	86.699219	Bb1	35	80	0	0	14970	P1-21-20	0	-
261	87.062500	87.229167	Bb2	31	80	0	0	15150	P1-21-22	0	-
262	87.192708	87.699219	Bb1	35	80	0	0	15170	P1-21-23	0	-
263	87.279948	87.539062	Bb2	38	80	0	0	15190	P1-21-24	0	-
264	87.459635	89.158854	Bb4	72	80	0	0	15210	P1-22-2	0	-
265	87.463542	88.429688	D4	43	80	0	0	15210	P1-22-1	0	-
266	88.755208	89.369792	G4	65	80	0	0	15450	P1-22-5	0	-
267	88.761719	89.649740	Bb3	50	80	0	0	15450	P1-22-3	0	-
268	88.764323	89.399740	D4	52	80	0	0	15450	P1-22-4	0	-
269	90.037760	91.688802	F4	61	80	0	0	15690	P1-22-8	0	-
270	90.042969	90.789062	A3	45	80	0	0	15690	P1-22-6	0	-
271	90.044271	91.549479	D4	47	80	0	0	15690	P1-22-7	0	-
272	91.450521	92.979167	E4	49	80	0	0	15930	P1-23-3	0	-
273	91.467448	93.000000	C4	39	80	0	0	15930	P1-23-2	0	-
274	91.496094	92.729167	G3	33	80	0	0	15930	P1-23-1	0	-
275	92.394531	92.519531	C3	32	80	0	0	16110	P1-23-15	0	-
276	92.630208	92.701823	C3	38	80	0	0	16150	P1-23-17	0	-
277	92.746094	92.869792	C2	27	80	0	0	16170	P1-23-18	0	-
278	93.368490	93.709635	E4	45	80	0	0	16290	P1-23-6	0	-
279	93.382812	93.649740	G3	32	80	0	0	16290	P1-23-4	0	-
280	93.384115	93.729167	C4	34	80	0	0	16290	P1-23-5	0	-
281	93.682292	93.744792	C6	54	80	0	0	16350	P1-23-20	0	-
282	93.791667	93.834635	C5	52	80	0	0	16370	P1-23-21	0	-
283	93.861979	94.009115	C6	56	80	0	0	16390	P1-23-22	0	-
284	93.994792	94.769531	F4	48	80	0	0	16410	P1-23-9	0	-
285	94.002604	94.128906	C5	55	80	0	0	16410	P1-23-23	0	-
286	94.035156	94.468750	C4	30	80	0	0	16410	P1-23-8	0	-
287	94.040365	94.500000	A3	29	80	0	0	16410	P1-23-7	0	-
288	94.704427	95.024740	G4	54	80	0	0	16530	P1-23-12	0	-
289	94.710938	95.036458	Bb3	41	80	0	0	16530	P1-23-10	0	-
290	94.752604	95.033854	C4	32	80	0	0	16530	P1-23-11	0	-
291	95.447917	97.089844	G4	52	80	0	0	16650	P1-24-3	0	-
292	95.502604	96.169271	Bb3	30	80	0	0	16650	P1-24-1	0	-
293	95.502604	96.459635	C4	28	80	0	0	16650	P1-24-2	0	-
294	96.442708	96.848958	E4	49	80	0	0	16830	P1-24-6	0	-
295	96.446615	96.522135	C3	35	80	0	0	16830	P1-24-21	0	-
296	96.473958	97.209635	C4	28	80	0	0	16830	P1-24-5	0	-
297	96.507812	96.658854	G#3	22	80	0	0	16830	P1-24-4	0	-
298	96.609375	96.753906	C2	35	80	0	0	16850	P1-24-22	0	-
299	96.686198	96.848958	C3	46	80	0	0	16870	P1-24-23	0	-
300	96.828125	97.348958	F4	43	80	0	0	16890	P1-24-9	0	-
301	96.846354	97.239583	A3	36	80	0	0	16890	P1-24-7	0	-
302	96.851562	96.914062	C2	37	80	0	0	16890	P1-24-24	0	-
303	96.863281	96.869792	G3	35	80	0	0	-1	*	3	-
304	97.473958	97.819010	C4	33	80	0	0	17010	P1-24-11	0	-
305	97.505208	97.889323	F4	41	80	0	0	17010	P1-24-12	0	-
306	97.513021	97.759115	A3	40	80	0	0	17010	P1-24-10	0	-
307	97.805990	97.919271	C6	57	80	0	0	17070	P1-24-26	0	-
308	97.923177	97.959635	C5	61	80	0	0	17090	P1-24-27	0	-
309	98.001302	98.119792	C6	68	80	0	0	17110	P1-24-28	0	-
310	98.108073	98.199219	C5	67	80	0	0	17130	P1-24-29	0	-
311	98.110677	98.329427	G4	69	80	0	0	17130	P1-24-15	0	-
312	98.111979	98.339844	E4	57	80	0	0	17130	P1-24-14	0	-
313	98.115885	98.289062	C4	50	80	0	0	17130	P1-24-13	0	-
314	98.729167	99.199219	A4	70	80	0	0	17250	P1-24-18	0	-
315	98.763021	99.250000	F4	51	80	0	0	17250	P1-24-17	0	-
316	98.774740	99.084635	C4	44	80	0	0	17250	P1-24-16	0	-
317	99.444010	100.649740	A4	61	80	0	0	17370	P1-25-2	0	-
318	99.488281	100.348958	C4	44	80	0	0	17370	P1-25-16	0	-
319	99.492188	100.419271	F4	40	80	0	0	17370	P1-25-1	1	-
320	100.449219	100.502604	C3	42	80	0	0	17550	P1-25-20	0	-
321	100.454427	100.750000	F#4	52	80	0	0	17550	P1-25-4	0	-
322	100.455729	100.699219	D#4	49	80	0	0	17550	P1-25-3	0	-
323	100.542969	100.628906	G3	43	80	0	0	-1	*	3	-
324	100.542969	100.848958	C2	48	80	0	0	17570	P1-25-21	0	-
325	100.647135	100.819010	C3	48	80	0	0	17590	P1-25-22	0	-
326	100.782552	101.209635	G4	58	80	0	0	17610	P1-25-6	0	-
327	100.785156	101.109375	E4	48	80	0	0	17610	P1-25-5	0	-
328	100.786458	101.188802	C4	41	80	0	0	-1	*	3	-
329	101.395833	101.639323	G4	62	80	0	0	17730	P1-25-9	0	-
330	101.411458	101.829427	E4	48	80	0	0	17730	P1-25-8	0	-
331	101.414062	101.528646	C4	47	80	0	0	17730	P1-25-7	0	-
332	101.759115	101.919271	C6	65	80	0	0	17790	P1-25-25	0	-
333	101.852865	101.901042	C5	62	80	0	0	17810	P1-25-26	0	-
334	101.934896	102.079427	C6	67	80	0	0	17830	P1-25-27	0	-
335	102.026042	102.369792	F4	56	80	0	0	17850	P1-25-11	0	-
336	102.026042	102.408854	A4	74	80	0	0	17850	P1-25-12	0	-
337	102.033854	102.239583	C5	69	80	0	0	17850	P1-25-28	0	-
338	102.035156	102.329427	C4	58	80	0	0	17850	P1-25-10	0	-
339	102.683594	103.162760	Bb4	72	80	0	0	17970	P1-25-15	0	-
340	102.695312	103.169271	G4	55	80	0	0	17970	P1-25-14	0	-
341	102.699219	103.169271	C4	52	80	0	0	17970	P1-25-13	0	-
342	103.365885	104.299479	Bb4	63	80	0	0	18090	P1-26-2	0	-
343	103.384115	104.079427	G4	56	80	0	0	18090	P1-26-1	0	-
344	103.385417	103.908854	C4	49	80	0	0	18090	P1-26-18	0	-
345	104.377604	104.669271	G#4	64	80	0	0	18270	P1-26-4	0	-
346	104.384115	104.579427	C4	48	80	0	0	18270	*	3	-
347	104.384115	104.559896	E4	51	80	0	0	18270	P1-26-3	0	-
348	104.393229	104.489583	C3	52	80	0	0	18270	P1-26-22	0	-
349	104.503906	104.619792	C2	50	80	0	0	18290	P1-26-23	0	-
350	104.584635	104.658854	C3	60	80	0	0	18310	P1-26-24	0	-
351	104.688802	105.179688	A4	65	80	0	0	18330	P1-26-6	0	-
352	104.697917	105.169271	F4	57	80	0	0	18330	P1-26-5	0	-
353	104.697917	104.938802	C2	49	80	0	0	18330	P1-26-25	0	-
354	104.700521	105.041667	C4	52	80	0	0	18330	*	3	-
355	105.369792	105.829427	A4	81	80	0	0	18450	P1-26-9	0	-
356	105.376302	105.739583	F4	56	80	0	0	18450	P1-26-8	0	-
357	105.376302	105.609375	C4	60	80	0	0	18450	P1-26-7	0	-
358	105.718750	105.878906	C6	63	80	0	0	18510	P1-26-27	0	-
359	105.791667	105.864583	C5	70	80	0	0	18530	P1-26-28	0	-
360	105.888021	105.989583	C6	75	80	0	0	18550	P1-26-29	0	-
361	105.994792	106.139323	B4	79	80	0	0	18570	P1-26-13	1	-
362	106.003906	106.229167	C5	79	80	0	0	18570	P1-26-30	0	-
363	106.013021	106.299479	D4	69	80	0	0	18570	P1-26-10	0	-
364	106.013021	106.309896	F4	60	80	0	0	18570	P1-26-11	0	-
365	106.013021	106.279948	Ab4	73	80	0	0	18570	P1-26-12	0	-
366	106.716146	106.949219	B4	79	80	0	0	18690	P1-26-17	1	-
367	106.734375	106.889323	Ab4	61	80	0	0	18690	P1-26-16	0	-
368	106.736979	106.929688	D4	55	80	0	0	18690	P1-26-14	0	-
369	106.744792	106.929688	F4	54	80	0	0	18690	P1-26-15	0	-
370	106.964844	107.079427	C6	68	80	0	0	18750	P1-26-32	0	-
371	107.061198	107.149740	C5	60	80	0	0	18770	P1-26-33	0	-
372	107.398438	107.878906	C5	70	80	0	0	18810	P1-27-3	0	-
373	107.424479	107.809896	G4	51	80	0	0	18810	P1-27-2	0	-
374	107.425781	107.809896	E4	39	80	0	0	18810	P1-27-1	0	-
375	108.093750	108.739583	G4	54	80	0	0	18930	P1-27-6	0	-
376	108.095052	108.639323	E4	45	80	0	0	18930	P1-27-5	0	-
377	108.121094	108.859375	C4	34	80	0	0	18930	P1-27-4	0	-
378	108.557292	108.605469	C3	41	80	0	0	18990	P1-27-18	0	-
379	108.636719	108.774740	C2	44	80	0	0	19020	P1-27-19	0	-
380	108.729167	108.776042	C3	59	80	0	0	19050	P1-27-20	0	-
381	109.304688	109.658854	G4	77	80	0	0	19170	P1-27-9	0	-
382	109.321615	109.609375	E4	54	80	0	0	19170	P1-27-8	0	-
383	109.325521	109.509115	C4	51	80	0	0	19170	P1-27-7	0	-
384	109.712240	109.859375	C6	60	80	0	0	19230	P1-27-22	0	-
385	109.803385	109.929688	C5	60	80	0	0	19260	P1-27-23	0	-
386	109.899740	110.688802	B4	78	80	0	0	19290	P1-27-12	0	-
387	109.934896	110.419271	D4	43	80	0	0	19290	P1-27-10	0	-
388	109.940104	110.399740	F4	45	80	0	0	19290	P1-27-11	0	-
389	110.532552	111.309896	G4	75	80	0	0	19410	P1-27-15	0	-
390	110.562500	111.079427	F4	50	80	0	0	19410	P1-27-14	0	-
391	110.567708	110.878906	D4	44	80	0	0	19410	P1-27-13	0	-
392	111.153646	111.589844	C5	74	80	0	0	19530	P1-28-3	0	-
393	111.192708	111.628906	E4	45	80	0	0	19530	P1-28-2	0	-
394	111.194010	111.579427	C4	41	80	0	0	19530	P1-28-1	0	-
395	111.970052	113.019531	G4	57	80	0	0	19650	P1-28-6	0	-
396	112.002604	112.938802	C4	41	80	0	0	19650	P1-28-4	0	-
397	112.002604	112.899740	E4	36	80	0	0	19650	P1-28-5	0	-
398	112.394531	112.445312	C3	47	80	0	0	19710	P1-28-18	0	-
399	112.488281	112.669271	C2	47	80	0	0	19740	P1-28-19	0	-
400	112.591146	112.699219	C3	53	80	0	0	19770	P1-28-20	0	-
401	113.171875	113.389323	G4	72	80	0	0	19890	P1-28-9	0	-
402	113.179688	113.438802	E4	55	80	0	0	19890	P1-28-8	0	-
403	113.182292	113.281250	C4	47	80	0	0	19890	P1-28-7	0	-
404	113.554688	113.809896	C6	65	80	0	0	19950	P1-28-22	0	-
405	113.669271	113.739583	C5	65	80	0	0	19980	P1-28-23	0	-
406	113.782552	114.269531	B5	73	80	0	0	20010	P1-28-24	1	-
407	113.782552	114.598958	B4	75	80	0	0	20010	P1-28-12	0	-
408	113.804688	114.359375	F4	48	80	0	0	20010	P1-28-11	0	-
409	113.809896	114.239583	D4	47	80	0	0	20010	P1-28-10	0	-
410	114.503906	114.929688	G4	68	80	0	0	20130	P1-28-15	0	-
411	114.545573	115.329427	F4	40	80	0	0	20130	P1-28-14	0	-
412	114.546875	114.968750	D4	44	80	0	0	20130	P1-28-13	0	-
413	115.291667	115.789062	C5	58	80	0	0	20250	P1-29-3	0	-
414	115.322917	115.605469	E4	39	80	0	0	20250	P1-29-2	0	-
415	115.328125	115.479167	G4	33	80	0	0	20250	*	3	-
416	115.332031	115.611979	C4	32	80	0	0	20250	P1-29-1	0	-
417	115.985677	116.539062	E4	36	80	0	0	20370	P1-29-5	0	-
418	115.986979	116.750000	G4	50	80	0	0	20370	P1-29-6	0	-
419	115.994792	116.889323	C4	37	80	0	0	20370	P1-29-4	0	-
420	116.433594	116.485677	C3	44	80	0	0	20430	P1-29-15	0	-
421	116.528646	116.584635	C2	39	80	0	0	20460	P1-29-16	0	-
422	116.625000	116.729167	C3	47	80	0	0	20490	P1-29-17	0	-
423	117.305990	119.049479	E4	44	80	0	0	20610	P1-29-9	0	-
424	117.311198	118.000000	C4	41	80	0	0	20610	P1-29-8	0	-
425	117.315104	117.989583	G3	38	80	0	0	20610	P1-29-7	0	-
426	117.722656	117.778646	C3	41	80	0	0	20670	P1-29-19	0	-
427	117.816406	117.938802	C2	40	80	0	0	20700	P1-29-20	0	-
428	117.920573	117.967448	C3	47	80	0	0	20730	P1-29-21	0	-
429	118.574219	119.348958	G3	31	80	0	0	20850	P1-29-11	0	-
430	118.579427	119.408854	C4	37	80	0	0	20850	P1-29-12	0	-
431	118.584635	119.309896	E3	33	80	0	0	20850	P1-29-10	1	-
432	118.981771	119.033854	C3	38	80	0	0	20910	P1-29-23	0	-
433	119.078125	119.250000	C2	36	80	0	0	20940	P1-29-24	0	-
434	119.190104	119.239583	C3	43	80	0	0	20970	P1-30-13	0	-
435	119.867188	121.059896	C4	50	80	0	0	21090	P1-30-14	0	-
436	120.660156	121.438802	B3	52	80	0	0	21210	P1-30-15	0	-
437	121.388021	122.093750	Bb3	47	80	0	0	21330	P1-30-16	0	-
438	121.388021	122.429688	C4	47	80	0	0	21330	P1-30-19	0	-
439	122.022135	122.710938	A3	51	80	0	0	21450	P1-30-17	0	-
440	122.354167	122.407552	D4	55	80	0	0	21510	P1-30-7	0	-
441	122.520833	122.576823	E4	61	80	0	0	21540	P1-30-8	0	-
442	122.700521	122.808594	F4	55	80	0	0	21570	P1-30-9	0	-
443	122.704427	122.802083	Bb3	51	80	0	0	21570	P1-30-20	0	-
444	122.725260	122.804688	G3	42	80	0	0	21570	P1-30-18	0	-
445	122.876302	122.966146	G4	63	80	0	0	21600	P1-30-10	0	-
446	123.061198	123.216146	A4	60	80	0	0	21630	P1-30-11	0	-
447	123.255208	123.425781	Bb4	53	80	0	0	21660	P1-30-12	0	-
448	123.475260	123.819010	F2	25	80	0	0	21690	P1-31-9	0	-
449	123.533854	125.408854	C5	45	80	0	0	21690	P1-31-1	0	-
450	124.210938	125.059896	F3	30	80	0	0	21810	P1-31-10	0	-
451	124.838542	125.389323	F4	30	80	0	0	21930	P1-31-7	0	-
452	124.842448	125.549479	A3	31	80	0	0	21930	P1-31-11	0	-
453	124.854167	125.369792	C4	25	80	0	0	21930	P1-31-12	0	-
454	125.473958	126.139323	F3	34	80	0	0	22050	P1-31-13	0	-
455	125.907552	126.179688	A4	46	80	0	0	22140	P1-31-3	0	-
456	126.135417	127.449219	F5	54	80	0	0	22170	P1-31-4	0	-
457	126.165365	126.419271	Bb3	27	80	0	0	22170	P1-31-14	0	-
458	126.170573	126.989583	D4	23	80	0	0	22170	P1-31-15	0	-
459	126.177083	128.329427	F4	22	80	0	0	22170	P1-31-8	0	-
460	126.792969	127.500000	F3	35	80	0	0	22290	P1-31-16	0	-
461	127.221354	127.419271	D5	52	80	0	0	22380	P1-31-5	0	-
462	127.424479	129.339844	C5	61	80	0	0	22410	P1-32-1	0	-
463	127.472656	128.239583	C4	22	80	0	0	22410	P1-32-11	0	-
464	127.475260	128.149740	A3	19	80	0	0	22410	P1-32-10	0	-
465	128.097656	129.069010	F3	37	80	0	0	22530	P1-32-12	0	-
466	128.704427	129.878906	F4	30	80	0	0	22650	P1-32-7	0	-
467	128.738281	129.529948	C4	25	80	0	0	22650	P1-32-14	0	-
468	128.739583	129.589844	A3	30	80	0	0	22650	P1-32-13	0	-
469	129.355469	130.188802	F3	38	80	0	0	22770	P1-32-15	0	-
470	129.782552	130.018229	A4	57	80	0	0	22860	P1-32-3	0	-
471	129.983073	131.408854	Bb4	60	80	0	0	22890	P1-32-4	0	-
472	129.996094	130.799479	F4	40	80	0	0	22890	P1-32-8	0	-
473	130.007812	130.750000	D3	37	80	0	0	22890	P1-32-16	0	-
474	130.647135	131.149740	D4	41	80	0	0	23010	P1-32-9	0	-
475	130.684896	131.269531	Bb2	35	80	0	0	23010	P1-32-17	0	-
476	131.114583	131.291667	G4	57	80	0	0	23100	P1-32-5	0	-
477	131.304688	134.179688	F4	57	80	0	0	23130	P1-33-1	0	-
478	131.335938	131.779948	C2	30	80	0	0	23130	P1-33-10	0	-
479	132.029948	132.408854	A3	35	80	0	0	23250	P1-33-7	0	-
480	132.033854	132.809896	C3	36	80	0	0	23250	P1-33-11	0	-
481	132.682292	133.658854	C4	38	80	0	0	23370	P1-33-8	0	-
482	132.683594	134.128906	F3	30	80	0	0	23370	P1-33-12	0	-
483	132.712240	134.139323	A3	31	80	0	0	23370	P1-33-13	0	-
484	133.437500	134.529948	C3	42	80	0	0	23490	P1-33-14	0	-
485	134.074219	134.399740	A4	52	80	0	0	23610	P1-33-2	0	-
486	134.105469	135.000000	E3	31	80	0	0	23610	P1-33-15	0	-
487	134.108073	136.569010	C4	28	80	0	0	23610	P1-33-9	0	-
488	134.123698	134.819010	G3	29	80	0	0	23610	P1-33-16	0	-
489	134.408854	134.718750	G4	55	80	0	0	23670	P1-33-3	0	-
490	134.679688	135.179688	F4	56	80	0	0	23730	P1-33-4	0	-
491	134.746094	135.459635	C3	43	80	0	0	23730	P1-33-17	0	-
492	134.986979	135.149740	G4	70	80	0	0	23790	P1-33-5	0	-
493	135.194010	137.649740	F2	36	80	0	0	23850	P1-34-21	0	-
494	135.312500	136.169271	E3	46	80	0	0	23850	P1-34-15	0	-
495	135.352865	136.553385	G4	66	80	0	0	23850	P1-34-1	0	-
496	136.015625	136.675781	C3	56	80	0	0	23970	P1-34-16	0	-
497	136.466146	136.664062	G#4	67	80	0	0	24060	P1-34-2	0	-
498	136.680990	138.329427	A4	52	80	0	0	24090	P1-34-3	0	-
499	136.690104	137.739583	C4	41	80	0	0	24090	*	3	-
500	136.694010	137.718750	F3	42	80	0	0	24090	P1-34-17	0	-
501	137.328125	138.089844	A2	62	80	0	0	24210	P1-34-18	0	-
502	137.994792	138.645833	Bb2	57	80	0	0	24330	P1-34-19	0	-
503	138.156250	138.266927	C4	62	80	0	0	24360	P1-34-6	0	-
504	138.316406	138.395833	D4	68	80	0	0	24390	P1-34-7	0	-
505	138.464844	138.526042	E4	70	80	0	0	24420	P1-34-8	0	-
506	138.609375	138.716146	F4	65	80	0	0	24450	P1-34-9	0	-
507	138.652344	139.348958	G2	38	80	0	0	24450	P1-34-20	0	-
508	138.652344	138.658854	G3	39	80	0	0	24450	*	3	-
509	138.773438	138.863281	G4	72	80	0	0	24480	P1-34-10	0	-
510	138.925781	139.071615	A4	71	80	0	0	24510	P1-34-11	0	-
511	139.087240	139.319010	Bb4	66	80	0	0	24540	P1-34-12	0	-
512	139.298177	139.699219	F2	38	80	0	0	24570	P1-35-9	0	-
513	139.300781	141.519531	C5	71	80	0	0	24570	P1-35-1	0	-
514	139.996094	140.811198	F3	44	80	0	0	24690	P1-35-10	0	-
515	140.309896	140.759115	E4	55	80	0	0	24750	P1-35-7	0	-
516	140.694010	144.519531	F4	40	80	0	0	24810	P1-35-8	0	-
517	140.712240	141.848958	C4	34	80	0	0	24810	P1-35-12	0	-
518	141.330729	142.069010	F3	34	80	0	0	24930	P1-35-13	0	-
519	141.782552	142.013021	A4	55	80	0	0	25020	P1-35-3	0	-
520	142.015625	143.559896	F5	57	80	0	0	25050	P1-35-4	0	-
521	142.022135	142.759115	Bb3	37	80	0	0	25050	P1-35-14	0	-
522	142.031250	142.889323	D4	28	80	0	0	25050	P1-35-15	0	-
523	142.701823	143.699219	F3	30	80	0	0	25170	P1-35-16	0	-
524	143.127604	143.355469	D5	52	80	0	0	25260	P1-35-5	0	-
525	143.375000	143.839844	C5	49	80	0	0	25290	P1-36-1	0	-
526	143.375000	144.299479	A3	34	80	0	0	25290	P1-36-12	0	-
527	143.382812	144.408854	C4	32	80	0	0	25290	P1-36-13	0	-
528	144.122396	145.029948	F3	33	80	0	0	25410	P1-36-14	0	-
529	144.505208	144.882812	E4	49	80	0	0	25470	P1-36-8	0	-
530	144.864583	146.289062	F4	36	80	0	0	25530	P1-36-9	0	-
531	144.884115	145.669271	C4	25	80	0	0	25530	P1-36-16	0	-
532	144.885417	146.000000	A3	26	80	0	0	25530	P1-36-15	0	-
533	145.558594	146.479167	F3	41	80	0	0	25650	P1-36-17	0	-
534	145.855469	146.334635	A4	74	80	0	0	25740	P1-36-3	0	-
535	146.190104	147.718750	D3	38	80	0	0	25770	P1-36-18	0	-
536	146.269531	146.721354	C5	64	80	0	0	25770	P1-36-4	0	-
537	146.302083	147.158854	F4	36	80	0	0	25770	P1-36-10	0	-
538	146.671875	147.500000	Bb4	68	80	0	0	25830	P1-36-5	0	-
539	147.041667	147.489583	D4	53	80	0	0	25890	P1-36-11	0	-
540	147.055990	147.718750	Bb2	42	80	0	0	25890	P1-36-19	0	-
541	147.328125	147.683594	G4	67	80	0	0	25950	P1-36-6	0	-
542	147.653646	149.739583	C3	47	80	0	0	26010	P1-37-14	0	-
543	147.653646	149.438802	F4	63	80	0	0	26010	P1-37-1	0	-
544	147.697917	148.069010	A3	37	80	0	0	26010	P1-37-3	0	-
545	148.302083	148.829427	A3	57	80	0	0	26130	P1-37-5	0	-
546	148.329427	149.229167	F3	45	80	0	0	26130	P1-37-4	0	-
547	148.955729	149.559896	C4	66	80	0	0	26250	P1-37-7	0	-
548	148.983073	149.279948	A3	52	80	0	0	26250	P1-37-6	0	-
549	149.602865	150.299479	A3	78	80	0	0	26370	P1-37-9	0	-
550	149.638021	150.218750	F3	47	80	0	0	26370	P1-37-8	0	-
551	150.251302	150.949219	C3	57	80	0	0	26490	*	3	-
552	150.253906	151.639323	C2	54	80	0	0	26490	P1-37-15	0	-
553	150.253906	152.209635	C4	69	80	0	0	26490	P1-37-2	0	-
554	150.256510	150.658854	E3	57	80	0	0	26490	P1-37-10	0	-
555	150.261719	151.628906	G3	55	80	0	0	26490	P1-37-11	0	-
556	150.934896	151.628906	E3	48	80	0	0	26610	P1-37-13	0	-
557	150.958333	151.459635	C3	40	80	0	0	26610	P1-37-12	0	-
558	151.570312	152.729167	F1	34	80	0	0	26730	P1-38-8	0	-
559	151.664062	154.199219	A3	40	80	0	0	26730	P1-38-3	0	-
560	151.665365	152.128906	F2	33	80	0	0	26730	P1-38-9	0	-
561	151.679688	151.869792	C3	32	80	0	0	26730	P1-38-1	0	-
562	151.683594	152.598958	F3	29	80	0	0	26730	P1-38-2	0	-
563	152.627604	152.829427	F2	33	80	0	0	26910	P1-38-11	0	-
564	152.743490	153.959635	F1	45	80	0	0	26930	P1-38-12	0	-
565	152.834635	153.669271	F2	37	80	0	0	26950	P1-38-13	0	-
566	153.864583	154.009115	F2	31	80	0	0	27150	P1-38-16	0	-
567	153.966146	154.179688	F1	44	80	0	0	27170	P1-38-17	0	-
568	154.065104	154.639323	F2	40	80	0	0	27190	P1-38-18	0	-
569	154.188802	155.259115	F1	40	80	0	0	27210	P1-38-19	0	-
570	155.049479	155.500000	F4	61	80	0	0	27330	P1-38-7	0	-
571	155.485677	155.789062	F2	36	80	0	0	27450	*	3	-
572	155.723958	157.218750	F4	69	80	0	0	27450	P1-39-1	0	-
573	156.815104	157.319010	F2	31	80	0	0	27630	P1-39-10	0	-
574	156.933594	157.339844	F1	40	80	0	0	27650	P1-39-11	0	-
575	157.104167	158.989583	Gb4	66	80	0	0	27690	P1-39-2	0	-
576	157.106771	159.279948	A3	47	80	0	0	27690	P1-39-5	0	-
577	157.110677	160.309896	Eb4	52	80	0	0	27690	P1-39-7	0	-
578	157.113281	160.029948	C4	45	80	0	0	27690	P1-39-6	0	-
579	158.053385	158.188802	F2	42	80	0	0	27870	P1-39-15	0	-
580	158.154948	158.319010	F1	53	80	0	0	27890	*	3	-
581	158.251302	158.489583	F2	42	80	0	0	27890	*	3	-
582	158.332031	158.489583	F1	49	80	0	0	27890	P1-39-16	0	-
583	158.497396	158.669271	F2	31	80	0	0	27910	P1-39-17	0	-
584	158.501302	159.679688	F1	30	80	0	0	27930	P1-39-18	0	-
585	159.000000	159.519531	Gb4	73	80	0	0	28050	P1-39-3	0	-
586	159.657552	160.759115	Gb4	78	80	0	0	28170	P1-40-1	0	-
587	160.539062	160.595052	F2	50	80	0	0	28350	P1-40-10	0	-
588	160.674479	160.839844	F1	49	80	0	0	28370	P1-40-11	0	-
589	160.748698	161.079427	F2	55	80	0	0	28390	P1-40-12	0	-
590	160.851562	161.639323	F1	53	80	0	0	28410	P1-40-13	0	-
591	160.890625	162.688802	A4	83	80	0	0	28410	P1-40-6	0	-
592	160.920573	163.779948	Eb4	56	80	0	0	28410	P1-40-5	0	-
593	160.923177	163.639323	C4	50	80	0	0	28410	P1-40-4	0	-
594	161.354167	161.479167	F2	32	80	0	0	28590	*	3	-
595	161.802083	161.949219	F2	51	80	0	0	28590	P1-40-15	0	-
596	161.903646	162.069010	F1	60	80	0	0	28610	P1-40-16	0	-
597	161.983073	163.319010	F2	64	80	0	0	28630	P1-40-17	0	-
598	162.082031	162.419271	F1	75	80	0	0	28650	P1-40-18	0	-
599	162.425781	164.279948	F1	46	80	0	0	28650	*	3	-
600	162.696615	163.329427	A4	89	80	0	0	28770	P1-40-7	0	-
601	163.335938	164.438802	A4	93	80	0	0	28890	P1-41-1	0	-
602	164.388021	164.559896	F2	55	80	0	0	29070	P1-41-10	0	-
603	164.476562	164.658854	F1	60	80	0	0	29090	P1-41-11	0	-
604	164.565104	165.109375	F2	69	80	0	0	29110	P1-41-12	0	-
605	164.657552	166.188802	C5	87	80	0	0	29130	P1-41-6	0	-
606	164.664062	166.449219	A4	77	80	0	0	29130	*	3	-
607	164.664062	166.098958	Gb4	75	80	0	0	29130	P1-41-5	0	-
608	164.670573	164.869792	F1	70	80	0	0	29130	P1-41-13	0	-
609	164.673177	166.289062	Eb4	79	80	0	0	29130	P1-41-4	0	-
610	164.882812	165.188802	F1	53	80	0	0	29130	*	3	-
611	165.447917	165.459635	F2	43	80	0	0	29310	P1-41-15	0	-
612	165.571615	165.679688	F1	64	80	0	0	29330	P1-41-16	0	-
613	165.583333	165.739583	F2	61	80	0	0	29330	*	3	-
614	165.686198	165.848958	F1	72	80	0	0	29330	*	3	-
615	165.753906	166.029948	F2	64	80	0	0	29350	P1-41-17	0	-
616	165.855469	167.098958	F1	72	80	0	0	29370	P1-41-18	0	-
617	166.500000	166.899740	C5	93	80	0	0	29490	P1-41-7	0	-
618	167.140625	167.669271	C5	87	80	0	0	29610	P1-42-1	0	-
619	167.914062	169.029948	Eb5	90	80	0	0	29730	P1-42-2	0	-
620	168.270833	168.500000	C4	54	80	0	0	29790	P1-42-21	0	-
621	168.315104	168.375000	A3	50	80	0	0	29790	P1-42-20	0	-
622	168.429688	168.519531	F3	55	80	0	0	29810	P1-42-22	0	-
623	168.473958	168.579427	A3	54	80	0	0	29830	P1-42-23	0	-
624	168.585938	169.299479	F3	70	80	0	0	29850	P1-42-25	0	-
625	168.962240	169.250000	D5	78	80	0	0	29910	P1-42-4	0	-
626	169.153646	169.369792	C5	68	80	0	0	29940	P1-42-5	0	-
627	169.312500	169.473958	Bb4	67	80	0	0	29970	P1-42-6	0	-
628	169.464844	169.632812	A4	67	80	0	0	30000	P1-42-7	0	-
629	169.615885	169.779948	G4	70	80	0	0	30030	P1-42-8	0	-
630	169.776042	169.957031	F4	59	80	0	0	30060	P1-42-9	0	-
631	169.938802	170.109375	E4	60	80	0	0	30090	P1-42-10	0	-
632	170.095052	170.285156	Eb4	57	80	0	0	30120	P1-42-11	0	-
633	170.274740	170.442708	D4	63	80	0	0	30150	P1-42-12	0	-
634	170.451823	170.666667	C4	60	80	0	0	30180	P1-42-13	0	-
635	170.639323	170.876302	Bb3	61	80	0	0	30210	P1-42-14	0	-
636	170.826823	170.983073	A3	59	80	0	0	30240	P1-42-15	0	-
637	171.022135	171.195312	Eb4	42	80	0	0	30270	P1-42-16	0	-
638	171.203125	171.574219	A3	49	80	0	0	30300	P1-42-17	0	-
639	171.516927	174.598958	Bb3	48	80	0	0	30330	P1-43-1	0	-
640	171.531250	172.919271	D3	32	80	0	0	30330	P1-43-8	0	-
641	171.548177	177.500000	Bb1	32	80	0	0	30330	P1-43-2	0	-
642	171.552083	175.128906	Bb2	31	80	0	0	30330	P1-43-3	0	-
643	172.796875	173.149740	Eb3	40	80	0	0	30540	P1-43-5	0	-
644	172.997396	173.959635	F3	45	80	0	0	30570	P1-43-6	0	-
645	174.332031	174.779948	F3	44	80	0	0	30810	P1-43-7	0	-
646	175.514323	177.729167	Bb2	25	80	0	0	31050	P1-44-10	0	-
647	175.526042	177.759115	D3	30	80	0	0	31050	P1-44-11	0	-
648	175.584635	177.709635	F3	32	80	0	0	31050	P1-44-12	0	-
649	175.654948	176.348958	D5	55	80	0	0	31050	P1-44-1	0	-
650	176.479167	176.561198	Eb5	49	80	0	0	31140	P1-44-7	0	-
651	176.585938	176.669271	D5	54	80	0	0	31150	P1-44-8	0	-
652	176.653646	176.731771	C5	59	80	0	0	31160	P1-44-9	0	-
653	176.714844	177.024740	D5	68	80	0	0	31170	P1-44-2	0	-
654	177.001302	177.244792	Eb5	67	80	0	0	31260	P1-44-3	0	-
655	177.243490	177.718750	F5	66	80	0	0	31290	P1-44-4	0	-
656	178.558594	180.539062	Bb3	55	80	0	0	31530	P1-44-6	0	-
657	178.567708	179.468750	Bb1	31	80	0	0	31530	P1-44-13	0	-
658	178.579427	178.589844	F3	31	80	0	0	31530	*	3	-
659	178.585938	179.438802	F2	31	80	0	0	31530	P1-44-14	0	-
660	178.585938	179.158854	Bb2	34	80	0	0	31530	P1-44-15	0	-
661	178.588542	179.389323	D3	34	80	0	0	31530	P1-44-5	0	-
662	180.113281	183.348958	A3	41	80	0	0	31770	P1-45-2	0	-
663	180.121094	183.348958	Eb3	32	80	0	0	31770	P1-45-3	0	-
664	180.123698	183.289062	C3	31	80	0	0	31770	P1-45-9	0	-
665	180.126302	183.218750	C2	29	80	0	0	31770	P1-45-7	1	-
666	181.339844	181.649740	F3	34	80	0	0	31980	P1-45-4	0	-
667	181.593750	182.348958	Gb3	46	80	0	0	32010	P1-45-5	0	-
668	182.868490	183.389323	Gb3	51	80	0	0	32250	P1-45-6	0	-
669	184.235677	185.750000	Gb3	28	80	0	0	32490	P1-46-13	0	-
670	184.248698	185.908854	Eb4	30	80	0	0	32490	P1-46-11	0	-
671	184.264323	186.459635	C4	35	80	0	0	32490	P1-46-10	0	-
672	184.266927	184.968750	A5	63	80	0	0	32490	P1-46-1	0	-
673	185.091146	185.154948	Bb5	56	80	0	0	32580	P1-46-7	0	-
674	185.184896	185.238281	A5	59	80	0	0	32590	P1-46-8	0	-
675	185.261719	185.389323	G5	55	80	0	0	32600	P1-46-9	0	-
676	185.316406	185.605469	A5	58	80	0	0	32610	P1-46-2	0	-
677	185.611979	186.119792	Bb5	60	80	0	0	32700	P1-46-3	0	-
678	185.882812	186.389323	C6	50	80	0	0	32730	P1-46-4	0	-
679	185.915365	186.589844	F3	23	80	0	0	32730	P1-46-14	0	-
680	187.194010	188.598958	Eb4	43	80	0	0	32970	P1-46-6	0	-
681	187.196615	188.579427	C4	39	80	0	0	32970	P1-46-5	0	-
682	187.204427	187.869792	A2	33	80	0	0	32970	P1-46-15	0	-
683	187.204427	188.009115	F3	34	80	0	0	32970	P1-46-12	0	-
684	187.204427	187.878906	A1	35	80	0	0	32970	*	3	-
685	188.455729	189.089844	Bb1	25	80	0	0	33210	P1-47-7	0	-
686	188.470052	188.479167	Bb2	30	80	0	0	33210	*	3	-
687	188.518229	192.500000	D4	52	80	0	0	33210	P1-47-2	0	-
688	188.535156	189.429688	Ab3	39	80	0	0	33210	P1-47-3	0	-
689	188.535156	189.079427	F3	36	80	0	0	33210	P1-47-1	0	-
690	188.540365	189.019531	Bb2	35	80	0	0	33210	P1-47-8	0	-
691	189.600260	190.128906	Bb3	57	80	0	0	33420	P1-47-4	0	-
692	189.859375	191.009115	B3	62	80	0	0	33420	*	3	-
693	191.164062	191.739583	Cb4	76	80	0	0	33450	P1-47-5	0	-
694	192.274740	193.968750	Cb4	44	80	0	0	33690	P1-47-6	0	-
695	192.348958	194.209635	F4	31	80	0	0	33930	P1-48-10	0	-
696	192.412760	194.348958	Ab4	53	80	0	0	33930	P1-48-11	0	-
697	192.451823	193.179688	D5	72	80	0	0	33930	P1-48-1	0	-
698	193.147135	193.210938	Eb5	63	80	0	0	34020	P1-48-7	0	-
699	193.230469	193.348958	D5	58	80	0	0	34030	P1-48-8	0	-
700	193.300781	193.395833	C5	66	80	0	0	34040	P1-48-9	0	-
701	193.358073	193.688802	D5	74	80	0	0	34050	P1-48-2	0	-
702	193.658854	193.911458	Eb5	73	80	0	0	34140	P1-48-3	0	-
703	193.893229	194.389323	Bb3	55	80	0	0	34170	P1-48-14	0	-
704	193.893229	194.399740	F5	72	80	0	0	34170	P1-48-4	0	-
705	195.023438	195.750000	D3	45	80	0	0	34410	P1-48-15	0	-
706	195.093750	195.688802	Bb3	54	80	0	0	34410	P1-48-12	0	-
707	195.096354	195.859375	F5	83	80	0	0	34410	P1-48-6	0	-
708	195.114583	195.739583	Ab4	68	80	0	0	34410	P1-48-5	0	-
709	196.503906	198.500000	Eb3	41	80	0	0	34650	P1-49-16	0	-
710	196.503906	197.319010	Bb3	47	80	0	0	34650	P1-49-10	0	-
711	196.583333	198.000000	F5	63	80	0	0	34650	P1-49-1	0	-
712	196.589844	198.339844	G4	45	80	0	0	34650	P1-49-6	0	-
713	197.253906	197.848958	B3	67	80	0	0	34770	P1-49-11	0	-
714	197.872396	198.549479	Eb5	72	80	0	0	34890	P1-49-2	0	-
715	197.890625	198.549479	C4	56	80	0	0	34890	P1-49-12	0	-
716	198.511719	199.218750	D5	79	80	0	0	35010	P1-49-3	0	-
717	198.524740	199.119792	D4	57	80	0	0	35010	P1-49-13	0	-
718	198.524740	199.000000	Bb4	65	80	0	0	35010	P1-49-7	0	-
719	198.524740	198.755208	F3	52	80	0	0	35010	P1-49-17	0	-
720	199.147135	199.639323	C5	75	80	0	0	35130	P1-49-4	0	-
721	199.153646	199.750000	Eb4	58	80	0	0	35130	P1-49-14	0	-
722	199.154948	199.559896	G3	51	80	0	0	35130	P1-49-18	0	-
723	199.174479	199.658854	Bb4	67	80	0	0	35130	P1-49-8	0	-
724	199.697917	200.299479	G3	45	80	0	0	35250	P1-49-19	0	-
725	199.785156	200.179688	C5	80	80	0	0	35250	P1-49-5	0	-
726	199.803385	200.188802	E4	56	80	0	0	35250	P1-49-15	0	-
727	199.805990	200.329427	Bb4	62	80	0	0	35250	P1-49-9	0	-
728	200.253906	201.848958	F3	46	80	0	0	35370	P1-50-32	0	-
729	200.373698	201.149740	E4	49	80	0	0	35370	P1-50-28	0	-
730	200.463542	200.500000	C5	56	80	0	0	35385	P1-50-21	0	-
731	200.484375	200.500000	A4	39	80	0	0	-1	*	3	-
732	200.526042	200.575521	D5	63	80	0	0	35400	P1-50-22	0	-
733	200.600260	200.654948	C5	57	80	0	0	35415	P1-50-23	0	-
734	200.694010	200.726562	D5	61	80	0	0	35430	P1-50-24	0	-
735	200.748698	200.799479	C5	63	80	0	0	35445	P1-50-25	0	-
736	200.829427	200.878906	D5	63	80	0	0	35460	P1-50-26	1	-
737	200.902344	200.942708	C5	66	80	0	0	35475	P1-50-27	0	-
738	200.955729	201.014323	B4	69	80	0	0	35490	P1-50-2	0	-
739	201.031250	201.117188	C5	60	80	0	0	35490	P1-50-3	0	-
740	201.141927	201.569010	D5	65	80	0	0	35490	P1-50-4	0	-
741	201.492188	201.574219	C5	60	80	0	0	35550	P1-50-5	0	-
742	201.852865	202.658854	C5	56	80	0	0	35610	P1-50-6	0	-
743	201.855469	202.829427	F3	34	80	0	0	35610	*	3	-
744	201.861979	202.628906	A4	42	80	0	0	35610	P1-50-19	0	-
745	201.873698	202.549479	F4	37	80	0	0	35610	P1-50-29	0	-
746	203.305990	203.502604	F3	56	80	0	0	35880	P1-50-9	0	-
747	203.498698	203.779948	G3	62	80	0	0	35910	P1-50-10	0	-
748	203.651042	203.792969	F3	64	80	0	0	35940	P1-50-11	0	-
749	203.813802	203.914062	E3	59	80	0	0	35970	P1-50-12	0	-
750	203.949219	204.109375	F3	61	80	0	0	36000	P1-50-13	0	-
751	204.096354	204.199219	G3	61	80	0	0	36030	P1-50-15	0	-
752	204.160156	204.309896	Eb3	45	80	0	0	36030	P1-50-14	0	-
753	204.252604	204.500000	A3	54	80	0	0	36060	P1-50-17	0	-
754	204.264323	204.459635	C3	60	80	0	0	36060	P1-50-16	0	-
755	204.507812	206.378906	Bb3	59	80	0	0	36090	P1-51-1	0	-
756	204.511719	205.069010	D3	51	80	0	0	36090	P1-51-3	0	-
757	204.514323	205.059896	Bb2	54	80	0	0	36090	P1-51-2	0	-
758	204.514323	204.979167	Bb1	48	80	0	0	36090	P1-51-10	0	-
759	205.559896	205.839844	C3	57	80	0	0	36300	P1-51-4	0	-
760	205.563802	205.819010	Eb3	58	80	0	0	36300	P1-51-5	0	-
761	205.804688	206.938802	D3	56	80	0	0	36330	P1-51-6	0	-
762	205.809896	206.878906	F3	59	80	0	0	36330	P1-51-7	0	-
763	205.813802	205.819010	A5	65	80	0	0	36360	*	3	-
764	205.979167	206.123698	Bb5	69	80	0	0	36360	P1-51-13	0	-
765	206.136719	206.272135	D6	73	80	0	0	36390	P1-51-14	0	-
766	206.282552	206.395833	Bb5	77	80	0	0	36420	P1-51-15	0	-
767	206.433594	206.559896	F5	71	80	0	0	36450	P1-51-16	0	-
768	206.575521	206.679688	Bb5	71	80	0	0	36480	P1-51-17	0	-
769	206.722656	206.815104	D5	65	80	0	0	36510	P1-51-18	0	-
770	206.864583	207.049479	F5	65	80	0	0	36540	P1-51-19	0	-
771	207.011719	207.589844	F3	42	80	0	0	36570	P1-51-9	0	-
772	207.013021	207.128906	F4	46	80	0	0	36570	*	3	-
773	207.016927	207.899740	D3	43	80	0	0	36570	P1-51-8	0	-
774	207.050781	207.250000	Bb4	54	80	0	0	36570	P1-51-20	0	-
775	207.196615	207.281250	D5	54	80	0	0	36600	P1-51-21	0	-
776	207.328125	207.424479	F4	51	80	0	0	36630	P1-51-22	0	-
777	207.479167	207.584635	Bb4	54	80	0	0	36660	P1-51-23	0	-
778	207.632812	207.736979	D4	55	80	0	0	36690	P1-51-24	0	-
779	207.800781	207.919271	F4	46	80	0	0	36720	P1-51-25	0	-
780	207.924479	208.128906	Bb3	46	80	0	0	36750	P1-51-26	0	-
781	208.054688	208.279948	D4	50	80	0	0	36780	P1-51-27	0	-
782	208.210938	208.539062	D5	66	80	0	0	36810	P1-52-1	0	-
783	208.212240	208.449219	F3	53	80	0	0	36810	P1-52-9	0	-
784	208.375000	208.589844	Bb3	50	80	0	0	36840	P1-52-10	0	-
785	208.523438	208.789062	D3	50	80	0	0	36870	P1-52-11	0	-
786	208.661458	208.869792	F3	53	80	0	0	36900	P1-52-12	0	-
787	208.835938	209.139323	Bb2	48	80	0	0	36930	P1-52-13	0	-
788	208.854167	208.936198	Eb5	62	80	0	0	36900	P1-52-6	0	-
789	208.944010	209.015625	D5	62	80	0	0	36910	P1-52-7	0	-
790	208.960938	209.399740	D3	49	80	0	0	36960	P1-52-14	0	-
791	209.033854	209.096354	C5	62	80	0	0	36920	P1-52-8	0	-
792	209.118490	209.274740	D5	67	80	0	0	36930	P1-52-2	0	-
793	209.127604	209.649740	F2	52	80	0	0	36990	P1-52-15	0	-
794	209.268229	209.688802	Bb2	50	80	0	0	37020	P1-52-16	0	-
795	209.279948	209.455729	Eb5	70	80	0	0	36930	P1-52-2	1	-
796	209.449219	209.729167	F5	72	80	0	0	37050	P1-52-4	0	-
797	209.462240	209.619792	D2	40	80	0	0	37050	P1-52-17	0	-
798	209.610677	209.968750	Bb1	42	80	0	0	37080	P1-52-18	0	-
799	209.766927	209.899740	D2	43	80	0	0	37110	P1-52-19	0	-
800	209.902344	210.139323	F2	41	80	0	0	37140	P1-52-20	0	-
801	210.057292	210.279948	Bb2	36	80	0	0	37170	P1-52-21	0	-
802	210.171875	210.739583	D2	44	80	0	0	37200	P1-52-22	0	-
803	210.332031	210.839844	F2	43	80	0	0	37230	P1-52-23	0	-
804	210.436198	210.789062	Bb2	50	80	0	0	37260	P1-52-24	0	-
805	210.617188	211.769531	Bb3	72	80	0	0	37290	P1-52-5	0	-
806	210.794271	211.049479	Bb2	43	80	0	0	37320	P1-52-26	0	-
807	210.921875	211.024740	F2	47	80	0	0	37350	P1-52-27	0	-
808	211.055990	211.195312	D2	55	80	0	0	37380	P1-52-28	0	-
809	211.203125	211.539062	Bb2	55	80	0	0	37410	P1-52-29	0	-
810	211.381510	211.463542	F2	53	80	0	0	37440	P1-52-30	0	-
811	211.505208	211.639323	D2	54	80	0	0	37470	P1-52-31	0	-
812	211.614583	211.799479	Bb1	61	80	0	0	37500	P1-52-32	0	-
813	211.799479	214.359375	A3	75	80	0	0	37530	P1-53-1	0	-
814	211.820312	212.848958	Eb3	53	80	0	0	37530	P1-53-3	0	-
815	211.824219	212.489583	C3	54	80	0	0	37530	P1-53-2	0	-
816	212.820312	213.089844	D3	61	80	0	0	37740	P1-53-4	0	-
817	212.824219	213.059896	F3	57	80	0	0	37740	P1-53-5	0	-
818	213.054688	214.598958	Eb3	60	80	0	0	37770	P1-53-6	0	-
819	213.054688	214.149740	Gb3	61	80	0	0	37770	P1-53-7	0	-
820	213.227865	213.388021	C6	71	80	0	0	37800	P1-53-13	0	-
821	213.385417	213.501302	Eb6	70	80	0	0	37830	P1-53-14	0	-
822	213.518229	213.619792	C6	69	80	0	0	37860	P1-53-15	0	-
823	213.665365	213.764323	A5	65	80	0	0	37890	P1-53-16	0	-
824	213.832031	213.916667	C6	53	80	0	0	37920	P1-53-17	0	-
825	213.833333	213.839844	D6	52	80	0	0	-1	*	3	-
826	213.949219	214.111979	Gb5	63	80	0	0	37950	P1-53-18	0	-
827	214.108073	214.212240	A5	64	80	0	0	37980	P1-53-19	0	-
828	214.255208	214.759115	Gb3	49	80	0	0	38010	P1-53-9	0	-
829	214.256510	214.419271	Eb5	60	80	0	0	38010	P1-53-20	0	-
830	214.394531	214.506510	Gb5	60	80	0	0	38040	P1-53-21	0	-
831	214.532552	214.621094	C5	62	80	0	0	38070	P1-53-22	0	-
832	214.683594	214.777344	Eb5	63	80	0	0	38100	P1-53-23	0	-
833	214.815104	214.902344	A4	58	80	0	0	38130	P1-53-24	0	-
834	214.954427	215.032552	C5	61	80	0	0	38160	P1-53-25	0	-
835	215.074219	215.250000	Gb4	51	80	0	0	38190	P1-53-26	0	-
836	215.234375	215.305990	A4	49	80	0	0	38220	P1-53-27	0	-
837	215.350260	215.899740	C6	70	80	0	0	38250	P1-54-1	0	-
838	215.377604	215.569010	Eb4	45	80	0	0	38250	P1-54-11	0	-
839	215.515625	215.750000	Gb4	51	80	0	0	38280	P1-54-12	0	-
840	215.669271	215.761719	C4	50	80	0	0	38310	P1-54-13	0	-
841	215.808594	215.949219	Eb4	43	80	0	0	38340	P1-54-14	0	-
842	215.942708	216.250000	A3	55	80	0	0	38370	P1-54-15	0	-
843	216.015625	216.066406	D6	63	80	0	0	38340	P1-54-8	0	-
844	216.105469	216.188802	C6	69	80	0	0	38350	P1-54-9	0	-
845	216.173177	216.218750	B5	68	80	0	0	38360	P1-54-10	0	-
846	216.244792	216.399740	C6	72	80	0	0	38370	P1-54-2	0	-
847	216.244792	216.438802	Gb3	46	80	0	0	38430	P1-54-17	0	-
848	216.375000	216.598958	D6	74	80	0	0	38370	P1-54-2	1	-
849	216.414062	216.688802	A3	41	80	0	0	38460	P1-54-18	0	-
850	216.553385	217.389323	C3	53	80	0	0	38490	P1-54-19	0	-
851	216.555990	217.399740	Eb6	76	80	0	0	38490	P1-54-4	0	-
852	216.720052	216.919271	Gb3	50	80	0	0	38520	P1-54-20	0	-
853	216.845052	217.359375	Eb3	60	80	0	0	38550	P1-54-21	0	-
854	217.002604	217.093750	A3	55	80	0	0	38580	P1-54-22	0	-
855	217.139323	217.359375	Gb3	64	80	0	0	38610	P1-54-23	0	-
856	217.268229	217.429688	C4	61	80	0	0	38640	P1-54-24	0	-
857	217.415365	217.575521	A3	72	80	0	0	38670	P1-54-25	0	-
858	217.571615	217.819010	Gb3	73	80	0	0	38700	P1-54-26	0	-
859	217.722656	219.878906	Gb4	80	80	0	0	38730	P1-54-7	0	-
860	217.752604	218.919271	Eb4	59	80	0	0	38730	P1-54-6	0	-
861	217.753906	218.639323	C4	52	80	0	0	38730	P1-54-5	0	-
862	217.902344	218.072917	Eb3	59	80	0	0	38760	P1-54-28	0	-
863	218.057292	218.859375	Bb2	64	80	0	0	38790	P1-54-29	0	-
864	218.246094	218.462240	Gb3	60	80	0	0	38820	P1-54-30	0	-
865	218.420573	218.759115	Eb3	64	80	0	0	38850	P1-54-31	0	-
866	218.585938	218.869792	Bb3	59	80	0	0	38880	P1-54-32	0	-
867	218.761719	218.959635	Gb3	57	80	0	0	38910	P1-54-33	0	-
868	218.872396	219.029948	Eb3	55	80	0	0	38940	P1-54-34	0	-
869	219.046875	220.429688	F4	73	80	0	0	38970	P1-55-1	0	-
870	219.058594	219.989583	Eb4	72	80	0	0	38970	P1-55-6	0	-
871	219.061198	219.399740	A2	55	80	0	0	38970	P1-55-15	0	-
872	219.071615	219.419271	C4	61	80	0	0	38970	P1-55-5	0	-
873	219.704427	220.158854	A3	60	80	0	0	39090	P1-55-7	0	-
874	219.705729	220.089844	C4	62	80	0	0	39090	P1-55-8	0	-
875	220.162760	220.364583	D4	58	80	0	0	39180	P1-55-10	0	-
876	220.167969	220.389323	B3	57	80	0	0	39180	P1-55-9	0	-
877	220.394531	221.149740	C4	56	80	0	0	39210	P1-55-11	0	-
878	220.394531	221.449219	Eb4	58	80	0	0	39210	P1-55-12	0	-
879	220.542969	220.704427	C6	69	80	0	0	39240	P1-55-18	0	-
880	220.701823	221.000000	Eb6	70	80	0	0	39270	P1-55-19	0	-
881	220.842448	220.963542	C6	72	80	0	0	39300	P1-55-20	0	-
882	221.002604	221.102865	A5	61	80	0	0	39330	P1-55-21	0	-
883	221.138021	221.247396	C6	56	80	0	0	39360	P1-55-22	0	-
884	221.299479	221.509115	Eb5	66	80	0	0	39390	P1-55-23	0	-
885	221.449219	221.554688	A5	56	80	0	0	39420	P1-55-24	0	-
886	221.579427	221.750000	C5	59	80	0	0	39450	P1-55-25	0	-
887	221.592448	221.709635	A4	54	80	0	0	39450	P1-55-2	1	-
888	221.593750	222.179688	C4	54	80	0	0	39450	P1-55-13	0	-
889	221.595052	222.049479	Eb4	50	80	0	0	39450	P1-55-14	0	-
890	221.725260	221.867188	Eb5	61	80	0	0	39480	P1-55-26	0	-
891	221.882812	221.997396	A4	64	80	0	0	39510	P1-55-27	0	-
892	222.046875	222.199219	C5	45	80	0	0	39540	P1-55-28	0	-
893	222.216146	222.519531	Eb4	52	80	0	0	39570	P1-55-29	0	-
894	222.342448	222.458333	A4	55	80	0	0	39600	P1-55-30	0	-
895	222.492188	222.789062	C6	78	80	0	0	39630	P1-55-4	0	-
896	222.514323	222.779948	C4	52	80	0	0	39630	P1-55-31	0	-
897	222.662760	222.889323	Eb4	42	80	0	0	39660	P1-55-32	0	-
898	222.796875	223.429688	C6	71	80	0	0	39690	P1-56-1	0	-
899	222.804688	223.029948	A3	53	80	0	0	39690	P1-56-11	0	-
900	223.003906	223.138021	C4	46	80	0	0	39720	P1-56-12	0	-
901	223.192708	223.266927	F3	59	80	0	0	39750	P1-56-13	0	-
902	223.303385	223.385417	A3	55	80	0	0	39780	P1-56-14	0	-
903	223.447917	223.559896	C3	60	80	0	0	39810	P1-56-15	0	-
904	223.505208	223.592448	D6	65	80	0	0	39780	P1-56-8	0	-
905	223.604167	223.739583	F3	49	80	0	0	39840	P1-56-16	0	-
906	223.605469	223.656250	C6	71	80	0	0	39790	P1-56-9	0	-
907	223.662760	223.730469	B5	70	80	0	0	39800	P1-56-10	0	-
908	223.740885	223.927083	C6	74	80	0	0	39810	P1-56-2	0	-
909	223.746094	223.897135	A2	50	80	0	0	39870	P1-56-17	0	-
910	223.854167	223.919271	F3	42	80	0	0	-1	*	3	-
911	223.916667	224.141927	D6	79	80	0	0	39900	P1-56-3	0	-
912	223.945312	224.329427	C3	45	80	0	0	39900	P1-56-18	0	-
913	224.104167	224.389323	F2	48	80	0	0	39930	P1-56-19	0	-
914	224.105469	224.658854	Eb6	75	80	0	0	39930	P1-56-4	0	-
915	224.273438	224.369792	A2	39	80	0	0	39960	P1-56-20	0	-
916	224.385417	224.709635	C2	55	80	0	0	39990	P1-56-21	0	-
917	224.566406	224.750000	F2	45	80	0	0	40020	P1-56-22	0	-
918	224.683594	225.059896	A1	62	80	0	0	40050	P1-56-23	0	-
919	224.828125	225.319010	C2	60	80	0	0	40080	P1-56-24	0	-
920	224.973958	225.029948	F1	55	80	0	0	40110	P1-56-25	0	-
921	225.074219	225.329427	A1	55	80	0	0	40140	P1-56-26	0	-
922	225.255208	226.809896	Eb5	83	80	0	0	40170	P1-56-7	0	-
923	225.274740	226.628906	C5	68	80	0	0	40170	P1-56-6	0	-
924	225.274740	226.519531	A4	66	80	0	0	40170	P1-56-5	0	-
925	225.436198	225.549479	F#1	57	80	0	0	40200	P1-56-28	0	-
926	225.563802	225.666667	A1	54	80	0	0	40230	P1-56-29	0	-
927	225.683594	225.979167	C2	58	80	0	0	40260	P1-56-30	0	-
928	225.868490	225.878906	F#1	50	80	0	0	40290	P1-56-31	1	-
929	226.024740	226.130208	A2	56	80	0	0	40320	P1-56-32	0	-
930	226.171875	226.348958	C3	61	80	0	0	40350	P1-56-33	0	-
931	226.328125	226.395833	F#3	63	80	0	0	40380	P1-56-34	0	-
932	226.467448	226.479167	A2	49	80	0	0	40410	P1-57-1	1	-
933	226.539062	228.259115	D5	68	80	0	0	40410	P1-57-2	0	-
934	226.717448	226.858073	G1	53	80	0	0	40440	P1-57-11	0	-
935	226.885417	226.993490	Bb1	54	80	0	0	40470	P1-57-12	0	-
936	227.022135	227.153646	D2	59	80	0	0	40500	P1-57-13	0	-
937	227.179688	227.489583	G2	55	80	0	0	40530	P1-57-14	0	-
938	227.322917	227.519531	Bb2	60	80	0	0	40560	P1-57-15	0	-
939	227.457031	227.583333	D3	56	80	0	0	40590	P1-57-16	0	-
940	227.610677	227.938802	G3	60	80	0	0	40620	P1-57-17	0	-
941	227.774740	228.669271	G5	88	80	0	0	40650	P1-57-4	0	-
942	227.994792	228.138021	E2	65	80	0	0	40680	P1-57-19	0	-
943	228.164062	228.299479	G2	59	80	0	0	40710	P1-57-20	0	-
944	228.313802	228.411458	Bb2	61	80	0	0	40740	P1-57-21	0	-
945	228.440104	228.552083	E3	59	80	0	0	40770	P1-57-22	0	-
946	228.604167	228.712240	G3	61	80	0	0	40800	P1-57-23	0	-
947	228.765625	228.919271	Bb3	62	80	0	0	40830	P1-57-24	0	-
948	228.910156	229.069010	G3	62	80	0	0	40860	P1-57-25	0	-
949	229.084635	230.449219	G4	85	80	0	0	40890	P1-57-6	0	-
950	229.085938	230.128906	Db5	75	80	0	0	40890	P1-57-8	0	-
951	229.085938	230.259115	Bb4	80	80	0	0	40890	P1-57-7	0	-
952	229.092448	229.269531	Db4	69	80	0	0	40890	P1-57-26	0	-
953	229.236979	229.509115	Bb3	53	80	0	0	40920	P1-57-27	0	-
954	229.432292	229.549479	G3	51	80	0	0	40950	P1-57-28	0	-
955	229.583333	229.664062	E3	56	80	0	0	40980	P1-57-29	0	-
956	229.731771	229.819010	Db3	60	80	0	0	41010	P1-57-30	0	-
957	229.868490	230.039062	Bb2	56	80	0	0	41040	P1-57-31	0	-
958	230.054688	230.140625	G2	53	80	0	0	41070	P1-57-32	0	-
959	230.207031	230.299479	E2	53	80	0	0	41100	P1-57-33	0	-
960	230.584635	232.500000	F5	70	80	0	0	41130	P1-58-1	0	-
961	230.802083	231.059896	F2	36	80	0	0	41160	P1-58-13	0	-
962	230.984375	231.111979	Bb2	52	80	0	0	41190	P1-58-14	0	-
963	231.138021	231.270833	D3	47	80	0	0	41220	P1-58-15	0	-
964	231.296875	231.436198	F3	51	80	0	0	41250	P1-58-16	0	-
965	231.466146	231.658854	D3	45	80	0	0	41280	P1-58-17	0	-
966	231.626302	231.733073	Bb2	49	80	0	0	41310	P1-58-18	0	-
967	231.774740	231.877604	F2	35	80	0	0	41340	P1-58-19	0	-
968	231.940104	232.102865	F4	45	80	0	0	41370	P1-58-8	0	-
969	231.945312	232.136719	D5	52	80	0	0	41370	P1-58-10	0	-
970	231.945312	232.819010	Bb4	47	80	0	0	41370	P1-58-9	0	-
971	232.151042	232.309896	F2	29	80	0	0	41400	P1-58-21	0	-
972	232.307292	232.424479	Bb2	47	80	0	0	41430	P1-58-22	0	-
973	232.440104	232.649740	D3	46	80	0	0	41460	P1-58-23	0	-
974	232.630208	232.783854	F3	48	80	0	0	41490	P1-58-24	0	-
975	232.776042	232.902344	D3	46	80	0	0	41520	P1-58-25	0	-
976	232.925781	233.111979	Bb2	58	80	0	0	41550	P1-58-26	0	-
977	233.078125	233.598958	F2	47	80	0	0	41580	P1-58-27	0	-
978	233.261719	234.317708	A4	51	80	0	0	41610	P1-58-5	0	-
979	233.276042	233.415365	Eb3	51	80	0	0	41610	P1-58-28	0	-
980	233.283854	234.218750	C4	45	80	0	0	41610	P1-58-2	0	-
981	233.466146	233.615885	C3	51	80	0	0	41640	P1-58-29	0	-
982	233.647135	233.756510	A2	40	80	0	0	41670	P1-58-30	0	-
983	233.779948	234.069010	F2	39	80	0	0	41700	P1-58-31	0	-
984	233.906250	233.989583	Eb2	43	80	0	0	41730	P1-58-32	0	-
985	234.088542	234.167969	C2	47	80	0	0	41760	P1-58-33	0	-
986	234.372396	234.566406	F1	41	80	0	0	41820	P1-58-35	0	-
987	234.576823	234.889323	Bb1	41	80	0	0	41850	P1-59-8	0	-
988	234.580729	234.589844	Bb2	40	80	0	0	-1	*	3	-
989	234.584635	235.929688	Bb4	47	80	0	0	41850	P1-59-4	0	-
990	234.604167	236.569010	D4	34	80	0	0	41850	P1-59-2	0	-
991	234.613281	236.779948	Bb3	36	80	0	0	41850	P1-59-1	0	-
992	235.588542	235.635417	Bb2	33	80	0	0	42030	P1-59-10	0	-
993	235.696615	235.744792	Bb1	39	80	0	0	42050	P1-59-11	0	-
994	235.765625	235.872396	Bb2	45	80	0	0	42070	P1-59-12	0	-
995	235.908854	236.259115	Bb1	41	80	0	0	42090	P1-59-13	0	-
996	236.875000	236.972656	Bb2	38	80	0	0	42270	P1-59-15	0	-
997	237.010417	237.066406	Bb1	33	80	0	0	42290	P1-59-16	0	-
998	237.093750	237.529948	Bb2	39	80	0	0	42310	P1-59-17	0	-
999	237.227865	238.209635	Bb1	43	80	0	0	42330	P1-59-18	0	-
1000	238.117188	238.218750	Bb2	25	80	0	0	42510	P1-59-20	0	-
1001	238.222656	238.468750	Bb1	29	80	0	0	42530	P1-59-21	0	-
1002	238.339844	240.139323	Bb2	34	80	0	0	42550	P1-59-22	0	-
1003	238.449219	239.839844	F4	61	80	0	0	42570	P1-60-3	0	-
1004	238.468750	239.128906	D4	43	80	0	0	42570	*	3	-
1005	238.475260	240.000000	Bb1	36	80	0	0	42570	P1-60-10	0	-
1006	238.476562	239.169271	Bb3	45	80	0	0	42570	P1-60-2	0	-
1007	238.484375	239.329427	Ab3	41	80	0	0	42570	P1-60-1	0	-
1008	239.704427	241.119792	Eb4	59	80	0	0	42810	P1-60-6	0	-
1009	239.722656	240.559896	Bb3	40	80	0	0	42810	P1-60-5	0	-
1010	239.734375	240.729167	G3	38	80	0	0	42810	P1-60-4	0	-
1011	240.997396	241.889323	D4	46	80	0	0	43050	P1-60-9	0	-
1012	241.003906	241.889323	Bb3	38	80	0	0	43050	P1-60-8	0	-
1013	241.014323	241.968750	F#3	34	80	0	0	43050	P1-60-7	0	-
1014	242.261719	243.319010	D4	51	80	0	0	43290	P1-61-3	0	-
1015	242.292969	242.799479	F#3	31	80	0	0	43290	P1-61-1	0	-
1016	242.295573	245.829427	Bb3	35	80	0	0	43290	P1-61-2	0	-
1017	243.315104	243.509115	Bb2	30	80	0	0	43470	P1-61-11	0	-
1018	243.441406	243.579427	Bb1	33	80	0	0	43490	P1-61-12	0	-
1019	243.522135	243.789062	Bb2	32	80	0	0	43510	P1-61-13	0	-
1020	243.664062	246.089844	Eb4	42	80	0	0	43530	P1-61-6	0	-
1021	243.666667	243.781250	Bb1	36	80	0	0	43530	P1-61-14	0	-
1022	243.678385	245.149740	G3	31	80	0	0	43530	P1-61-4	0	-
1023	244.615885	244.779948	Bb2	30	80	0	0	43710	P1-61-16	0	-
1024	244.716146	244.787760	Bb1	39	80	0	0	43730	P1-61-17	0	-
1025	244.854167	245.039062	Bb2	29	80	0	0	43750	P1-61-18	0	-
1026	244.937500	245.279948	Bb1	45	80	0	0	43770	P1-61-19	0	-
1027	245.843750	245.898438	Bb2	35	80	0	0	43950	P1-61-21	0	-
1028	245.967448	246.026042	Bb1	33	80	0	0	43970	P1-61-22	0	-
1029	246.074219	250.809896	Bb2	33	80	0	0	43990	P1-61-23	0	-
1030	246.214844	246.259115	Bb1	40	80	0	0	44010	P1-62-10	0	-
1031	246.217448	247.699219	Ab4	65	80	0	0	44010	P1-62-3	0	-
1032	246.230469	247.500000	D4	38	80	0	0	44010	*	3	-
1033	246.234375	247.199219	Bb3	39	80	0	0	44010	P1-62-1	0	-
1034	246.235677	247.658854	F4	36	80	0	0	44010	P1-62-2	0	-
1035	247.575521	249.079427	G4	56	80	0	0	44250	P1-62-6	0	-
1036	247.579427	249.109375	Eb4	44	80	0	0	44250	P1-62-5	0	-
1037	247.606771	248.479167	Bb3	34	80	0	0	44250	P1-62-4	0	-
1038	248.955729	249.968750	F#4	44	80	0	0	44490	P1-62-9	0	-
1039	248.963542	249.919271	D4	34	80	0	0	44490	P1-62-8	0	-
1040	248.966146	249.688802	Bb3	37	80	0	0	44490	P1-62-7	0	-
1041	250.274740	251.718750	F#4	45	80	0	0	44730	P1-63-2	0	-
1042	250.283854	251.098958	D4	32	80	0	0	44730	P1-63-1	0	-
1043	250.294271	250.729167	Bb3	31	80	0	0	44730	P1-63-8	0	-
1044	251.281250	251.355469	Eb3	41	80	0	0	44910	P1-63-12	1	-
1045	251.423177	251.658854	Eb2	36	80	0	0	44930	P1-63-13	1	-
1046	251.518229	252.029948	Eb3	40	80	0	0	44950	P1-63-14	1	-
1047	251.660156	253.339844	G4	50	80	0	0	44970	P1-63-4	0	-
1048	251.665365	252.378906	Eb2	36	80	0	0	44970	P1-63-15	1	-
1049	252.576823	252.643229	Eb3	40	80	0	0	45150	P1-63-17	1	-
1050	252.713542	252.919271	Eb2	33	80	0	0	45170	P1-63-18	1	-
1051	252.811198	253.158854	Eb3	39	80	0	0	45190	P1-63-19	1	-
1052	252.924479	253.569010	Eb2	36	80	0	0	45210	P1-63-20	1	-
1053	253.546875	253.889323	G4	67	80	0	0	45330	P1-63-7	0	-
1054	253.816406	253.884115	Eb3	46	80	0	0	45390	P1-63-22	1	-
1055	253.983073	257.500000	Eb2	36	80	0	0	45410	P1-63-23	1	-
1056	254.067708	255.829427	Eb3	46	80	0	0	45430	P1-63-24	1	-
1057	254.233073	255.628906	Eb5	74	80	0	0	45450	P1-64-2	0	-
1058	254.247396	255.139323	G4	58	80	0	0	45450	P1-64-1	0	-
1059	255.445312	255.908854	Eb4	62	80	0	0	45690	P1-64-3	0	-
1060	255.451823	256.729167	C5	75	80	0	0	45690	P1-64-5	0	-
1061	255.484375	256.089844	G4	62	80	0	0	45690	P1-64-4	0	-
1062	256.657552	257.839844	Bb4	82	80	0	0	45930	P1-64-8	0	-
1063	256.667969	257.259115	D4	56	80	0	0	45930	P1-64-6	0	-
1064	256.674479	257.378906	G4	58	80	0	0	45930	P1-64-7	0	-
1065	258.196615	259.919271	A4	57	80	0	0	46170	P1-65-3	0	-
1066	258.216146	260.000000	F4	35	80	0	0	46170	P1-65-2	0	-
1067	258.218750	259.799479	C4	42	80	0	0	46170	P1-65-1	0	-
1068	259.321615	259.381510	F2	38	80	0	0	46370	P1-65-16	1	-
1069	259.391927	259.669271	F3	24	80	0	0	46390	P1-65-17	1	-
1070	259.553385	259.750000	F2	41	80	0	0	46410	P1-65-18	1	-
1071	260.154948	260.649740	A4	66	80	0	0	46530	P1-65-6	0	-
1072	260.157552	260.619792	F4	48	80	0	0	46530	P1-65-5	0	-
1073	260.182292	260.378906	C4	39	80	0	0	46530	P1-65-4	0	-
1074	260.600260	260.709635	F5	67	80	0	0	46610	P1-65-21	0	-
1075	260.786458	261.289062	F5	66	80	0	0	46650	P1-65-23	0	-
1076	260.787760	261.529948	Bb4	70	80	0	0	46650	P1-65-9	0	-
1077	260.792969	260.799479	F3	46	80	0	0	-1	*	3	-
1078	260.794271	261.169271	F4	51	80	0	0	46650	P1-65-8	0	-
1079	260.794271	261.128906	D4	46	80	0	0	46650	P1-65-7	0	-
1080	261.427083	261.809896	C5	76	80	0	0	46770	P1-65-12	0	-
1081	261.466146	261.899740	F4	43	80	0	0	46770	P1-65-11	0	-
1082	261.467448	261.878906	Eb4	42	80	0	0	46770	P1-65-10	0	-
1083	262.106771	263.039062	C5	59	80	0	0	46890	P1-66-2	0	-
1084	262.122396	262.789062	F4	44	80	0	0	46890	P1-66-16	0	-
1085	262.123698	262.658854	Eb4	47	80	0	0	46890	P1-66-1	0	-
1086	263.071615	263.229167	F3	33	80	0	0	47070	P1-66-19	1	-
1087	263.072917	263.658854	A4	44	80	0	0	47070	P1-66-4	0	-
1088	263.093750	263.319010	C#4	32	80	0	0	47070	P1-66-3	0	-
1089	263.210938	263.339844	F2	34	80	0	0	47090	P1-66-20	1	-
1090	263.311198	263.468750	F3	36	80	0	0	47110	P1-66-21	1	-
1091	263.432292	263.628906	F2	43	80	0	0	47130	P1-66-22	1	-
1092	263.433594	263.688802	D4	44	80	0	0	47130	P1-66-5	0	-
1093	263.434896	263.809896	Bb4	51	80	0	0	47130	P1-66-6	0	-
1094	264.027344	264.428385	Bb4	65	80	0	0	47250	P1-66-9	0	-
1095	264.036458	264.579427	F4	43	80	0	0	47250	P1-66-8	0	-
1096	264.041667	264.619792	D4	41	80	0	0	47250	P1-66-7	0	-
1097	264.378906	264.500000	F6	50	80	0	0	47310	P1-66-24	0	-
1098	264.493490	264.544271	F5	64	80	0	0	47330	P1-66-25	0	-
1099	264.571615	264.718750	F6	60	80	0	0	47350	P1-66-26	0	-
1100	264.660156	265.319010	C5	78	80	0	0	47370	P1-66-12	0	-
1101	264.661458	265.239583	A4	64	80	0	0	47370	P1-66-11	0	-
1102	264.666667	264.819010	F5	66	80	0	0	47370	P1-66-27	0	-
1103	264.670573	265.069010	F4	52	80	0	0	47370	P1-66-10	0	-
1104	265.263021	265.669271	D5	75	80	0	0	47490	P1-66-15	0	-
1105	265.279948	265.699219	Bb4	58	80	0	0	47490	P1-66-14	0	-
1106	265.281250	265.718750	F4	43	80	0	0	47490	P1-66-13	0	-
1107	265.946615	266.569010	D5	65	80	0	0	47610	P1-67-2	0	-
1108	265.975260	266.429688	Bb4	39	80	0	0	47610	P1-67-1	0	-
1109	265.976562	266.718750	F4	46	80	0	0	47610	P1-67-16	0	-
1110	266.867188	266.959635	F3	45	80	0	0	47790	P1-67-20	1	-
1111	266.904948	267.259115	B4	48	80	0	0	47790	P1-67-4	0	-
1112	266.906250	267.218750	G#4	48	80	0	0	47790	P1-67-3	0	-
1113	266.986979	267.119792	F2	41	80	0	0	47810	P1-67-21	1	-
1114	267.076823	267.250000	F3	45	80	0	0	47830	P1-67-22	1	-
1115	267.197917	267.339844	F2	46	80	0	0	47850	P1-67-23	1	-
1116	267.203125	267.529948	C5	65	80	0	0	47850	P1-67-6	0	-
1117	267.222656	267.412760	A4	53	80	0	0	47850	P1-67-5	0	-
1118	267.804688	268.369792	C5	69	80	0	0	47970	P1-67-9	0	-
1119	267.825521	268.619792	A4	55	80	0	0	47970	P1-67-8	0	-
1120	267.830729	268.759115	F4	51	80	0	0	47970	P1-67-7	0	-
1121	268.144531	268.199219	F6	62	80	0	0	48030	P1-67-25	0	-
1122	268.222656	268.283854	F5	67	80	0	0	48050	P1-67-26	0	-
1123	268.307292	268.438802	F6	67	80	0	0	48070	P1-67-27	0	-
1124	268.414062	269.109375	D5	77	80	0	0	48090	P1-67-12	0	-
1125	268.415365	268.979167	F5	74	80	0	0	48090	P1-67-28	0	-
1126	268.420573	269.319010	Bb4	65	80	0	0	48090	P1-67-11	0	-
1127	269.045573	269.509115	Eb5	74	80	0	0	48210	P1-67-15	0	-
1128	269.048177	269.549479	F4	49	80	0	0	48210	P1-67-13	0	-
1129	269.054688	269.500000	C5	51	80	0	0	48210	P1-67-14	0	-
1130	269.729167	270.609375	Eb5	75	80	0	0	48330	P1-68-2	0	-
1131	269.747396	270.549479	F4	54	80	0	0	48330	P1-68-18	0	-
1132	269.761719	270.408854	C5	62	80	0	0	48330	P1-68-1	0	-
1133	270.704427	270.774740	F3	50	80	0	0	48510	P1-68-22	1	-
1134	270.712240	270.854167	C#5	64	80	0	0	48510	P1-68-4	0	-
1135	270.716146	271.468750	F4	50	80	0	0	-1	*	3	-
1136	270.716146	271.059896	A4	59	80	0	0	48510	P1-68-3	0	-
1137	270.799479	270.979167	F2	44	80	0	0	48530	P1-68-23	1	-
1138	270.877604	271.059896	F3	54	80	0	0	48550	P1-68-24	1	-
1139	270.988281	271.299479	F2	57	80	0	0	48570	P1-68-25	1	-
1140	271.002604	271.479167	D5	77	80	0	0	48570	P1-68-6	0	-
1141	271.016927	271.459635	Bb4	58	80	0	0	48570	P1-68-5	0	-
1142	271.669271	272.199219	D5	79	80	0	0	48690	P1-68-9	0	-
1143	271.694010	272.109375	F4	55	80	0	0	48690	P1-68-7	0	-
1144	271.694010	272.158854	Bb4	64	80	0	0	48690	P1-68-8	0	-
1145	272.036458	272.139323	F6	64	80	0	0	48750	P1-68-27	0	-
1146	272.108073	272.180990	F5	64	80	0	0	48770	P1-68-28	0	-
1147	272.205729	272.339844	F6	65	80	0	0	48790	P1-68-29	0	-
1148	272.311198	272.649740	F5	81	80	0	0	48810	P1-68-30	0	-
1149	272.315104	272.959635	E5	77	80	0	0	48810	P1-68-13	0	-
1150	272.321615	272.919271	G4	74	80	0	0	48810	P1-68-10	0	-
1151	272.324219	272.959635	Db5	68	80	0	0	48810	P1-68-12	0	-
1152	272.325521	272.959635	Bb4	69	80	0	0	48810	P1-68-11	0	-
1153	273.113281	273.609375	E5	74	80	0	0	48930	P1-68-17	0	-
1154	273.135417	273.938802	G4	60	80	0	0	48930	P1-68-14	0	-
1155	273.140625	273.949219	Bb4	53	80	0	0	48930	P1-68-15	0	-
1156	273.144531	273.878906	Db5	56	80	0	0	48930	P1-68-16	0	-
1157	273.424479	273.559896	F6	56	80	0	0	48990	P1-68-32	0	-
1158	273.513021	273.604167	F5	59	80	0	0	49010	P1-68-33	0	-
1159	273.634115	273.869792	F6	54	80	0	0	49030	P1-68-34	0	-
1160	273.875000	273.989583	F6	60	80	0	0	49050	*	3	-
1161	273.882812	274.449219	F5	66	80	0	0	49050	P1-69-3	0	-
1162	273.907552	274.369792	C5	46	80	0	0	49050	P1-69-2	0	-
1163	273.912760	274.269531	A4	39	80	0	0	49050	P1-69-1	0	-
1164	274.542969	275.359375	F4	53	80	0	0	49170	P1-69-4	0	-
1165	274.559896	275.419271	A4	47	80	0	0	49170	P1-69-5	0	-
1166	274.559896	275.319010	C5	54	80	0	0	49170	P1-69-6	0	-
1167	274.970052	275.023438	F3	50	80	0	0	49230	P1-69-18	0	-
1168	275.053385	275.319010	F2	44	80	0	0	49260	P1-69-19	0	-
1169	275.152344	275.389323	F3	63	80	0	0	49290	P1-69-20	0	-
1170	275.744792	276.529948	C5	72	80	0	0	49410	P1-69-9	0	-
1171	275.752604	276.408854	A4	65	80	0	0	49410	P1-69-8	0	-
1172	275.757812	276.309896	F4	51	80	0	0	49410	P1-69-7	0	-
1173	276.154948	276.329427	F6	58	80	0	0	49470	P1-69-22	0	-
1174	276.235677	276.429688	F5	60	80	0	0	49500	P1-69-23	0	-
1175	276.352865	277.549479	E5	73	80	0	0	49530	P1-69-12	0	-
1176	276.355469	276.669271	E6	65	80	0	0	49530	P1-69-24	1	-
1177	276.375000	276.839844	Bb4	51	80	0	0	49530	P1-69-11	0	-
1178	276.384115	276.848958	G4	48	80	0	0	49530	P1-69-10	0	-
1179	276.972656	277.729167	C5	71	80	0	0	49650	P1-69-15	0	-
1180	277.005208	277.579427	Bb4	56	80	0	0	49650	P1-69-14	0	-
1181	277.005208	277.019531	Bb5	56	80	0	0	49650	*	3	-
1182	277.006510	277.209635	G5	54	80	0	0	49650	*	3	-
1183	277.010417	277.519531	G4	53	80	0	0	49650	P1-69-13	0	-
1184	277.614583	278.729167	F5	72	80	0	0	49770	P1-70-3	0	-
1185	277.639323	278.089844	A4	43	80	0	0	49770	P1-70-2	0	-
1186	277.653646	278.119792	F4	35	80	0	0	49770	P1-70-1	0	-
1187	278.305990	279.109375	C5	68	80	0	0	49890	P1-70-6	0	-
1188	278.325521	279.209635	A4	49	80	0	0	49890	P1-70-5	0	-
1189	278.335938	279.158854	F4	37	80	0	0	49890	P1-70-4	0	-
1190	278.684896	278.744792	F3	50	80	0	0	49950	P1-70-18	0	-
1191	278.790365	279.019531	F2	42	80	0	0	49980	P1-70-19	0	-
1192	278.894531	279.218750	F3	59	80	0	0	50010	P1-70-20	0	-
1193	279.518229	280.218750	C5	68	80	0	0	50130	P1-70-9	0	-
1194	279.532552	280.089844	A4	55	80	0	0	50130	P1-70-8	0	-
1195	279.535156	279.959635	F4	42	80	0	0	50130	P1-70-7	0	-
1196	279.942708	280.059896	F6	48	80	0	0	50190	P1-70-22	0	-
1197	280.031250	280.239583	F5	55	80	0	0	50220	P1-70-23	0	-
1198	280.135417	280.199219	F6	53	80	0	0	50250	P1-70-24	0	-
1199	280.170573	280.500000	E6	60	80	0	0	50250	*	3	-
1200	280.179688	281.089844	E5	67	80	0	0	50250	P1-70-12	0	-
1201	280.195312	280.688802	Bb4	49	80	0	0	50250	P1-70-11	0	-
1202	280.201823	280.779948	G4	45	80	0	0	50250	P1-70-10	0	-
1203	280.920573	281.628906	C5	65	80	0	0	50370	P1-70-15	0	-
1204	280.932292	281.529948	Bb4	54	80	0	0	50370	P1-70-14	0	-
1205	280.962240	281.479167	G4	39	80	0	0	50370	P1-70-13	0	-
1206	281.606771	282.500000	F5	60	80	0	0	50490	P1-71-3	0	-
1207	281.619792	281.908854	A4	38	80	0	0	50490	P1-71-2	0	-
1208	281.623698	281.914062	F4	34	80	0	0	50490	P1-71-1	0	-
1209	282.283854	283.169271	A4	43	80	0	0	50610	P1-71-5	0	-
1210	282.287760	283.848958	C5	55	80	0	0	50610	P1-71-6	0	-
1211	282.290365	283.188802	F4	37	80	0	0	50610	P1-71-4	0	-
1212	282.683594	282.735677	F3	40	80	0	0	50670	P1-71-15	0	-
1213	282.783854	283.029948	F2	35	80	0	0	50700	P1-71-16	0	-
1214	282.895833	283.218750	F3	44	80	0	0	50730	P1-71-17	0	-
1215	283.561198	286.279948	A4	48	80	0	0	50850	P1-71-9	0	-
1216	283.584635	284.549479	F4	28	80	0	0	50850	P1-71-8	0	-
1217	283.592448	284.539062	C4	30	80	0	0	50850	P1-71-7	0	-
1218	284.003906	284.074219	F3	35	80	0	0	50910	P1-71-19	0	-
1219	284.240885	284.299479	F3	38	80	0	0	50970	P1-71-21	0	-
1220	284.904948	285.839844	F4	24	80	0	0	51090	P1-71-12	0	-
1221	284.917969	285.799479	C4	25	80	0	0	51090	P1-71-11	0	-
1222	284.947917	285.529948	A3	27	80	0	0	51090	P1-71-10	0	-
1223	285.348958	285.417969	F3	33	80	0	0	51150	P1-71-23	0	-
1224	285.466146	285.739583	F2	28	80	0	0	51180	P1-71-24	0	-
1225	285.582031	285.750000	F3	35	80	0	0	51210	P1-72-13	0	-
1226	286.226562	287.419271	F4	51	80	0	0	51330	P1-72-14	0	-
1227	286.920573	287.667969	E4	53	80	0	0	51450	P1-72-15	0	-
1228	287.644531	288.408854	Eb4	44	80	0	0	51570	P1-72-16	0	-
1229	287.644531	289.209635	F4	40	80	0	0	51570	P1-72-19	0	-
1230	288.332031	289.152344	D4	43	80	0	0	51690	P1-72-17	0	-
1231	288.723958	288.796875	G4	44	80	0	0	51750	P1-72-7	0	-
1232	288.936198	289.039062	A4	44	80	0	0	51780	P1-72-8	0	-
1233	289.148438	289.688802	Bb4	51	80	0	0	51810	P1-72-9	0	-
1234	289.194010	289.428385	Eb4	29	80	0	0	51810	P1-72-20	0	-
1235	289.203125	289.463542	C4	30	80	0	0	51810	P1-72-18	0	-
1236	289.355469	289.570312	C5	51	80	0	0	51840	P1-72-10	0	-
1237	289.572917	289.851562	D5	56	80	0	0	51870	P1-72-11	0	-
1238	289.791667	290.063802	Eb5	52	80	0	0	51900	P1-72-12	0	-
1239	290.011719	290.299479	Bb2	25	80	0	0	51930	P1-73-9	0	-
1240	290.084635	292.279948	F5	58	80	0	0	51930	P1-73-1	0	-
1241	290.776042	291.628906	Bb3	28	80	0	0	52050	P1-73-10	0	-
1242	291.401042	292.408854	Bb4	39	80	0	0	52170	P1-73-7	0	-
1243	291.414062	292.500000	D4	32	80	0	0	52170	P1-73-11	0	-
1244	291.424479	292.500000	F4	24	80	0	0	52170	P1-73-12	0	-
1245	292.035156	292.709635	Bb3	32	80	0	0	52290	P1-73-13	0	-
1246	292.477865	292.712240	D5	51	80	0	0	52380	P1-73-3	0	-
1247	292.687500	294.049479	Bb5	54	80	0	0	52410	P1-73-4	0	-
1248	292.688802	293.869792	Eb4	33	80	0	0	52410	P1-73-14	0	-
1249	292.703125	294.750000	Bb4	40	80	0	0	52410	P1-73-8	0	-
1250	292.716146	293.699219	G4	30	80	0	0	52410	P1-73-15	0	-
1251	293.401042	294.169271	Bb3	27	80	0	0	52530	P1-73-16	0	-
1252	293.783854	294.022135	G5	63	80	0	0	52620	P1-73-5	0	-
1253	293.993490	295.919271	F5	61	80	0	0	52650	P1-74-1	0	-
1254	293.994792	294.789062	D4	34	80	0	0	52650	P1-74-10	0	-
1255	293.996094	294.759115	F4	34	80	0	0	52650	P1-74-11	0	-
1256	294.675781	295.549479	Bb3	34	80	0	0	52770	P1-74-12	0	-
1257	295.289062	296.429688	Bb4	45	80	0	0	52890	P1-74-7	0	-
1258	295.292969	296.029948	D4	32	80	0	0	52890	P1-74-13	0	-
1259	295.296875	296.049479	F4	28	80	0	0	52890	P1-74-14	0	-
1260	295.963542	296.500000	Bb3	32	80	0	0	53010	P1-74-15	0	-
1261	296.384115	296.626302	D5	59	80	0	0	53100	P1-74-3	0	-
1262	296.591146	298.109375	Eb5	62	80	0	0	53130	P1-74-4	0	-
1263	296.618490	297.699219	Bb4	39	80	0	0	53130	P1-74-8	0	-
1264	296.621094	297.359375	G3	32	80	0	0	53130	P1-74-16	0	-
1265	297.270833	297.679688	Eb3	38	80	0	0	53250	P1-74-17	0	-
1266	297.279948	297.779948	G4	31	80	0	0	53250	P1-74-9	0	-
1267	297.727865	298.149740	C5	58	80	0	0	53340	P1-74-5	0	-
1268	298.014323	298.399740	F2	31	80	0	0	53370	P1-75-10	0	-
1269	298.080729	300.929688	Bb4	50	80	0	0	53370	P1-75-1	0	-
1270	298.845052	299.750000	F3	27	80	0	0	53490	P1-75-11	0	-
1271	298.848958	299.069010	D4	29	80	0	0	53490	P1-75-7	0	-
1272	299.526042	302.029948	F4	28	80	0	0	53610	P1-75-8	0	-
1273	299.554688	300.079427	D4	25	80	0	0	53610	P1-75-13	0	-
1274	299.554688	300.250000	Bb3	22	80	0	0	53610	P1-75-12	0	-
1275	300.203125	301.199219	F3	30	80	0	0	53730	P1-75-14	0	-
1276	300.854167	301.598958	A3	29	80	0	0	53850	P1-75-15	0	-
1277	300.854167	301.161458	D5	43	80	0	0	53850	P1-75-2	0	-
1278	300.861979	301.559896	C4	29	80	0	0	53850	P1-75-16	0	-
1279	301.171875	301.598958	C5	54	80	0	0	53910	P1-75-3	0	-
1280	301.486979	301.938802	F3	31	80	0	0	53970	P1-75-17	0	-
1281	301.486979	302.019531	Bb4	58	80	0	0	53970	P1-75-4	0	-
1282	301.804688	302.039062	C5	60	80	0	0	54030	P1-75-5	0	-
1283	302.044271	304.309896	Bb2	28	80	0	0	54090	P1-76-21	0	-
1284	302.165365	303.259115	C5	57	80	0	0	54090	P1-76-1	0	-
1285	302.191406	302.279948	F3	33	80	0	0	54210	*	3	-
1286	302.779948	303.619792	F3	49	80	0	0	54210	P1-76-16	0	-
1287	303.226562	303.455729	C#5	64	80	0	0	54300	P1-76-2	0	-
1288	303.455729	304.459635	D5	60	80	0	0	54330	P1-76-3	0	-
1289	303.464844	304.329427	F4	43	80	0	0	54330	*	3	-
1290	303.481771	304.438802	Bb3	46	80	0	0	54330	P1-76-17	0	-
1291	304.096354	304.799479	D3	52	80	0	0	54450	P1-76-18	0	-
1292	304.757812	305.388021	Eb3	64	80	0	0	54570	P1-76-19	0	-
1293	304.899740	305.006510	F4	50	80	0	0	54600	P1-76-6	0	-
1294	305.075521	305.154948	G4	65	80	0	0	54630	P1-76-7	0	-
1295	305.223958	305.304688	A4	62	80	0	0	54660	P1-76-8	0	-
1296	305.384115	305.492188	Bb4	60	80	0	0	54690	P1-76-9	0	-
1297	305.391927	305.992188	C3	44	80	0	0	54690	P1-76-20	0	-
1298	305.536458	305.635417	C5	66	80	0	0	54720	P1-76-10	0	-
1299	305.684896	305.821615	D5	68	80	0	0	54750	P1-76-11	0	-
1300	305.822917	305.914062	Eb5	62	80	0	0	54780	P1-76-12	0	-
1301	306.002604	307.709635	F5	69	80	0	0	54810	P1-77-1	0	-
1302	306.011719	306.389323	Bb2	40	80	0	0	54810	P1-77-9	0	-
1303	306.694010	307.399740	Bb3	40	80	0	0	54930	P1-77-10	0	-
1304	306.993490	307.378906	A4	60	80	0	0	54990	P1-77-7	0	-
1305	307.345052	308.699219	D4	41	80	0	0	55050	P1-77-11	0	-
1306	307.346354	310.649740	Bb4	52	80	0	0	55050	P1-77-8	0	-
1307	307.352865	308.519531	F4	37	80	0	0	55050	P1-77-12	0	-
1308	308.002604	308.699219	Bb3	35	80	0	0	55170	P1-77-13	0	-
1309	308.445312	308.675781	D5	50	80	0	0	55260	P1-77-3	0	-
1310	308.661458	309.750000	Eb4	31	80	0	0	55290	P1-77-14	0	-
1311	308.666667	310.149740	Bb5	53	80	0	0	55290	P1-77-4	0	-
1312	308.675781	309.509115	G4	29	80	0	0	55290	P1-77-15	0	-
1313	309.317708	310.049479	Bb3	34	80	0	0	55410	P1-77-16	0	-
1314	309.779948	310.003906	G5	53	80	0	0	55500	P1-77-5	0	-
1315	309.993490	310.938802	D4	27	80	0	0	55530	P1-78-11	0	-
1316	309.994792	310.729167	F5	47	80	0	0	55530	P1-78-1	0	-
1317	309.994792	310.679688	F4	26	80	0	0	55530	P1-78-12	0	-
1318	310.665365	311.309896	Bb3	36	80	0	0	55650	P1-78-13	0	-
1319	311.076823	311.308594	A4	54	80	0	0	55710	P1-78-7	0	-
1320	311.282552	312.438802	Bb4	55	80	0	0	55770	P1-78-8	0	-
1321	311.308594	312.250000	D4	30	80	0	0	55770	P1-78-14	0	-
1322	311.316406	311.479167	Bb3	26	80	0	0	-1	*	3	-
1323	311.983073	312.769531	Bb3	40	80	0	0	55890	P1-78-16	0	-
1324	312.343750	312.677083	D5	70	80	0	0	55980	P1-78-3	0	-
1325	312.657552	313.399740	G3	41	80	0	0	56010	P1-78-17	0	-
1326	312.666667	313.289062	F5	67	80	0	0	56010	*	3	-
1327	312.692708	313.529948	Bb4	49	80	0	0	56010	P1-78-9	0	-
1328	313.013021	313.789062	Eb5	65	80	0	0	56010	P1-78-4	0	-
1329	313.352865	314.049479	Eb3	54	80	0	0	56130	P1-78-18	0	-
1330	313.354167	313.889323	G4	49	80	0	0	56130	P1-78-10	0	-
1331	313.641927	313.979167	C5	71	80	0	0	56220	P1-78-5	0	-
1332	313.966146	315.438802	Bb4	62	80	0	0	56250	P1-79-1	0	-
1333	313.970052	315.559896	F3	54	80	0	0	56250	P1-79-14	0	-
1334	313.975260	314.378906	D4	45	80	0	0	56250	P1-79-3	0	-
1335	314.613281	315.049479	D4	67	80	0	0	56370	P1-79-5	0	-
1336	314.623698	315.459635	Bb3	55	80	0	0	56370	P1-79-4	0	-
1337	315.246094	315.779948	F4	65	80	0	0	56490	P1-79-7	0	-
1338	315.253906	315.569010	D4	58	80	0	0	56490	P1-79-6	0	-
1339	315.903646	316.639323	D4	68	80	0	0	56610	P1-79-9	0	-
1340	315.936198	316.199219	Bb3	50	80	0	0	56610	P1-79-8	0	-
1341	316.565104	322.500000	F4	49	80	0	0	56730	P1-79-2	0	-
1342	316.572917	317.299479	C4	49	80	0	0	56730	P1-79-11	0	-
1343	316.583333	317.119792	A3	44	80	0	0	56730	P1-79-10	0	-
1344	316.595052	317.809896	F2	35	80	0	0	56730	P1-79-16	0	-
1345	316.601562	318.319010	F1	37	80	0	0	56730	P1-79-15	0	-
1346	317.466146	317.899740	A3	49	80	0	0	56850	P1-79-13	0	-
1347	317.481771	317.869792	F3	31	80	0	0	56850	P1-79-12	0	-
1348	318.463542	322.500000	D4	42	80	0	0	56970	P1-80-3	0	-
1349	318.473958	321.139323	Bb3	32	80	0	0	56970	P1-80-2	0	-
1350	318.493490	322.500000	F3	26	80	0	0	56970	P1-80-1	0	-
1351	318.493490	319.250000	Bb1	27	80	0	0	56970	P1-80-8	0	-
1352	318.496094	319.128906	Bb2	25	80	0	0	56970	*	3	-
1353	319.473958	319.619792	Bb2	30	80	0	0	57150	P1-80-10	0	-
1354	319.593750	319.729167	Bb1	35	80	0	0	57170	P1-80-11	0	-
1355	319.682292	320.369792	Bb2	42	80	0	0	57190	P1-80-12	0	-
1356	319.815104	320.598958	Bb1	38	80	0	0	57210	P1-80-13	0	-
1357	320.755208	320.899740	Bb2	29	80	0	0	57390	P1-80-15	0	-
1358	320.856771	323.049479	Bb1	29	80	0	0	57410	P1-80-16	0	-
1359	320.972656	322.889323	Bb2	27	80	0	0	57430	P1-80-17	0	-
1360	321.824219	322.250000	Bb3	39	80	0	0	57570	P1-80-7	0	-
1361	322.576823	323.559896	Bb3	37	80	0	0	57690	P1-81-1	0	-
1362	323.535156	323.718750	Bb2	25	80	0	0	57870	P1-81-6	0	-
1363	323.694010	323.929688	Bb1	27	80	0	0	57890	P1-81-7	0	-
1364	323.792969	324.429688	Bb2	28	80	0	0	57910	P1-81-8	0	-
1365	323.916667	325.938802	Cb4	40	80	0	0	57930	P1-81-2	0	-
1366	323.938802	324.968750	Ab3	33	80	0	0	57930	P1-81-18	0	-
1367	323.942708	325.039062	Bb1	32	80	0	0	57930	P1-81-9	0	-
1368	323.944010	326.069010	D3	29	80	0	0	57930	P1-81-16	0	-
1369	323.945312	324.289062	F3	27	80	0	0	57930	P1-81-17	0	-
1370	324.893229	325.069010	Bb2	30	80	0	0	58110	P1-81-11	0	-
1371	325.052083	325.229167	Bb1	27	80	0	0	58130	P1-81-12	0	-
1372	325.128906	326.878906	Bb2	31	80	0	0	58150	P1-81-13	0	-
1373	325.243490	325.489583	Bb1	32	80	0	0	58170	P1-81-14	0	-
1374	325.502604	327.479167	Bb1	19	80	0	0	58170	*	3	-
1375	325.945312	326.239583	Cb4	53	80	0	0	58290	P1-81-3	0	-
1376	326.619792	327.598958	Cb4	49	80	0	0	58410	P1-82-1	0	-
1377	327.562500	327.669271	Bb2	35	80	0	0	58590	P1-82-9	0	-
1378	327.684896	327.919271	Bb1	34	80	0	0	58610	P1-82-10	0	-
1379	327.772135	328.069010	Bb2	44	80	0	0	58630	P1-82-11	0	-
1380	327.925781	328.128906	Bb1	36	80	0	0	58650	P1-82-12	0	-
1381	327.933594	329.559896	D4	57	80	0	0	58650	P1-82-5	0	-
1382	327.968750	329.369792	Ab3	32	80	0	0	58650	P1-82-3	0	-
1383	327.977865	328.239583	F3	27	80	0	0	58650	P1-82-2	0	-
1384	328.141927	328.750000	Bb1	26	80	0	0	58650	*	3	-
1385	328.776042	328.838542	Bb2	46	80	0	0	58830	P1-82-14	0	-
1386	328.885417	329.089844	Bb1	40	80	0	0	58850	P1-82-15	0	-
1387	328.963542	329.489583	Bb2	40	80	0	0	58870	P1-82-16	0	-
1388	329.104167	330.878906	Bb1	38	80	0	0	58890	P1-82-17	0	-
1389	329.746094	330.199219	D4	64	80	0	0	59010	P1-82-6	0	-
1390	330.376302	332.750000	D4	70	80	0	0	59130	P1-83-1	0	-
1391	331.243490	331.329427	Bb2	46	80	0	0	59310	P1-83-12	0	-
1392	331.341146	332.429688	Bb1	43	80	0	0	59330	P1-83-13	0	-
1393	331.434896	332.128906	Bb2	45	80	0	0	59350	P1-83-14	0	-
1394	331.562500	332.769531	F4	68	80	0	0	59370	P1-83-5	0	-
1395	331.574219	332.500000	Ab3	54	80	0	0	59370	P1-83-2	0	-
1396	331.575521	332.408854	Cb4	51	80	0	0	59370	P1-83-3	0	-
1397	332.486979	332.542969	Bb2	55	80	0	0	59550	P1-83-17	0	-
1398	332.588542	332.759115	Bb1	39	80	0	0	59570	P1-83-18	0	-
1399	332.664062	333.019531	Bb2	51	80	0	0	59590	P1-83-19	0	-
1400	332.764323	333.339844	Bb1	54	80	0	0	59610	P1-83-20	0	-
1401	332.833333	334.149740	Ab4	94	80	0	0	59610	P1-83-9	0	-
1402	332.838542	334.679688	F4	63	80	0	0	59610	P1-83-8	0	-
1403	332.861979	333.679688	Cb4	56	80	0	0	59610	P1-83-6	0	-
1404	333.703125	333.799479	Bb2	59	80	0	0	59790	P1-83-22	0	-
1405	333.786458	333.959635	Bb1	61	80	0	0	59810	P1-83-23	0	-
1406	333.864583	334.628906	Bb2	68	80	0	0	59830	P1-83-24	0	-
1407	333.973958	334.688802	Bb1	71	80	0	0	59850	P1-84-10	0	-
1408	334.032552	335.408854	Cb5	93	80	0	0	59850	P1-84-1	0	-
1409	334.955729	335.128906	Ab3	56	80	0	0	60030	P1-84-12	0	-
1410	335.053385	335.114583	Bb2	62	80	0	0	60050	P1-84-13	0	-
1411	335.136719	335.229167	Ab3	54	80	0	0	60070	P1-84-14	0	-
1412	335.221354	336.029948	Bb2	70	80	0	0	60090	P1-84-15	0	-
1413	335.235677	335.699219	Bb1	67	80	0	0	60090	*	3	-
1414	335.242188	335.829427	G#3	61	80	0	0	60090	*	3	-
1415	335.244792	336.669271	Ab4	81	80	0	0	60090	P1-84-7	0	-
1416	335.250000	336.179688	D4	57	80	0	0	60090	P1-84-5	0	-
1417	335.253906	336.259115	F4	64	80	0	0	60090	P1-84-6	0	-
1418	336.190104	336.261719	Ab3	46	80	0	0	60270	P1-84-17	0	-
1419	336.304688	337.128906	Bb2	49	80	0	0	60290	P1-84-18	0	-
1420	336.385417	337.269531	D4	56	80	0	0	-1	*	3	-
1421	336.402344	337.269531	Ab3	50	80	0	0	60310	P1-84-19	0	-
1422	336.477865	337.139323	F4	57	80	0	0	60330	P1-84-9	0	-
1423	336.554688	337.449219	Bb4	81	80	0	0	60330	P1-84-2	0	-
1424	337.212240	338.123698	Ab4	67	80	0	0	60450	P1-84-3	0	-
1425	338.000000	339.449219	F#4	48	80	0	0	60570	P1-85-1	0	-
1426	339.053385	339.218750	Bb2	41	80	0	0	60750	P1-85-9	0	-
1427	339.153646	339.399740	Bb1	42	80	0	0	60770	P1-85-10	0	-
1428	339.250000	339.419271	Bb2	39	80	0	0	60790	P1-85-11	0	-
1429	339.360677	341.279948	G4	62	80	0	0	60810	P1-85-2	0	-
1430	339.365885	341.348958	Eb4	45	80	0	0	60810	P1-85-6	0	-
1431	340.217448	340.339844	Bb2	39	80	0	0	60990	P1-85-14	0	-
1432	340.321615	340.438802	Bb1	44	80	0	0	61010	P1-85-15	0	-
1433	340.399740	340.598958	Bb2	50	80	0	0	61030	P1-85-16	0	-
1434	340.526042	340.799479	Bb1	43	80	0	0	61050	P1-85-17	0	-
1435	341.125000	341.899740	Bb4	82	80	0	0	61170	P1-85-3	0	-
1436	341.800781	343.239583	Eb5	83	80	0	0	61290	P1-86-1	0	-
1437	342.675781	342.839844	Bb3	52	80	0	0	61470	P1-86-11	0	-
1438	342.781250	343.529948	Bb2	49	80	0	0	61490	P1-86-12	0	-
1439	342.845052	343.319010	Bb3	58	80	0	0	61510	P1-86-13	0	-
1440	342.954427	342.968750	Bb1	58	80	0	0	61530	P1-86-14	1	-
1441	342.964844	345.709635	Eb4	70	80	0	0	61530	P1-86-7	0	-
1442	342.967448	345.598958	Gb4	64	80	0	0	61530	P1-86-8	0	-
1443	342.973958	344.569010	A4	71	80	0	0	61530	P1-86-5	0	-
1444	343.864583	344.459635	Bb3	42	80	0	0	61710	P1-86-16	0	-
1445	343.984375	344.158854	Bb2	48	80	0	0	61730	P1-86-17	0	-
1446	344.167969	345.158854	Bb2	48	80	0	0	61770	P1-86-19	0	-
1447	344.218750	345.169271	C5	80	80	0	0	61770	P1-86-2	0	-
1448	344.944010	345.867188	A4	79	80	0	0	61890	P1-86-3	0	-
1449	345.750000	347.250000	C5	63	80	0	0	62010	P1-87-1	0	-
1450	346.740885	346.869792	Bb2	31	80	0	0	62190	P1-87-12	0	-
1451	346.826823	347.029948	Bb1	40	80	0	0	62210	P1-87-13	0	-
1452	346.924479	347.080729	Bb2	45	80	0	0	62230	P1-87-14	0	-
1453	347.037760	347.093750	Bb1	43	80	0	0	62250	P1-87-15	0	-
1454	347.041667	348.429688	Bb4	65	80	0	0	62250	P1-87-2	0	-
1455	347.052083	348.029948	D4	44	80	0	0	62250	P1-87-6	0	-
1456	347.893229	347.941406	Bb2	54	80	0	0	62430	P1-87-17	0	-
1457	347.996094	349.069010	Bb1	49	80	0	0	62450	P1-87-18	0	-
1458	348.066406	348.959635	Bb2	57	80	0	0	62470	P1-87-19	0	-
1459	348.208333	348.218750	F3	55	80	0	0	62490	P1-87-8	1	-
1460	348.212240	349.089844	Ab4	78	80	0	0	62490	P1-87-9	0	-
1461	348.783854	349.229167	D5	86	80	0	0	62610	P1-87-4	0	-
1462	349.395833	350.122396	F5	82	80	0	0	62730	P1-88-1	0	-
1463	350.085938	351.419271	Eb5	74	80	0	0	62850	P1-88-2	0	-
1464	350.415365	350.598958	Bb3	61	80	0	0	62910	P1-88-18	1	-
1465	350.531250	350.628906	Bb2	56	80	0	0	62930	P1-88-19	1	-
1466	350.605469	351.529948	Bb3	50	80	0	0	62950	P1-88-20	1	-
1467	350.713542	351.598958	Bb4	73	80	0	0	62970	P1-88-7	0	-
1468	350.718750	351.389323	G4	65	80	0	0	62970	P1-88-6	0	-
1469	350.727865	351.479167	Bb2	55	80	0	0	62970	P1-88-21	1	-
1470	351.505208	352.500000	A4	69	80	0	0	63090	P1-88-9	0	-
1471	351.505208	352.500000	Gb4	64	80	0	0	63090	P1-88-8	0	-
1472	351.917969	352.079427	Bb3	59	80	0	0	63150	P1-88-23	1	-
1473	352.010417	352.109375	Bb2	54	80	0	0	63170	P1-88-24	1	-
1474	352.084635	352.799479	Bb3	57	80	0	0	63190	P1-88-25	1	-
1475	352.203125	353.309896	Bb2	57	80	0	0	63210	P1-88-26	1	-
1476	352.222656	354.000000	C5	69	80	0	0	63210	P1-88-3	0	-
1477	352.223958	352.789062	Eb4	62	80	0	0	63210	P1-88-10	0	-
1478	352.993490	353.399740	C4	52	80	0	0	63330	P1-88-13	0	-
1479	352.996094	354.089844	A4	49	80	0	0	63330	P1-88-4	0	-
1480	353.006510	354.169271	Gb4	47	80	0	0	63330	P1-88-15	0	-
1481	353.013021	353.789062	Eb4	44	80	0	0	63330	P1-88-14	0	-
1482	353.391927	353.559896	Bb3	48	80	0	0	63390	P1-88-28	1	-
1483	353.505208	353.688802	Bb2	44	80	0	0	63410	P1-88-29	1	-
1484	353.566406	356.598958	Bb3	51	80	0	0	63450	P1-89-3	1	-
1485	353.695312	357.500000	Bb2	39	80	0	0	63430	P1-88-30	0	-
1486	353.782552	355.044271	D3	63	80	0	0	63450	P1-89-15	0	-
1487	355.000000	355.285156	Eb3	52	80	0	0	63660	P1-89-17	0	-
1488	355.005208	355.277344	C3	48	80	0	0	63660	P1-89-16	0	-
1489	355.264323	356.628906	F3	49	80	0	0	63690	P1-89-19	0	-
1490	355.273438	356.529948	D3	43	80	0	0	63690	P1-89-18	0	-
1491	356.473958	357.569010	Eb3	45	80	0	0	63930	P1-89-21	0	-
1492	356.484375	357.688802	C3	42	80	0	0	63930	P1-89-20	0	-
1493	356.640625	356.691406	F4	55	80	0	0	63960	P1-89-7	0	-
1494	356.799479	356.867188	E4	60	80	0	0	63990	P1-89-8	0	-
1495	356.947917	357.026042	F4	64	80	0	0	64020	P1-89-9	0	-
1496	357.111979	357.204427	G4	70	80	0	0	64050	P1-89-10	0	-
1497	357.256510	357.384115	A4	69	80	0	0	64080	P1-89-11	0	-
1498	357.404948	357.529948	Bb4	72	80	0	0	64110	P1-89-12	0	-
1499	357.554688	357.626302	C5	71	80	0	0	64140	P1-89-13	0	-
1500	357.740885	358.979167	D5	65	80	0	0	64170	P1-90-2	0	-
1501	357.759115	360.289062	F4	41	80	0	0	64170	P1-90-9	0	-
1502	357.805990	359.009115	D3	30	80	0	0	64170	P1-90-12	0	-
1503	357.805990	358.679688	Bb2	34	80	0	0	64170	P1-90-11	0	-
1504	358.955729	359.269531	C5	55	80	0	0	64380	P1-90-3	0	-
1505	358.955729	359.283854	Eb5	63	80	0	0	64380	P1-90-4	0	-
1506	359.226562	360.688802	F5	65	80	0	0	64410	P1-90-6	0	-
1507	359.257812	360.239583	D5	46	80	0	0	64410	P1-90-5	0	-
1508	360.574219	362.500000	Eb5	55	80	0	0	64650	P1-90-8	0	-
1509	360.576823	361.628906	C5	40	80	0	0	64650	P1-90-7	0	-
1510	360.802083	360.908854	F3	59	80	0	0	64680	P1-90-16	0	-
1511	360.972656	361.074219	E3	64	80	0	0	64710	P1-90-17	0	-
1512	361.151042	361.225260	F3	55	80	0	0	64740	P1-90-18	0	-
1513	361.332031	361.386719	G3	59	80	0	0	64770	P1-90-19	0	-
1514	361.494792	361.571615	A3	47	80	0	0	64800	P1-90-20	0	-
1515	361.645833	361.718750	Bb3	51	80	0	0	64830	P1-90-21	0	-
1516	361.812500	361.923177	C4	44	80	0	0	64860	P1-90-22	0	-
1517	362.026042	363.289062	D4	53	80	0	0	64890	P1-91-8	0	-
1518	362.065104	363.229167	Bb3	38	80	0	0	64890	P1-91-7	0	-
1519	363.195312	363.576823	Eb4	60	80	0	0	65100	P1-91-10	0	-
1520	363.209635	363.567708	C4	47	80	0	0	65100	P1-91-9	0	-
1521	363.563802	367.500000	F4	56	80	0	0	65130	P1-91-12	0	-
1522	363.584635	367.500000	D4	47	80	0	0	65130	P1-91-11	0	-
1523	365.003906	367.500000	Bb1	39	80	0	0	65370	P1-91-13	0	-
1524	366.990885	369.339844	A1	36	80	0	0	65610	P1-92-2	0	-
1525	370.635417	371.309896	C6	70	80	0	0	66330	P1-93-1	0	-
1526	371.533854	371.587240	D6	52	80	0	0	66420	P1-93-6	0	-
1527	371.615885	371.657552	C6	56	80	0	0	66430	P1-93-7	0	-
1528	371.691406	371.743490	B5	60	80	0	0	66440	P1-93-8	0	-
1529	371.751302	372.098958	C6	66	80	0	0	66450	P1-93-2	0	-
1530	372.039062	372.337240	D6	66	80	0	0	66540	P1-93-3	0	-
1531	372.325521	374.299479	Eb6	60	80	0	0	66570	P1-93-4	0	-
1532	373.651042	374.789062	C4	40	80	0	0	66810	P1-93-12	0	-
1533	373.653646	375.369792	Gb4	55	80	0	0	66810	P1-93-5	0	-
1534	373.658854	376.218750	Eb4	43	80	0	0	66810	P1-93-13	0	-
1535	373.665365	374.609375	Bb3	41	80	0	0	66810	P1-93-11	0	-
1536	375.503906	377.354167	F4	32	80	0	0	67050	P1-94-1	0	-
1537	375.514323	377.039062	C4	25	80	0	0	67050	P1-94-17	0	-
1538	375.514323	377.500000	A3	28	80	0	0	67050	P1-94-16	0	-
1539	377.403646	377.703125	G4	42	80	0	0	67530	P1-94-2	0	-
1540	377.695312	377.915365	F4	38	80	0	0	67547	P1-94-3	0	-
1541	377.947917	378.100260	E4	47	80	0	0	67564	P1-94-4	0	-
1542	378.153646	378.244792	F4	39	80	0	0	67581	P1-94-5	0	-
1543	378.309896	378.408854	G4	42	80	0	0	67598	P1-94-6	0	-
1544	378.395833	378.446615	A4	55	80	0	0	67615	P1-94-7	0	-
1545	378.498698	378.544271	Bb4	54	80	0	0	67632	P1-94-8	0	-
1546	378.604167	378.653646	C5	56	80	0	0	67649	P1-94-9	0	-
1547	378.684896	378.736979	D5	55	80	0	0	67666	P1-94-10	0	-
1548	378.765625	378.832031	Eb5	59	80	0	0	67683	P1-94-11	0	-
1549	378.875000	378.930990	F5	62	80	0	0	67700	P1-94-12	0	-
1550	378.950521	379.022135	G5	64	80	0	0	67717	P1-94-13	0	-
1551	379.026042	379.087240	A5	63	80	0	0	67734	P1-94-14	0	-
1552	379.096354	379.174479	Bb5	67	80	0	0	67751	P1-94-15	0	-
1553	379.195312	379.598958	C6	75	80	0	0	67770	P1-95-1	0	-
1554	379.584635	379.667969	D6	68	80	0	0	67860	P1-95-8	0	-
1555	379.679688	379.723958	C6	71	80	0	0	67870	P1-95-9	0	-
1556	379.740885	379.813802	B5	75	80	0	0	67880	P1-95-10	0	-
1557	379.811198	380.319010	C6	75	80	0	0	67890	P1-95-2	0	-
1558	380.253906	380.641927	D6	81	80	0	0	67980	P1-95-3	0	-
1559	380.595052	380.979167	Eb6	79	80	0	0	68010	P1-95-4	0	-
1560	381.773438	383.188802	Eb5	76	80	0	0	68250	P1-95-7	0	-
1561	381.785156	382.718750	A4	57	80	0	0	68250	P1-95-5	0	-
1562	381.789062	382.209635	C5	62	80	0	0	68250	P1-95-6	0	-
1563	381.790365	382.279948	C4	47	80	0	0	68250	P1-95-15	0	-
1564	381.792969	382.309896	Eb4	54	80	0	0	68250	P1-95-16	0	-
1565	381.792969	382.149740	F#3	45	80	0	0	68250	P1-95-14	0	-
1566	383.225260	384.049479	D5	69	80	0	0	68490	P1-96-2	0	-
1567	383.235677	383.899740	D4	48	80	0	0	68490	P1-96-13	0	-
1568	383.236979	383.968750	Bb4	62	80	0	0	68490	P1-96-1	0	-
1569	383.240885	384.049479	G3	44	80	0	0	68490	P1-96-11	0	-
1570	383.243490	383.848958	Bb3	50	80	0	0	68490	P1-96-12	0	-
1571	384.643229	388.009115	G5	86	80	0	0	68730	P1-96-4	0	-
1572	385.493490	386.098958	E3	58	80	0	0	68850	P1-96-16	0	-
1573	385.494792	387.079427	Db4	62	80	0	0	68850	P1-96-18	0	-
1574	385.496094	386.119792	Bb3	58	80	0	0	68850	P1-96-17	0	-
1575	386.287760	387.109375	G4	68	80	0	0	68970	P1-96-7	0	-
1576	386.290365	387.009115	Db5	63	80	0	0	68970	P1-96-9	0	-
1577	386.292969	387.049479	Bb4	71	80	0	0	68970	P1-96-8	0	-
1578	388.027344	390.309896	F5	60	80	0	0	69210	P1-97-1	0	-
1579	388.786458	389.123698	F3	36	80	0	0	69330	P1-97-13	0	-
1580	388.787760	389.054688	D4	39	80	0	0	69330	P1-97-15	0	-
1581	388.789062	389.044271	Bb3	38	80	0	0	69330	P1-97-14	0	-
1582	389.565104	390.019531	F4	34	80	0	0	69450	P1-97-4	0	-
1583	389.565104	390.360677	Bb4	42	80	0	0	69450	P1-97-5	0	-
1584	389.566406	389.989583	D5	40	80	0	0	69450	P1-97-6	0	-
1585	390.415365	390.750000	F1	29	80	0	0	69570	P1-97-17	0	-
1586	390.416667	391.609375	F2	24	80	0	0	69570	P1-97-18	0	-
1587	391.265625	392.438802	A4	40	80	0	0	69690	P1-97-10	0	-
1588	391.274740	392.848958	Eb4	32	80	0	0	69690	P1-97-9	0	-
1589	391.307292	392.259115	C4	24	80	0	0	69690	P1-97-8	0	-
1590	392.044271	392.339844	F2	27	80	0	0	69810	P1-97-20	0	-
1591	392.044271	392.309896	F3	28	80	0	0	69810	P1-97-21	0	-
1592	392.778646	393.069010	D4	30	80	0	0	69930	P1-98-2	0	-
1593	392.787760	393.218750	Bb4	40	80	0	0	69930	P1-98-3	0	-
1594	392.794271	396.529948	Bb1	31	80	0	0	69930	P1-98-14	0	-
1595	392.796875	396.579427	Bb2	30	80	0	0	69930	P1-98-15	0	-
1596	393.489583	394.299479	F5	69	80	0	0	70050	P1-98-5	0	-
1597	393.494792	393.929688	F4	36	80	0	0	70050	P1-98-4	0	-
1598	394.173177	394.609375	D4	42	80	0	0	70170	P1-98-6	0	-
1599	394.174479	394.908854	D5	68	80	0	0	70170	P1-98-7	0	-
1600	394.868490	395.799479	Cb5	64	80	0	0	70290	P1-98-9	0	-
1601	394.884115	395.229167	Cb4	43	80	0	0	70290	P1-98-8	0	-
1602	395.555990	396.479167	Bb4	60	80	0	0	70410	P1-98-11	0	-
1603	395.596354	396.079427	Bb3	37	80	0	0	70410	P1-98-10	0	-
1604	396.266927	397.049479	Ab4	56	80	0	0	70530	P1-98-13	0	-
1605	396.274740	396.529948	Ab3	45	80	0	0	70530	P1-98-12	0	-
1606	396.994792	398.049479	G4	54	80	0	0	70650	P1-99-2	0	-
1607	397.002604	398.119792	G3	45	80	0	0	70650	P1-99-1	0	-
1608	397.015625	400.179688	Bb2	30	80	0	0	70650	P1-99-16	0	-
1609	397.802083	400.399740	Bb4	57	80	0	0	70770	P1-99-4	0	-
1610	397.821615	398.889323	Bb3	45	80	0	0	70770	P1-99-3	0	-
1611	398.533854	399.899740	Eb3	37	80	0	0	70890	P1-99-5	0	-
1612	398.544271	400.229167	Eb4	38	80	0	0	70890	P1-99-6	0	-
1613	399.289062	400.239583	G4	48	80	0	0	71010	P1-99-8	0	-
1614	399.324219	400.199219	G3	32	80	0	0	71010	P1-99-7	0	-
1615	400.023438	401.259115	C4	42	80	0	0	71130	P1-99-10	0	-
1616	400.053385	401.688802	C3	37	80	0	0	71130	P1-99-9	0	-
1617	400.800781	401.718750	F3	35	80	0	0	71250	P1-99-11	0	-
1618	400.802083	401.449219	F4	34	80	0	0	71250	P1-99-12	0	-
1619	401.184896	401.769531	Eb3	34	80	0	0	71310	P1-99-13	0	-
1620	401.190104	401.658854	Eb4	37	80	0	0	71310	P1-99-14	0	-
1621	401.591146	405.959635	Bb2	40	80	0	0	71370	P1-100-19	0	-
1622	401.604167	402.399740	D4	33	80	0	0	71370	P1-100-1	0	-
1623	401.639323	403.468750	D3	26	80	0	0	71370	P1-100-5	0	-
1624	402.355469	403.229167	F4	47	80	0	0	71490	P1-100-6	0	-
1625	403.083333	404.059896	D4	60	80	0	0	71610	P1-100-7	0	-
1626	403.843750	404.699219	D5	63	80	0	0	71730	P1-100-3	0	-
1627	403.854167	404.589844	Cb4	41	80	0	0	71730	P1-100-8	0	-
1628	404.574219	405.949219	Bb3	46	80	0	0	71850	P1-100-9	0	-
1629	405.171875	405.225260	D5	54	80	0	0	72075	P1-100-4	0	-
1630	405.260417	405.339844	Eb5	46	80	0	0	72075	P1-100-4	0	-
1631	405.335938	405.419271	D5	61	80	0	0	72075	P1-100-4	0	-
1632	405.388021	406.139323	G#3	47	80	0	0	-1	*	3	-
1633	405.424479	405.489583	Eb5	56	80	0	0	72075	P1-100-4	0	-
1634	405.496094	405.559896	D5	58	80	0	0	72075	P1-100-4	0	-
1635	405.554688	405.595052	Eb5	65	80	0	0	72075	P1-100-4	0	-
1636	405.636719	405.682292	D5	55	80	0	0	72075	P1-100-4	0	-
1637	405.713542	405.751302	Eb5	67	80	0	0	72075	P1-100-4	0	-
1638	405.786458	405.908854	D5	47	80	0	0	72075	P1-100-4	0	-
1639	405.856771	406.024740	Eb5	70	80	0	0	72075	P1-100-4	0	-
1640	405.916667	405.954427	D5	61	80	0	0	72075	P1-100-4	0	-
1641	405.998698	406.036458	C5	62	80	0	0	-1	*	3	-
1642	406.042969	406.179688	D5	67	80	0	0	72075	P1-100-4	1	-
1643	406.154948	407.018229	F5	71	80	0	0	72090	P1-101-1	0	-
1644	406.174479	407.139323	G3	42	80	0	0	72090	P1-101-16	0	-
1645	406.175781	409.639323	Bb2	42	80	0	0	72090	P1-101-15	0	-
1646	406.962240	408.250000	Eb5	56	80	0	0	72210	P1-101-2	0	-
1647	406.985677	408.649740	Bb3	43	80	0	0	72210	P1-101-17	0	-
1648	407.674479	409.319010	Eb3	53	80	0	0	72330	P1-101-18	0	-
1649	408.430990	410.299479	Eb5	75	80	0	0	72450	P1-101-4	0	-
1650	408.432292	409.468750	G3	46	80	0	0	72450	P1-101-19	0	-
1651	409.266927	410.908854	C3	49	80	0	0	72570	P1-101-20	0	-
1652	410.033854	410.878906	F3	34	80	0	0	72690	P1-101-21	0	-
1653	410.082031	410.134115	A4	52	80	0	0	-1	*	3	-
1654	410.167969	410.212240	Bb4	58	80	0	0	72690	P1-101-7	0	-
1655	410.252604	410.298177	A4	57	80	0	0	72705	P1-101-8	0	-
1656	410.333333	410.384115	Bb4	57	80	0	0	72720	P1-101-9	0	-
1657	410.434896	410.475260	A4	58	80	0	0	72735	P1-101-10	0	-
1658	410.505208	410.959635	Eb3	47	80	0	0	72750	P1-101-22	0	-
1659	410.515625	410.561198	Bb4	62	80	0	0	72750	P1-101-11	0	-
1660	410.595052	410.640625	A4	62	80	0	0	72765	P1-101-12	0	-
1661	410.669271	410.722656	Bb4	64	80	0	0	72780	P1-101-13	0	-
1662	410.753906	410.979167	A4	50	80	0	0	72795	P1-101-14	0	-
1663	410.867188	412.500000	Bb4	62	80	0	0	72795	P1-101-5	0	-
1664	410.933594	412.419271	Bb2	35	80	0	0	72810	P1-102-22	0	-
1665	410.938802	412.009115	D3	34	80	0	0	72810	P1-102-13	0	-
1666	411.872396	412.376302	F3	45	80	0	0	72930	P1-102-14	0	-
1667	412.313802	412.830729	A4	57	80	0	0	72990	P1-102-3	0	-
1668	412.315104	412.828125	Eb3	40	80	0	0	72990	P1-102-15	0	-
1669	412.773438	414.319010	Bb2	36	80	0	0	73050	P1-102-23	0	-
1670	412.794271	414.149740	Bb4	40	80	0	0	73050	P1-102-4	0	-
1671	412.795573	414.149740	D3	33	80	0	0	73050	P1-102-16	0	-
1672	413.623698	414.239583	F3	32	80	0	0	73170	P1-102-17	0	-
1673	414.092448	414.669271	A4	42	80	0	0	73230	P1-102-6	0	-
1674	414.093750	414.653646	C5	48	80	0	0	73230	P1-102-7	0	-
1675	414.117188	414.789062	Eb3	31	80	0	0	73230	P1-102-18	0	-
1676	414.625000	415.639323	D5	39	80	0	0	73290	P1-102-9	0	-
1677	414.626302	415.259115	Bb4	38	80	0	0	73290	P1-102-8	0	-
1678	414.634115	416.098958	D3	29	80	0	0	73290	P1-102-19	0	-
1679	414.641927	416.459635	Bb2	29	80	0	0	73290	P1-102-24	0	-
1680	415.563802	416.169271	F3	36	80	0	0	73410	P1-102-20	0	-
1681	416.026042	416.626302	A5	70	80	0	0	73470	P1-102-12	0	-
1682	416.044271	416.589844	Eb3	34	80	0	0	73470	P1-102-21	0	-
1683	416.063802	416.408854	C5	41	80	0	0	73470	P1-102-11	0	-
1684	416.473958	418.829427	Bb2	26	80	0	0	73530	P1-103-8	0	-
1685	416.569010	419.209635	D3	32	80	0	0	73530	P1-103-9	0	-
1686	416.572917	417.669271	Bb5	74	80	0	0	73530	P1-103-2	0	-
1687	416.595052	417.500000	D5	40	80	0	0	73530	P1-103-1	0	-
1688	417.539062	418.779948	D6	88	80	0	0	73650	P1-103-3	0	-
1689	418.596354	418.683594	C6	78	80	0	0	73740	P1-103-4	0	-
1690	418.828125	421.229167	C6	69	80	0	0	73770	P1-103-5	0	-
1691	421.065104	423.989583	Bb5	57	80	0	0	74010	P1-103-6	0	-
1692	422.670573	425.348958	Bb1	28	80	0	0	74130	P1-103-13	0	-
//Missing 1440	P1-3-5
//Missing 5370	P1-8-20
//Missing 5850	P1-9-2
//Missing 11130	P1-16-4
//Missing 12330	P1-18-10
//Missing 13290	P1-19-4
//Missing 13290	P1-19-5
//Missing 15210	P1-22-9
//Missing 16130	P1-23-16
//Missing 16890	P1-24-8
//Missing 18790	P1-26-34
//Missing 19290	P1-27-24
//Missing 23850	P1-34-13
//Missing 24810	P1-35-11
//Missing 26970	P1-38-14
//Missing 27670	P1-39-12
//Missing 27690	P1-39-13
//Missing 29830	P1-42-24
//Missing 31770	P1-45-8
//Missing 33930	P1-48-13
//Missing 35370	P1-50-18
//Missing 35370	P1-50-20
//Missing 37290	P1-52-25
//Missing 37530	P1-53-10
//Missing 38010	P1-53-8
//Missing 38400	P1-54-16
//Missing 41610	P1-58-3
//Missing 41610	P1-58-4
//Missing 41790	P1-58-34
//Missing 41850	P1-59-3
//Missing 43530	P1-61-5
//Missing 45450	P1-64-9
//Missing 46350	P1-65-15
//Missing 46590	P1-65-20
//Missing 46630	P1-65-22
//Missing 48090	P1-67-10
//Missing 50940	P1-71-20
//Missing 53850	P1-75-9
//Missing 54090	P1-76-15
//Missing 54090	P1-76-13
//Missing 55770	P1-78-15
//Missing 57450	P1-80-18
//Missing 59370	P1-83-15
//Missing 59610	P1-83-7
//Missing 60330	P1-84-20
//Missing 60330	P1-84-8
//Missing 60810	P1-85-12
//Missing 60810	P1-85-5
//Missing 62250	P1-87-7
//Missing 62490	P1-87-20
//Missing 63210	P1-88-11
//Missing 63210	P1-88-12
//Missing 63450	P1-89-1
//Missing 63450	P1-89-2
//Missing 63450	P1-89-22
//Missing 64170	P1-90-1
//Missing 64650	P1-90-10
//Missing 64890	P1-91-1
//Missing 64890	P1-91-2
//Missing 64890	P1-91-3
//Missing 67050	P1-94-18
//Missing 69930	P1-98-1
//Missing 70650	P1-99-15
//Missing 71970	P1-100-10
//Missing 71970	P1-100-11
//Missing 71985	P1-100-12
//Missing 72000	P1-100-13
//Missing 72015	P1-100-14
//Missing 72030	P1-100-15
//Missing 72045	P1-100-16
//Missing 72060	P1-100-17
//Missing 72810	P1-102-1
//Missing 5130	P1-8-1
//Missing 5220	P1-8-1
//Missing 17610	P1-25-23
//Missing 35460	P1-50-1
//Missing 35475	P1-50-1
//Missing 37020	P1-52-3
//Missing 38460	P1-54-3
//Missing 44970	P1-63-3
//Missing 61750	P1-86-18
//Missing 72075	P1-100-18
//Missing 72720	P1-101-5
