//Version: PianoRoll_v170101
0	0.350260	5.709635	Bb1	44	80	0
1	0.526042	5.878906	F2	48	80	0
2	0.654948	5.369792	Bb2	62	80	0
3	0.776042	4.759115	D3	69	80	0
4	0.881510	5.000000	F3	79	80	0
5	1.123698	4.389323	Bb3	89	80	0
6	6.532552	7.799479	D5	68	80	0
7	7.626302	8.135417	Eb5	84	80	0
8	7.919271	8.658854	F5	79	80	0
9	9.236979	11.389323	Bb3	72	80	0
10	9.244792	10.468750	F3	54	80	0
11	9.253906	10.408854	Bb2	54	80	0
12	9.263021	10.438802	D3	54	80	0
13	9.265625	10.549479	Bb1	47	80	0
14	9.279948	10.989583	F2	46	80	0
15	11.218750	15.199219	A3	64	80	0
16	11.226562	15.509115	F3	52	80	0
17	11.234375	15.378906	Eb3	49	80	0
18	11.234375	15.579427	C3	45	80	0
19	11.235677	16.359375	C2	42	80	0
20	11.235677	16.259115	F2	43	80	0
21	16.397135	17.789062	A5	78	80	0
22	17.635417	18.319010	Bb5	87	80	0
23	17.950521	18.929688	C6	81	80	0
24	19.597656	22.229167	Eb4	53	80	0
25	19.615885	20.809896	C4	39	80	0
26	19.661458	21.739583	F3	35	80	0
27	19.673177	21.718750	A2	32	80	0
28	21.735677	24.299479	D4	47	80	0
29	21.743490	25.009115	Bb3	38	80	0
30	21.750000	25.859375	F3	34	80	0
31	21.763021	25.929688	Bb2	30	80	0
32	24.799479	25.299479	D4	47	80	0
33	25.087240	25.419271	F4	55	80	0
34	25.312500	25.444010	Eb4	60	80	0
35	25.454427	25.574219	D4	62	80	0
36	25.571615	25.684896	Eb4	74	80	0
37	25.695312	25.782552	F4	74	80	0
38	25.794271	25.869792	G4	78	80	0
39	25.902344	25.992188	A4	86	80	0
40	26.014323	26.063802	Bb4	79	80	0
41	26.108073	26.260417	C5	88	80	0
42	26.252604	27.479167	D5	86	80	0
43	27.363281	27.627604	Eb5	94	80	0
44	27.605469	28.889323	F5	95	80	0
45	28.945312	30.669271	F5	92	80	0
46	28.953125	30.389323	G#4	88	80	0
47	28.981771	30.688802	B3	73	80	0
48	28.984375	30.468750	D3	53	80	0
49	30.674479	32.589844	F5	79	80	0
50	30.683594	33.149740	G4	68	80	0
51	30.697917	32.438802	B3	52	80	0
52	30.703125	33.098958	Eb3	44	80	0
53	32.342448	32.781250	Eb5	65	80	0
54	32.343750	32.989583	C4	40	80	0
55	33.092448	33.889323	D5	82	80	0
56	33.098958	33.658854	Bb4	69	80	0
57	33.104167	33.919271	D4	64	80	0
58	33.105469	33.859375	F3	50	80	0
59	33.841146	34.279948	C5	86	80	0
60	33.845052	34.171875	Bb4	82	80	0
61	33.845052	34.438802	Eb4	66	80	0
62	33.859375	34.289062	G3	56	80	0
63	34.524740	35.929688	G3	68	80	0
64	34.524740	35.309896	E4	74	80	0
65	34.524740	34.757812	Bb4	90	80	0
66	34.524740	35.000000	C5	86	80	0
67	34.985677	35.908854	Bb4	77	80	0
68	35.075521	35.166667	C5	73	80	0
69	35.098958	38.609375	F3	58	80	0
70	35.175781	35.289062	D5	68	80	0
71	35.274740	35.341146	C5	86	80	0
72	35.321615	37.079427	E4	75	80	0
73	35.335938	35.438802	D5	79	80	0
74	35.432292	35.498698	C5	84	80	0
75	35.503906	35.598958	D5	75	80	0
76	35.604167	35.658854	C5	71	80	0
77	35.665365	35.748698	D5	84	80	0
78	35.755208	35.819010	C5	77	80	0
79	35.829427	35.915365	B4	82	80	0
80	35.927083	36.024740	C5	87	80	0
81	36.014323	36.565104	D5	87	80	0
82	36.554688	36.832031	C5	78	80	0
83	37.117188	38.799479	C5	56	80	0
84	37.117188	38.989583	A4	55	80	0
85	37.164062	38.589844	F4	32	80	0
86	39.473958	40.000000	F3	46	80	0
87	39.932292	40.369792	G3	55	80	0
88	39.936198	40.419271	Eb3	49	80	0
89	40.303385	40.979167	A3	75	80	0
90	40.309896	40.500000	C3	65	80	0
91	40.908854	44.699219	Bb3	72	80	0
92	40.929688	42.500000	D3	66	80	0
93	40.929688	45.609375	Bb2	65	80	0
94	40.932292	45.239583	Bb1	62	80	0
95	42.444010	42.899740	Eb3	73	80	0
96	42.445312	42.839844	C3	64	80	0
97	42.723958	44.079427	F3	73	80	0
98	42.726562	44.089844	D3	66	80	0
99	44.430990	45.188802	F3	67	80	0
100	44.437500	45.408854	D3	54	80	0
101	46.272135	46.812500	D5	74	80	0
102	46.309896	48.500000	F3	45	80	0
103	46.326823	46.339844	Bb3	39	80	0
104	46.334635	48.509115	Bb2	39	80	0
105	46.335938	48.500000	D3	36	80	0
106	46.820312	46.923177	Eb5	71	80	0
107	46.907552	46.985677	D5	77	80	0
108	46.996094	47.119792	C5	82	80	0
109	47.104167	47.878906	D5	81	80	0
110	47.589844	47.875000	Eb5	93	80	0
111	47.903646	48.419271	F5	82	80	0
112	49.460938	50.968750	Bb3	80	80	0
113	49.479167	50.739583	D3	57	80	0
114	49.509115	50.750000	Bb2	49	80	0
115	49.513021	50.959635	Bb1	47	80	0
116	51.511719	56.218750	A3	83	80	0
117	51.533854	53.299479	Eb3	70	80	0
118	51.536458	55.989583	C3	69	80	0
119	51.541667	55.589844	F2	64	80	0
120	51.544271	55.869792	F1	60	80	0
121	53.013021	53.429688	F3	89	80	0
122	53.015625	53.378906	D3	80	80	0
123	53.308594	55.119792	F#3	78	80	0
124	53.309896	55.119792	Eb3	78	80	0
125	55.125000	56.348958	F#3	79	80	0
126	55.130208	56.408854	Eb3	71	80	0
127	56.071615	56.369792	F2	38	80	0
128	57.003906	57.579427	C6	86	80	0
129	57.036458	58.559896	F#3	57	80	0
130	57.039062	58.658854	Eb3	54	80	0
131	57.540365	57.638021	D6	71	80	0
132	57.628906	57.799479	C6	78	80	0
133	57.714844	57.817708	B5	91	80	0
134	57.804688	58.399740	C6	94	80	0
135	58.276042	58.574219	D6	100	80	0
136	58.542969	59.839844	Eb6	97	80	0
137	60.059896	62.169271	F#4	89	80	0
138	60.067708	61.408854	Eb4	81	80	0
139	60.072917	61.419271	C4	75	80	0
140	60.075521	61.819010	Bb3	78	80	0
141	62.035156	63.658854	C4	66	80	0
142	62.050781	64.169271	F4	55	80	0
143	62.053385	63.709635	A3	55	80	0
144	62.057292	63.679688	Eb4	55	80	0
145	63.555990	64.049479	B3	63	80	0
146	63.555990	64.089844	D4	72	80	0
147	63.901042	65.339844	Eb4	70	80	0
148	63.902344	65.699219	C4	61	80	0
149	65.703125	66.519531	Eb4	67	80	0
150	65.705729	66.500000	C4	57	80	0
151	67.484375	67.967448	C6	77	80	0
152	67.498698	69.789062	Eb4	49	80	0
153	67.505208	69.149740	C4	42	80	0
154	67.507812	69.789062	F3	44	80	0
155	67.966146	68.109375	D6	68	80	0
156	68.054688	68.147135	C6	75	80	0
157	68.144531	68.295573	B5	82	80	0
158	68.243490	68.839844	C6	86	80	0
159	68.746094	69.319010	D6	96	80	0
160	69.057292	69.718750	Eb6	89	80	0
161	69.082031	69.889323	A3	58	80	0
162	70.854167	72.718750	Eb5	77	80	0
163	70.864583	72.859375	A4	62	80	0
164	70.875000	72.109375	Eb4	53	80	0
165	70.876302	72.289062	C4	48	80	0
166	70.878906	72.848958	F#3	49	80	0
167	72.752604	73.899740	D5	58	80	0
168	72.756510	73.479167	Bb4	51	80	0
169	72.785156	73.718750	G3	33	80	0
170	72.787760	73.589844	Bb3	39	80	0
171	72.789062	73.489583	D4	35	80	0
172	74.384115	78.209635	G5	100	80	0
173	75.921875	76.369792	Bb4	81	80	0
174	75.923177	76.359375	G4	76	80	0
175	75.923177	76.369792	C#5	79	80	0
176	75.924479	76.239583	C#4	76	80	0
177	75.925781	76.229167	Bb3	75	80	0
178	75.927083	76.239583	E3	66	80	0
179	78.092448	80.679688	F5	70	80	0
180	79.864583	80.209635	F3	32	80	0
181	79.867188	80.158854	Bb3	31	80	0
182	79.872396	80.269531	D5	41	80	0
183	79.873698	80.378906	Bb4	37	80	0
184	79.875000	80.128906	D4	32	80	0
185	79.876302	80.549479	F4	32	80	0
186	81.544271	81.929688	A4	44	80	0
187	81.545573	81.647135	C4	35	80	0
188	81.546875	81.652344	Eb4	39	80	0
189	81.554688	81.643229	F2	36	80	0
190	81.561198	81.643229	F3	36	80	0
191	83.272135	83.628906	Bb4	40	80	0
192	83.292969	83.628906	D4	28	80	0
193	83.294271	83.598958	Bb3	28	80	0
194	83.295573	83.549479	Bb2	30	80	0
195	83.296875	83.559896	Bb1	30	80	0
196	84.717448	84.785156	Bb2	39	80	0
197	84.807292	84.938802	Bb1	43	80	0
198	84.886719	84.953125	Bb2	50	80	0
199	84.945312	85.000000	Bb1	54	80	0
200	86.167969	86.222656	Bb2	39	80	0
201	86.242188	86.299479	Bb1	53	80	0
202	86.341146	86.393229	Bb2	55	80	0
203	86.404948	86.451823	Bb1	54	80	0
204	87.639323	87.703125	Bb2	44	80	0
205	87.736979	87.795573	Bb1	48	80	0
206	87.815104	87.897135	Bb2	56	80	0
207	87.930990	87.979167	Bb1	46	80	0
208	87.934896	89.619792	Eb4	64	80	0
209	87.954427	89.399740	G3	42	80	0
210	87.963542	89.069010	Bb3	47	80	0
211	89.399740	91.128906	D4	63	80	0
212	89.410156	91.069010	F3	52	80	0
213	89.410156	90.859375	Bb3	55	80	0
214	90.856771	92.378906	C#4	64	80	0
215	90.863281	92.399740	E3	53	80	0
216	90.864583	92.199219	Bb3	52	80	0
217	92.545573	94.329427	C#4	54	80	0
218	92.561198	94.919271	Bb3	46	80	0
219	92.571615	94.029948	E3	40	80	0
220	93.954427	94.079427	Bb2	44	80	0
221	94.044271	94.218750	Bb1	47	80	0
222	94.135417	94.449219	Bb2	52	80	0
223	94.223958	94.709635	Bb1	46	80	0
224	94.235677	94.694010	D4	41	80	0
225	95.453125	95.559896	Bb2	30	80	0
226	95.522135	95.639323	Bb1	48	80	0
227	95.604167	95.683594	Bb2	55	80	0
228	95.697917	95.759115	Bb1	47	80	0
229	96.934896	97.039062	Bb2	37	80	0
230	97.013021	97.070312	Bb1	57	80	0
231	97.096354	97.171875	Bb2	54	80	0
232	97.222656	98.348958	C4	60	80	0
233	97.234375	100.269531	G3	48	80	0
234	97.234375	100.169271	Eb3	44	80	0
235	98.414062	98.669271	D4	55	80	0
236	98.519531	98.679688	C4	59	80	0
237	98.644531	99.059896	B3	70	80	0
238	98.753906	99.809896	C4	68	80	0
239	99.444010	100.559896	Eb4	69	80	0
240	100.295573	101.286458	C4	52	80	0
241	100.325521	101.769531	F#3	33	80	0
242	100.333333	102.079427	Eb3	33	80	0
243	101.162760	102.139323	A3	50	80	0
244	102.109375	103.729167	C4	47	80	0
245	102.144531	103.938802	F#3	33	80	0
246	102.145833	103.438802	Eb3	33	80	0
247	102.147135	103.709635	A3	32	80	0
248	103.420573	103.579427	Bb2	39	80	0
249	103.501302	103.565104	Bb1	52	80	0
250	103.589844	104.035156	Bb2	45	80	0
251	103.687500	104.023438	Bb1	49	80	0
252	105.075521	105.169271	Bb2	36	80	0
253	105.145833	105.299479	Bb1	53	80	0
254	105.246094	105.308594	Bb2	53	80	0
255	105.307292	105.359375	Bb1	53	80	0
256	106.589844	106.647135	Bb2	49	80	0
257	106.673177	106.799479	Bb1	59	80	0
258	106.759115	106.837240	Bb2	60	80	0
259	106.884115	107.119792	Bb1	53	80	0
260	106.893229	108.069010	Bb4	80	80	0
261	106.914062	108.009115	D4	57	80	0
262	108.463542	109.658854	G4	84	80	0
263	108.466146	110.199219	Bb3	74	80	0
264	108.467448	109.729167	D4	72	80	0
265	110.084635	112.209635	F4	74	80	0
266	110.092448	111.750000	A3	74	80	0
267	110.096354	111.559896	D4	68	80	0
268	112.065104	114.299479	E4	43	80	0
269	112.071615	113.919271	G3	36	80	0
270	112.072917	114.378906	C4	38	80	0
271	113.399740	113.539062	C3	37	80	0
272	113.500000	113.609375	C2	39	80	0
273	113.592448	113.759115	C3	43	80	0
274	113.722656	113.878906	C2	39	80	0
275	114.484375	114.908854	G3	33	80	0
276	114.484375	115.299479	E4	46	80	0
277	114.484375	115.009115	C4	34	80	0
278	114.861979	115.039062	C6	50	80	0
279	114.957031	115.109375	C5	54	80	0
280	115.045573	115.199219	C6	54	80	0
281	115.154948	115.878906	F4	49	80	0
282	115.165365	115.699219	C4	45	80	0
283	115.169271	115.839844	A3	40	80	0
284	115.171875	115.779948	C5	54	80	0
285	115.854167	116.369792	G4	60	80	0
286	115.863281	116.319010	Bb3	51	80	0
287	115.864583	116.438802	C4	44	80	0
288	116.664062	117.949219	G4	57	80	0
289	116.675781	117.479167	C4	47	80	0
290	116.679688	117.419271	Bb3	51	80	0
291	117.843750	118.259115	E4	59	80	0
292	117.872396	118.158854	C4	43	80	0
293	117.872396	118.069010	G#3	41	80	0
294	117.875000	118.000000	C3	38	80	0
295	117.963542	118.239583	C2	42	80	0
296	118.091146	118.429688	C3	38	80	0
297	118.240885	118.869792	F4	54	80	0
298	118.253906	118.609375	C2	43	80	0
299	118.253906	118.759115	C4	47	80	0
300	118.255208	118.669271	A3	49	80	0
301	118.954427	119.468750	F4	60	80	0
302	118.958333	119.389323	A3	51	80	0
303	118.959635	119.449219	C4	54	80	0
304	119.290365	119.352865	C6	51	80	0
305	119.382812	119.509115	C5	64	80	0
306	119.490885	119.639323	C6	66	80	0
307	119.605469	120.098958	G4	78	80	0
308	119.614583	120.158854	E4	61	80	0
309	119.615885	119.869792	C4	59	80	0
310	119.615885	119.718750	C5	69	80	0
311	120.313802	120.829427	A4	85	80	0
312	120.324219	120.859375	C4	69	80	0
313	120.329427	120.899740	F4	67	80	0
314	121.095052	122.500000	A4	79	80	0
315	121.115885	122.500000	C4	61	80	0
316	121.121094	122.329427	F4	60	80	0
317	122.265625	122.649740	F#4	77	80	0
318	122.281250	122.658854	Eb4	65	80	0
319	122.298177	122.355469	C3	49	80	0
320	122.390625	122.753906	C2	59	80	0
321	122.509115	122.839844	C3	59	80	0
322	122.643229	123.128906	G4	86	80	0
323	122.652344	123.139323	E4	67	80	0
324	123.334635	123.769531	G4	92	80	0
325	123.339844	124.029948	E4	73	80	0
326	123.341146	123.539062	C4	64	80	0
327	123.726562	123.803385	C6	86	80	0
328	123.834635	123.938802	C5	62	80	0
329	123.899740	124.000000	C6	84	80	0
330	123.998698	124.239583	A4	95	80	0
331	124.003906	124.209635	C5	81	80	0
332	124.003906	124.218750	C4	73	80	0
333	124.006510	124.348958	F4	69	80	0
334	124.707031	125.289062	Bb4	100	80	0
335	124.714844	125.239583	C4	82	80	0
336	124.714844	125.250000	G4	90	80	0
337	125.550781	126.739583	Bb4	97	80	0
338	125.555990	126.769531	G4	86	80	0
339	125.557292	126.279948	C4	77	80	0
340	126.686198	127.069010	G#4	95	80	0
341	126.694010	127.059896	E4	78	80	0
342	126.713542	126.869792	C3	66	80	0
343	126.813802	127.309896	C2	60	80	0
344	126.914062	127.289062	C3	77	80	0
345	127.035156	127.489583	A4	91	80	0
346	127.040365	127.468750	F4	83	80	0
347	127.714844	128.059896	A4	94	80	0
348	127.717448	128.109375	F4	77	80	0
349	127.720052	127.929688	C4	72	80	0
350	128.106771	128.196615	C6	90	80	0
351	128.222656	128.298177	C5	80	80	0
352	128.311198	128.419271	C6	91	80	0
353	128.424479	128.579427	B4	99	80	0
354	128.425781	128.549479	C5	96	80	0
355	128.430990	128.819010	G#4	93	80	0
356	128.430990	128.699219	D4	89	80	0
357	128.432292	128.679688	F4	83	80	0
358	129.265625	129.628906	B4	102	80	0
359	129.273438	129.799479	G#4	96	80	0
360	129.274740	130.019531	D4	86	80	0
361	129.274740	129.799479	F4	84	80	0
362	129.615885	129.799479	C6	87	80	0
363	129.718750	129.805990	C5	87	80	0
364	129.811198	129.989583	C6	98	80	0
365	130.139323	130.549479	C5	75	80	0
366	130.148438	130.688802	E4	59	80	0
367	130.156250	130.619792	G4	64	80	0
368	131.036458	132.188802	G4	72	80	0
369	131.039062	132.188802	C4	57	80	0
370	131.041667	132.289062	E4	56	80	0
371	131.382812	131.549479	C3	60	80	0
372	131.540365	131.769531	C2	61	80	0
373	131.729167	131.848958	C3	70	80	0
374	132.415365	132.968750	G4	90	80	0
375	132.421875	132.848958	C4	68	80	0
376	132.421875	133.049479	E4	71	80	0
377	132.760417	132.919271	C6	79	80	0
378	132.897135	133.029948	C5	77	80	0
379	133.132812	133.429688	B4	86	80	0
380	133.138021	133.149740	C6	78	80	0
381	133.165365	133.489583	D4	59	80	0
382	133.166667	133.479167	F4	55	80	0
383	133.936198	134.949219	G4	83	80	0
384	133.946615	134.509115	D4	67	80	0
385	133.947917	134.549479	F4	71	80	0
386	134.709635	135.669271	C5	78	80	0
387	134.713542	135.408854	E4	58	80	0
388	134.714844	135.378906	C4	63	80	0
389	135.595052	136.889323	G4	83	80	0
390	135.600260	136.750000	E4	67	80	0
391	135.600260	136.739583	C4	64	80	0
392	135.964844	136.158854	C3	55	80	0
393	136.106771	136.429688	C2	69	80	0
394	136.303385	136.519531	C3	70	80	0
395	137.024740	137.579427	G4	84	80	0
396	137.031250	137.519531	C4	64	80	0
397	137.032552	137.628906	E4	66	80	0
398	137.373698	137.533854	C6	77	80	0
399	137.506510	137.628906	C5	79	80	0
400	137.688802	137.829427	C6	85	80	0
401	137.690104	137.859375	B5	84	80	0
402	137.695312	138.029948	B4	83	80	0
403	137.723958	138.079427	D4	57	80	0
404	137.723958	138.089844	F4	57	80	0
405	138.494792	139.429688	G4	84	80	0
406	138.500000	139.089844	D4	64	80	0
407	138.503906	139.098958	F4	73	80	0
408	139.278646	139.859375	C5	78	80	0
409	139.285156	139.789062	C4	65	80	0
410	139.285156	139.779948	E4	58	80	0
411	140.046875	141.750000	G4	79	80	0
412	140.049479	141.339844	C4	66	80	0
413	140.050781	141.408854	E4	68	80	0
414	140.450521	140.609375	C3	45	80	0
415	140.613281	142.009115	C2	40	80	0
416	140.819010	141.489583	C3	52	80	0
417	141.736979	145.179688	E4	56	80	0
418	141.742188	143.089844	C4	49	80	0
419	141.742188	142.799479	G3	47	80	0
420	142.122396	142.339844	C3	36	80	0
421	142.274740	143.309896	C2	35	80	0
422	142.484375	143.269531	C3	41	80	0
423	143.338542	144.559896	C4	43	80	0
424	143.342448	144.149740	G3	38	80	0
425	143.343750	144.579427	E3	39	80	0
426	143.713542	144.089844	C3	31	80	0
427	143.891927	145.119792	C2	22	80	0
428	144.104167	145.759115	C3	41	80	0
429	144.864583	145.789062	C4	55	80	0
430	145.641927	146.459635	B3	68	80	0
431	146.411458	147.598958	C4	75	80	0
432	146.414062	147.269531	Bb3	74	80	0
433	147.171875	147.908854	A3	72	80	0
434	147.526042	147.809896	D4	78	80	0
435	147.709635	147.812500	E4	81	80	0
436	147.890625	147.984375	F4	78	80	0
437	147.893229	148.272135	Bb3	77	80	0
438	147.895833	148.273438	G3	72	80	0
439	148.046875	148.113281	G4	90	80	0
440	148.205729	148.274740	A4	92	80	0
441	148.372396	148.513021	Bb4	93	80	0
442	148.786458	149.848958	F2	40	80	0
443	148.787760	152.098958	C5	68	80	0
444	149.664062	150.989583	F3	30	80	0
445	150.488281	152.179688	F4	36	80	0
446	150.502604	151.929688	C4	28	80	0
447	150.507812	151.688802	A3	25	80	0
448	151.420573	152.619792	F3	27	80	0
449	152.059896	152.389323	A4	66	80	0
450	152.294271	154.109375	F5	67	80	0
451	152.315104	153.399740	Bb3	40	80	0
452	152.316406	153.449219	D4	38	80	0
453	152.321615	154.989583	F4	41	80	0
454	153.194010	154.549479	F3	34	80	0
455	153.826823	154.063802	D5	57	80	0
456	154.052083	155.889323	C5	58	80	0
457	154.084635	155.069010	C4	31	80	0
458	154.087240	154.938802	A3	29	80	0
459	154.884115	156.269531	F3	36	80	0
460	155.695312	157.199219	F4	47	80	0
461	155.701823	157.239583	C4	39	80	0
462	155.703125	157.199219	A3	38	80	0
463	156.542969	157.339844	F3	39	80	0
464	157.096354	157.489583	A4	78	80	0
465	157.312500	158.968750	Bb4	77	80	0
466	157.346354	158.359375	D3	43	80	0
467	157.351562	158.309896	F4	47	80	0
468	157.352865	158.259115	F3	40	80	0
469	157.355469	157.878906	Bb3	41	80	0
470	158.095052	159.039062	D4	58	80	0
471	158.095052	158.408854	Bb2	43	80	0
472	158.622396	159.109375	G4	72	80	0
473	158.919271	162.098958	F4	75	80	0
474	158.951823	159.399740	C2	40	80	0
475	159.727865	160.529948	A3	70	80	0
476	159.733073	161.139323	C3	53	80	0
477	160.539062	161.908854	C4	71	80	0
478	160.541667	162.149740	A3	59	80	0
479	160.549479	161.899740	F3	54	80	0
480	161.363281	162.819010	C3	50	80	0
481	162.123698	162.709635	A4	73	80	0
482	162.134115	162.929688	E3	47	80	0
483	162.135417	163.218750	C4	51	80	0
484	162.136719	163.019531	G3	49	80	0
485	162.533854	162.929688	G4	82	80	0
486	162.867188	163.246094	F4	89	80	0
487	162.903646	163.899740	C3	49	80	0
488	163.195312	163.429688	G4	99	80	0
489	163.708333	165.282552	G4	70	80	0
490	163.739583	165.329427	C4	40	80	0
491	163.743490	165.069010	E3	38	80	0
492	164.595052	165.669271	C3	39	80	0
493	165.222656	165.544271	G#4	64	80	0
494	165.514323	167.239583	A4	53	80	0
495	165.540365	167.039062	C4	32	80	0
496	165.542969	166.529948	F3	34	80	0
497	166.277344	167.139323	A2	52	80	0
498	167.093750	167.774740	Bb2	60	80	0
499	167.256510	167.345052	C4	63	80	0
500	167.441406	167.514323	D4	80	80	0
501	167.604167	167.675781	E4	84	80	0
502	167.773438	168.667969	G2	66	80	0
503	167.774740	167.863281	F4	80	80	0
504	167.937500	168.003906	G4	87	80	0
505	168.093750	168.156250	A4	91	80	0
506	168.265625	168.598958	Bb4	91	80	0
507	168.661458	171.869792	C5	79	80	0
508	168.664062	169.359375	F2	46	80	0
509	169.472656	170.750000	F3	38	80	0
510	169.824219	170.309896	E4	52	80	0
511	170.279948	174.250000	F4	44	80	0
512	170.282552	171.959635	C4	43	80	0
513	170.282552	171.869792	A3	41	80	0
514	171.122396	172.609375	F3	40	80	0
515	171.700521	172.079427	A4	72	80	0
516	171.944010	173.750000	F5	71	80	0
517	171.964844	173.479167	D4	41	80	0
518	171.964844	173.279948	Bb3	40	80	0
519	172.854167	174.179688	F3	47	80	0
520	173.472656	173.725260	D5	70	80	0
521	173.725260	175.549479	C5	69	80	0
522	173.731771	174.769531	A3	48	80	0
523	173.734375	174.989583	C4	47	80	0
524	174.524740	175.649740	F3	50	80	0
525	174.899740	175.378906	E4	71	80	0
526	175.338542	176.739583	F4	70	80	0
527	175.342448	176.799479	A3	56	80	0
528	175.347656	176.628906	C4	57	80	0
529	176.132812	176.869792	F3	62	80	0
530	176.649740	176.938802	A4	82	80	0
531	176.868490	177.356771	C5	84	80	0
532	176.875000	177.658854	D3	61	80	0
533	176.877604	177.729167	F3	58	80	0
534	176.885417	177.769531	F4	60	80	0
535	177.308594	178.089844	Bb4	89	80	0
536	177.638021	178.500000	Bb2	73	80	0
537	177.644531	178.218750	D4	79	80	0
538	177.984375	178.579427	G4	94	80	0
539	178.494792	179.968750	F4	83	80	0
540	178.498698	179.119792	A3	74	80	0
541	178.503906	181.579427	C3	63	80	0
542	179.273438	180.019531	A3	86	80	0
543	179.274740	180.519531	F3	78	80	0
544	180.032552	180.679688	A3	73	80	0
545	180.032552	180.949219	C4	88	80	0
546	180.816406	181.669271	A3	84	80	0
547	180.816406	181.500000	F3	82	80	0
548	181.674479	183.049479	C4	92	80	0
549	181.680990	182.218750	E3	78	80	0
550	181.682292	183.009115	G3	79	80	0
551	181.686198	183.049479	C2	72	80	0
552	182.601562	183.098958	E3	85	80	0
553	182.602865	183.029948	C3	81	80	0
554	183.697917	184.429688	F3	37	80	0
555	183.720052	184.389323	F2	34	80	0
556	183.727865	184.119792	C3	30	80	0
557	183.729167	184.509115	F1	33	80	0
558	185.230469	185.339844	F2	33	80	0
559	185.299479	185.449219	F1	46	80	0
560	185.386719	185.438802	F2	51	80	0
561	185.458333	185.609375	F1	51	80	0
562	186.652344	186.695312	F2	34	80	0
563	186.733073	186.889323	F1	47	80	0
564	186.819010	186.877604	F2	48	80	0
565	186.895833	186.968750	F1	56	80	0
566	187.651042	188.279948	F4	40	80	0
567	188.514323	190.250000	F4	47	80	0
568	189.898438	190.019531	F2	39	80	0
569	189.993490	190.579427	F1	44	80	0
570	190.087240	190.438802	F2	41	80	0
571	190.192708	192.158854	F#4	67	80	0
572	190.203125	192.500000	A3	51	80	0
573	190.204427	192.769531	C4	44	80	0
574	190.214844	192.759115	Eb4	48	80	0
575	191.440104	191.569010	F2	34	80	0
576	191.535156	191.739583	F1	45	80	0
577	191.643229	192.779948	F2	44	80	0
578	191.747396	193.299479	F1	37	80	0
579	192.457031	192.929688	F#4	71	80	0
580	193.255208	197.500000	F#4	78	80	0
581	194.552083	194.699219	F2	38	80	0
582	194.645833	195.579427	F1	44	80	0
583	194.744792	195.359375	F2	47	80	0
584	194.881510	197.229167	A4	85	80	0
585	194.893229	197.500000	C4	63	80	0
586	194.894531	197.500000	Eb4	65	80	0
587	196.101562	196.259115	F2	42	80	0
588	196.201823	196.289062	F1	38	80	0
589	196.295573	196.399740	F2	45	80	0
590	196.296875	196.399740	F1	43	80	0
591	196.406250	196.500000	F2	41	80	0
592	196.406250	196.500000	F1	40	80	0
593	196.505208	198.739583	F1	31	80	0
594	196.505208	198.519531	F2	33	80	0
595	197.235677	198.079427	A4	82	80	0
596	198.093750	199.519531	A4	96	80	0
597	199.333333	199.500000	F2	57	80	0
598	199.425781	200.779948	F1	55	80	0
599	199.505208	200.519531	F2	63	80	0
600	199.615885	201.399740	C5	97	80	0
601	199.631510	201.369792	F#4	80	80	0
602	199.634115	202.069010	Eb4	80	80	0
603	200.880208	201.079427	F2	49	80	0
604	200.984375	201.158854	F1	52	80	0
605	201.084635	202.199219	F2	64	80	0
606	201.166667	202.459635	F1	54	80	0
607	201.864583	202.188802	C5	100	80	0
608	202.585938	203.559896	C5	103	80	0
609	203.444010	205.098958	Eb5	107	80	0
610	204.044271	204.239583	C4	58	80	0
611	204.049479	204.279948	A3	58	80	0
612	204.175781	204.339844	F3	64	80	0
613	204.251302	205.869792	C4	75	80	0
614	204.285156	205.709635	A3	53	80	0
615	204.354167	206.229167	F3	67	80	0
616	204.843750	205.549479	D5	78	80	0
617	205.058594	205.559896	C5	84	80	0
618	205.263021	205.649740	Bb4	85	80	0
619	205.455729	206.369792	A4	91	80	0
620	205.623698	205.889323	G4	91	80	0
621	205.803385	206.026042	F4	92	80	0
622	205.993490	206.187500	E4	89	80	0
623	206.180990	206.378906	Eb4	93	80	0
624	206.358073	206.523438	D4	93	80	0
625	206.533854	206.761719	C4	85	80	0
626	206.736979	207.055990	Bb3	86	80	0
627	207.022135	207.279948	A3	87	80	0
628	207.281250	207.623698	Eb4	77	80	0
629	207.600260	208.519531	A3	73	80	0
630	208.372396	212.500000	D3	42	80	0
631	208.384115	212.500000	Bb3	45	80	0
632	208.453125	213.319010	Bb2	30	80	0
633	208.454427	212.500000	Bb1	29	80	0
634	210.122396	210.688802	Eb3	46	80	0
635	210.436198	212.279948	F3	46	80	0
636	212.290365	213.319010	F3	44	80	0
637	214.264323	214.819010	D5	55	80	0
638	214.294271	216.658854	F3	37	80	0
639	214.315104	216.639323	Bb2	29	80	0
640	214.315104	216.579427	D3	26	80	0
641	214.799479	214.903646	Eb5	57	80	0
642	214.901042	214.983073	D5	60	80	0
643	215.002604	215.093750	C5	69	80	0
644	215.104167	215.535156	D5	75	80	0
645	215.602865	215.882812	Eb5	78	80	0
646	215.903646	216.529948	F5	69	80	0
647	217.585938	219.759115	Bb3	62	80	0
648	217.605469	219.000000	D3	46	80	0
649	217.606771	219.319010	Bb1	42	80	0
650	217.608073	219.000000	Bb2	46	80	0
651	219.595052	222.500000	A3	58	80	0
652	219.605469	222.500000	Eb3	59	80	0
653	219.608073	222.500000	F2	47	80	0
654	219.613281	222.500000	C3	50	80	0
655	221.114583	222.019531	F3	71	80	0
656	221.395833	222.878906	F#3	69	80	0
657	223.222656	223.688802	F#3	55	80	0
658	225.062500	225.584635	A5	70	80	0
659	225.071615	227.878906	Eb4	51	80	0
660	225.080729	227.438802	C4	42	80	0
661	225.089844	226.878906	F#3	42	80	0
662	225.584635	225.682292	Bb5	67	80	0
663	225.680990	225.753906	A5	71	80	0
664	225.772135	225.912760	G5	80	80	0
665	225.861979	226.509115	A5	89	80	0
666	226.423177	226.919271	Bb5	93	80	0
667	226.782552	227.479167	C6	81	80	0
668	226.783854	228.149740	F3	41	80	0
669	228.457031	230.769531	Eb4	64	80	0
670	228.463542	229.949219	C4	52	80	0
671	228.484375	229.839844	F3	38	80	0
672	228.484375	229.829427	A2	36	80	0
673	230.457031	234.569010	D4	71	80	0
674	230.464844	234.359375	Bb2	58	80	0
675	230.464844	232.709635	G#3	64	80	0
676	230.466146	230.479167	Bb1	53	80	0
677	230.470052	234.299479	F3	60	80	0
678	231.957031	232.539062	Bb3	76	80	0
679	232.274740	234.049479	B3	83	80	0
680	234.063802	234.628906	B3	79	80	0
681	235.805990	236.309896	D5	71	80	0
682	235.813802	237.899740	F4	54	80	0
683	235.822917	237.848958	G#4	59	80	0
684	235.832031	237.500000	B3	58	80	0
685	236.305990	236.408854	Eb5	76	80	0
686	236.397135	236.467448	D5	80	80	0
687	236.473958	236.579427	C5	85	80	0
688	236.566406	237.065104	D5	93	80	0
689	237.029948	237.324219	Eb5	101	80	0
690	237.303385	238.039062	F5	99	80	0
691	237.350260	238.269531	Bb3	65	80	0
692	238.963542	240.089844	F5	96	80	0
693	238.973958	240.119792	G#4	93	80	0
694	238.988281	240.959635	Bb3	77	80	0
695	238.994792	240.199219	D3	53	80	0
696	240.924479	242.697917	F5	68	80	0
697	240.951823	243.299479	G4	53	80	0
698	240.973958	241.899740	Bb3	51	80	0
699	240.973958	243.389323	Eb3	37	80	0
700	241.812500	242.686198	B3	54	80	0
701	242.606771	243.158854	C4	41	80	0
702	242.606771	243.199219	Eb5	58	80	0
703	243.343750	244.139323	D5	80	80	0
704	243.356771	243.919271	Bb4	65	80	0
705	243.360677	244.079427	D4	65	80	0
706	243.373698	244.019531	F3	52	80	0
707	244.102865	244.609375	C5	86	80	0
708	244.105469	244.869792	Eb4	73	80	0
709	244.105469	244.639323	Bb4	82	80	0
710	244.105469	244.699219	G3	64	80	0
711	244.830729	245.639323	E4	89	80	0
712	244.832031	245.339844	C5	90	80	0
713	244.833333	245.209635	Bb4	91	80	0
714	244.835938	247.079427	G3	73	80	0
715	245.294271	246.339844	Bb4	75	80	0
716	245.402344	248.438802	F3	49	80	0
717	245.404948	245.539062	C5	69	80	0
718	245.552083	245.605469	C5	70	80	0
719	245.613281	245.680990	D5	74	80	0
720	245.648438	247.279948	E4	61	80	0
721	245.691406	245.765625	C5	76	80	0
722	245.783854	245.845052	D5	72	80	0
723	245.873698	245.923177	C5	76	80	0
724	245.934896	245.993490	D5	75	80	0
725	246.014323	246.076823	C5	79	80	0
726	246.092448	246.259115	D5	77	80	0
727	246.164062	246.253906	C5	79	80	0
728	246.266927	246.343750	B4	79	80	0
729	246.363281	246.549479	C5	75	80	0
730	246.472656	247.003906	D5	68	80	0
731	247.001302	247.319010	C5	69	80	0
732	247.574219	248.869792	C5	44	80	0
733	247.576823	250.908854	A4	43	80	0
734	247.592448	248.669271	F4	31	80	0
735	249.544271	249.889323	F3	43	80	0
736	249.811198	250.104167	G3	42	80	0
737	250.000000	250.186198	F3	55	80	0
738	250.197917	250.423177	E3	63	80	0
739	250.378906	250.546875	F3	66	80	0
740	250.553385	250.740885	G3	61	80	0
741	250.554688	250.743490	Eb3	59	80	0
742	250.746094	251.179688	A3	70	80	0
743	250.748698	251.109375	C3	62	80	0
744	251.167969	254.209635	Bb3	75	80	0
745	251.175781	252.419271	D3	62	80	0
746	251.179688	253.019531	Bb2	65	80	0
747	252.753906	253.049479	Eb3	67	80	0
748	252.755208	253.059896	C3	52	80	0
749	253.003906	254.319010	F3	75	80	0
750	253.013021	254.339844	D3	59	80	0
751	253.260417	253.453125	Bb5	67	80	0
752	253.444010	253.729167	D6	73	80	0
753	253.605469	253.795573	Bb5	78	80	0
754	253.795573	253.985677	F5	62	80	0
755	253.970052	254.154948	Bb5	80	80	0
756	254.145833	254.334635	D5	69	80	0
757	254.324219	254.539062	F5	76	80	0
758	254.485677	254.750000	Bb4	77	80	0
759	254.511719	255.479167	F3	53	80	0
760	254.515625	255.750000	D3	51	80	0
761	254.666667	254.908854	D5	60	80	0
762	254.845052	255.014323	F4	55	80	0
763	255.013021	255.479167	Bb4	72	80	0
764	255.173177	255.333333	D4	59	80	0
765	255.364583	255.639323	F4	52	80	0
766	255.523438	255.799479	Bb3	56	80	0
767	255.710938	255.959635	D4	43	80	0
768	255.893229	256.339844	D5	68	80	0
769	255.903646	256.239583	F3	41	80	0
770	256.076823	256.459635	Bb3	54	80	0
771	256.244792	256.628906	D3	49	80	0
772	256.325521	256.445312	Eb5	73	80	0
773	256.420573	256.679688	F3	55	80	0
774	256.424479	256.497396	D5	68	80	0
775	256.509115	256.604167	C5	81	80	0
776	256.575521	256.938802	Bb2	64	80	0
777	256.582031	257.102865	D5	89	80	0
778	256.755208	257.089844	D3	49	80	0
779	256.924479	257.299479	F2	57	80	0
780	257.066406	257.337240	Eb5	98	80	0
781	257.096354	257.299479	Bb2	65	80	0
782	257.281250	257.479167	D2	57	80	0
783	257.302083	258.049479	F5	92	80	0
784	257.493490	257.899740	Bb1	59	80	0
785	257.649740	257.829427	D2	52	80	0
786	257.816406	257.983073	F2	53	80	0
787	257.994792	258.359375	Bb2	58	80	0
788	258.165365	258.509115	D2	53	80	0
789	258.343750	258.809896	F2	63	80	0
790	258.520833	258.829427	Bb2	68	80	0
791	258.656250	259.229167	D3	61	80	0
792	258.746094	260.459635	Bb3	96	80	0
793	258.933594	259.269531	Bb2	53	80	0
794	259.089844	259.234375	F2	55	80	0
795	259.253906	259.519531	D2	54	80	0
796	259.446615	260.079427	Bb2	64	80	0
797	259.639323	259.899740	F2	63	80	0
798	259.832031	260.039062	D2	57	80	0
799	260.002604	260.348958	Bb1	72	80	0
800	260.394531	263.968750	A3	72	80	0
801	260.402344	260.799479	F2	62	80	0
802	260.402344	262.119792	Eb3	74	80	0
803	260.406250	262.209635	C3	68	80	0
804	261.847656	262.218750	F3	75	80	0
805	261.854167	262.199219	D3	63	80	0
806	262.122396	263.539062	F#3	83	80	0
807	262.126302	263.539062	Eb3	66	80	0
808	262.348958	262.609375	C6	66	80	0
809	262.526042	262.878906	Eb6	85	80	0
810	262.699219	262.959635	C6	80	80	0
811	262.876302	263.128906	A5	86	80	0
812	263.063802	263.438802	C6	64	80	0
813	263.229167	263.434896	F#5	75	80	0
814	263.403646	264.059896	A5	80	80	0
815	263.583333	263.839844	Eb5	73	80	0
816	263.605469	266.019531	Eb3	60	80	0
817	263.611979	265.809896	F#3	66	80	0
818	263.753906	264.718750	F#5	70	80	0
819	263.925781	264.113281	C5	61	80	0
820	264.092448	264.628906	Eb5	84	80	0
821	264.255208	264.428385	A4	70	80	0
822	264.424479	264.709635	C5	73	80	0
823	264.595052	264.848958	F#4	70	80	0
824	264.748698	264.979167	A4	71	80	0
825	264.933594	265.429688	C6	84	80	0
826	264.936198	265.259115	Eb4	61	80	0
827	265.114583	265.339844	F#4	59	80	0
828	265.278646	265.609375	C4	56	80	0
829	265.388021	265.473958	D6	71	80	0
830	265.453125	265.598958	C6	75	80	0
831	265.536458	265.718750	B5	88	80	0
832	265.595052	265.968750	A3	61	80	0
833	265.611979	266.309896	C6	90	80	0
834	265.760417	265.989583	C4	62	80	0
835	265.932292	266.299479	F#3	71	80	0
836	266.084635	266.367188	D6	101	80	0
837	266.085938	266.609375	A3	83	80	0
838	266.290365	267.598958	C3	72	80	0
839	266.325521	267.619792	Eb6	104	80	0
840	266.483073	266.859375	F#3	73	80	0
841	266.644531	267.500000	Eb3	78	80	0
842	266.824219	267.128906	A3	76	80	0
843	267.001302	267.359375	F#3	87	80	0
844	267.173177	267.399740	C4	77	80	0
845	267.343750	267.908854	A3	88	80	0
846	267.502604	268.000000	F#3	90	80	0
847	267.704427	270.039062	F#4	97	80	0
848	267.707031	270.009115	Eb4	95	80	0
849	267.710938	269.109375	C4	82	80	0
850	267.895833	268.119792	Eb3	58	80	0
851	268.076823	269.188802	Bb2	80	80	0
852	268.255208	268.628906	F#3	81	80	0
853	268.432292	268.889323	Eb3	77	80	0
854	268.622396	269.049479	Bb3	82	80	0
855	268.812500	269.509115	F#3	68	80	0
856	269.003906	269.989583	Eb3	85	80	0
857	269.342448	272.459635	F4	89	80	0
858	269.359375	269.899740	A2	57	80	0
859	269.359375	269.959635	C4	70	80	0
860	270.128906	270.789062	C4	85	80	0
861	270.145833	270.878906	A3	66	80	0
862	270.744792	271.089844	D4	89	80	0
863	270.746094	271.139323	B3	77	80	0
864	270.963542	272.378906	C4	76	80	0
865	270.963542	272.289062	Eb4	83	80	0
866	271.179688	271.386719	C6	68	80	0
867	271.368490	271.535156	Eb6	80	80	0
868	271.523438	271.725260	C6	75	80	0
869	271.695312	271.968750	A5	90	80	0
870	271.860677	272.054688	C6	85	80	0
871	272.026042	272.217448	Eb5	91	80	0
872	272.196615	272.598958	A5	90	80	0
873	272.375000	272.584635	C5	81	80	0
874	272.385417	272.889323	Eb4	68	80	0
875	272.393229	273.119792	C4	65	80	0
876	272.559896	272.829427	Eb5	88	80	0
877	272.723958	272.979167	A4	79	80	0
878	272.881510	273.438802	C5	85	80	0
879	273.058594	273.408854	Eb4	67	80	0
880	273.207031	273.549479	A4	76	80	0
881	273.376302	273.739583	C6	96	80	0
882	273.384115	273.729167	C4	67	80	0
883	273.563802	273.878906	Eb4	78	80	0
884	273.734375	273.903646	A3	71	80	0
885	273.748698	274.209635	C6	97	80	0
886	273.907552	274.074219	C4	68	80	0
887	274.078125	274.231771	F3	74	80	0
888	274.195312	274.389323	D6	89	80	0
889	274.231771	274.449219	A3	58	80	0
890	274.273438	274.429688	C6	92	80	0
891	274.363281	274.475260	B5	99	80	0
892	274.419271	274.601562	C3	70	80	0
893	274.442708	274.989583	C6	101	80	0
894	274.604167	274.769531	F3	79	80	0
895	274.753906	275.109375	A2	80	80	0
896	274.916667	275.139323	C3	69	80	0
897	274.917969	275.144531	D6	107	80	0
898	275.080729	275.263021	F2	78	80	0
899	275.088542	275.750000	Eb6	106	80	0
900	275.274740	275.479167	A2	66	80	0
901	275.427083	275.718750	C2	71	80	0
902	275.605469	275.949219	F2	70	80	0
903	275.765625	276.250000	A1	77	80	0
904	275.934896	276.438802	C2	81	80	0
905	276.101562	276.688802	F1	80	80	0
906	276.261719	276.569010	A1	87	80	0
907	276.489583	278.098958	Eb5	107	80	0
908	276.489583	277.949219	A4	99	80	0
909	276.494792	278.039062	C5	90	80	0
910	276.707031	277.079427	F#1	65	80	0
911	276.877604	277.109375	A1	64	80	0
912	277.075521	277.500000	C2	70	80	0
913	277.263021	277.549479	F#2	81	80	0
914	277.450521	277.799479	A2	79	80	0
915	277.609375	277.839844	C3	77	80	0
916	277.785156	278.039062	F#3	80	80	0
917	278.061198	279.519531	D5	80	80	0
918	278.063802	278.938802	Bb4	69	80	0
919	278.183594	278.569010	G1	61	80	0
920	278.188802	278.348958	G2	58	80	0
921	278.364583	278.539062	Bb1	64	80	0
922	278.545573	278.748698	D2	66	80	0
923	278.734375	279.158854	G2	74	80	0
924	278.888021	279.449219	Bb2	83	80	0
925	279.053385	279.479167	D3	83	80	0
926	279.223958	279.688802	G3	87	80	0
927	279.425781	280.218750	G5	105	80	0
928	279.606771	279.938802	E2	74	80	0
929	279.800781	280.079427	G2	76	80	0
930	279.963542	280.289062	Bb2	80	80	0
931	280.141927	280.419271	E3	78	80	0
932	280.302083	280.485677	G3	88	80	0
933	280.488281	280.809896	Bb3	90	80	0
934	280.644531	280.832031	G3	79	80	0
935	280.835938	281.188802	C#4	90	80	0
936	280.843750	281.679688	G4	89	80	0
937	280.845052	282.500000	C#5	90	80	0
938	280.845052	282.359375	Bb4	86	80	0
939	281.053385	281.239583	Bb3	74	80	0
940	281.222656	281.399740	G3	69	80	0
941	281.375000	281.576823	E3	74	80	0
942	281.582031	281.979167	C#3	68	80	0
943	281.789062	282.750000	Bb2	68	80	0
944	282.002604	282.779948	G2	64	80	0
945	282.235677	282.688802	E2	61	80	0
946	282.535156	284.559896	F5	96	80	0
947	282.752604	283.209635	F2	61	80	0
948	282.945312	283.369792	Bb2	73	80	0
949	283.108073	283.294271	D3	73	80	0
950	283.299479	283.440104	F3	77	80	0
951	283.449219	283.799479	D3	61	80	0
952	283.661458	283.968750	Bb2	59	80	0
953	283.869792	284.100260	F2	53	80	0
954	284.084635	285.139323	D5	74	80	0
955	284.089844	285.179688	Bb4	63	80	0
956	284.089844	285.199219	F4	62	80	0
957	284.265625	284.699219	F2	44	80	0
958	284.407552	284.829427	Bb2	65	80	0
959	284.598958	284.794271	D3	63	80	0
960	284.774740	285.019531	F3	74	80	0
961	284.933594	285.106771	D3	70	80	0
962	285.118490	285.378906	Bb2	71	80	0
963	285.292969	285.628906	F2	80	80	0
964	285.500000	286.549479	Eb4	69	80	0
965	285.501302	286.769531	A4	69	80	0
966	285.501302	286.979167	C4	68	80	0
967	285.503906	286.789062	F4	66	80	0
968	285.503906	285.718750	Eb3	70	80	0
969	285.674479	285.968750	C3	71	80	0
970	285.863281	286.013021	A2	77	80	0
971	286.035156	286.205729	F2	71	80	0
972	286.214844	286.348958	Eb2	67	80	0
973	286.393229	286.501302	C2	65	80	0
974	286.570312	286.726562	A1	55	80	0
975	286.761719	286.994792	F1	50	80	0
976	287.036458	287.369792	Bb3	48	80	0
977	287.040365	287.334635	Bb4	53	80	0
978	287.046875	287.338542	F4	44	80	0
979	287.052083	287.339844	D4	48	80	0
980	287.053385	287.334635	Bb2	48	80	0
981	287.059896	287.329427	Bb1	46	80	0
982	288.444010	288.501302	Bb2	41	80	0
983	288.531250	288.649740	Bb1	46	80	0
984	288.609375	288.661458	Bb2	53	80	0
985	288.662760	288.709635	Bb1	51	80	0
986	289.917969	290.029948	Bb2	34	80	0
987	289.986979	290.048177	Bb1	55	80	0
988	290.072917	290.154948	Bb2	53	80	0
989	290.165365	290.199219	Bb1	48	80	0
990	291.393229	291.444010	Bb2	44	80	0
991	291.472656	291.527344	Bb1	52	80	0
992	291.552083	291.649740	Bb2	55	80	0
993	291.649740	293.628906	F4	48	80	0
994	291.658854	293.449219	G#3	47	80	0
995	291.660156	292.000000	Bb2	50	80	0
996	291.662760	291.708333	Bb1	48	80	0
997	291.665365	291.878906	D4	39	80	0
998	293.345052	295.128906	Eb4	52	80	0
999	293.365885	294.929688	Bb3	42	80	0
1000	293.367188	294.789062	G3	38	80	0
1001	294.925781	296.669271	D4	55	80	0
1002	294.934896	296.359375	F#3	52	80	0
1003	294.934896	296.359375	Bb3	56	80	0
1004	296.682292	298.509115	D4	58	80	0
1005	296.688802	300.408854	Bb3	56	80	0
1006	296.691406	298.229167	F#3	47	80	0
1007	298.123698	298.239583	Bb2	59	80	0
1008	298.209635	298.378906	Bb1	55	80	0
1009	298.292969	298.364583	Bb2	54	80	0
1010	298.384115	298.468750	Bb1	53	80	0
1011	298.385417	300.309896	Eb4	53	80	0
1012	298.393229	298.841146	G3	47	80	0
1013	299.638021	299.697917	Bb2	50	80	0
1014	299.733073	299.848958	Bb1	48	80	0
1015	299.816406	299.882812	Bb2	55	80	0
1016	299.894531	299.959635	Bb1	56	80	0
1017	301.171875	301.216146	Bb2	51	80	0
1018	301.263021	301.369792	Bb1	56	80	0
1019	301.332031	301.404948	Bb2	69	80	0
1020	301.441406	301.509115	Bb1	63	80	0
1021	301.442708	303.299479	G#4	79	80	0
1022	301.444010	301.449219	Bb2	62	80	0
1023	301.450521	303.019531	Bb3	65	80	0
1024	301.450521	301.459635	D4	54	80	0
1025	301.451823	301.459635	F4	60	80	0
1026	303.015625	304.750000	G4	70	80	0
1027	303.026042	304.789062	Eb4	55	80	0
1028	303.028646	304.218750	Bb3	59	80	0
1029	304.506510	305.809896	F#4	70	80	0
1030	304.524740	305.649740	D4	55	80	0
1031	304.524740	305.569010	Bb3	57	80	0
1032	306.251302	307.929688	F#4	60	80	0
1033	306.260417	307.839844	D4	46	80	0
1034	306.264323	309.829427	Bb3	47	80	0
1035	307.596354	307.759115	Eb3	44	80	0
1036	307.694010	307.809896	Eb2	48	80	0
1037	307.773438	307.968750	Eb3	58	80	0
1038	307.880208	308.519531	Eb2	52	80	0
1039	307.885417	310.049479	G4	53	80	0
1040	307.886719	310.509115	Eb4	48	80	0
1041	309.127604	309.182292	Eb3	50	80	0
1042	309.223958	309.266927	Eb2	45	80	0
1043	309.316406	309.569010	Eb3	55	80	0
1044	309.402344	309.569010	Eb2	47	80	0
1045	310.062500	310.699219	G4	79	80	0
1046	310.397135	310.457031	Eb3	42	80	0
1047	310.486979	310.628906	Eb2	51	80	0
1048	310.595052	310.789062	Eb3	66	80	0
1049	310.864583	311.079427	Eb2	41	80	0
1050	310.993490	312.799479	Eb5	93	80	0
1051	311.022135	311.649740	G4	66	80	0
1052	312.503906	313.239583	C5	90	80	0
1053	312.509115	313.158854	G4	72	80	0
1054	312.509115	313.259115	Eb4	74	80	0
1055	314.015625	316.098958	Bb4	91	80	0
1056	314.023438	315.438802	D4	72	80	0
1057	314.024740	315.438802	G4	77	80	0
1058	315.963542	318.109375	A4	50	80	0
1059	315.964844	317.979167	C4	37	80	0
1060	315.964844	315.979167	F3	37	80	0
1061	315.967448	318.250000	F4	40	80	0
1062	317.225260	317.369792	F3	38	80	0
1063	317.313802	317.479167	F2	38	80	0
1064	317.430990	317.718750	F3	37	80	0
1065	317.520833	317.579427	F2	28	80	0
1066	317.589844	317.809896	F2	20	80	0
1067	318.324219	318.848958	A4	52	80	0
1068	318.339844	318.769531	F4	33	80	0
1069	318.343750	318.718750	C4	35	80	0
1070	318.343750	318.609375	F3	28	80	0
1071	318.696615	318.878906	F6	54	80	0
1072	318.813802	318.919271	F5	49	80	0
1073	318.886719	319.408854	F6	48	80	0
1074	318.994792	320.079427	Bb4	64	80	0
1075	319.002604	319.149740	F5	50	80	0
1076	319.003906	319.649740	D4	41	80	0
1077	319.010417	319.509115	F4	37	80	0
1078	319.013021	319.019531	Bb3	37	80	0
1079	319.740885	320.348958	C5	68	80	0
1080	319.751302	320.449219	A4	49	80	0
1081	319.753906	320.348958	Eb4	48	80	0
1082	319.755208	320.348958	F4	42	80	0
1083	320.625000	322.098958	C5	64	80	0
1084	320.647135	321.549479	Eb4	45	80	0
1085	320.647135	322.158854	F4	41	80	0
1086	321.833333	322.222656	A4	59	80	0
1087	321.837240	321.915365	F3	40	80	0
1088	321.842448	322.069010	C#4	43	80	0
1089	321.944010	322.500000	F2	27	80	0
1090	322.045573	322.569010	F3	33	80	0
1091	322.213542	322.759115	Bb4	62	80	0
1092	322.217448	322.688802	D4	44	80	0
1093	322.942708	323.489583	Bb4	73	80	0
1094	322.954427	325.529948	D4	45	80	0
1095	322.954427	323.519531	F4	43	80	0
1096	323.346354	323.529948	F6	69	80	0
1097	323.463542	323.589844	F5	62	80	0
1098	323.544271	323.688802	F6	70	80	0
1099	323.606771	324.209635	C5	78	80	0
1100	323.611979	324.279948	A4	74	80	0
1101	323.614583	324.199219	F4	57	80	0
1102	323.618490	323.729167	F5	64	80	0
1103	324.316406	325.039062	D5	88	80	0
1104	324.329427	324.968750	Bb4	71	80	0
1105	324.332031	325.029948	F4	61	80	0
1106	325.093750	326.359375	D5	89	80	0
1107	325.104167	327.098958	F4	66	80	0
1108	325.104167	326.378906	Bb4	75	80	0
1109	326.227865	326.619792	B4	85	80	0
1110	326.234375	326.589844	G#4	78	80	0
1111	326.234375	326.325521	F3	61	80	0
1112	326.334635	326.519531	F2	65	80	0
1113	326.438802	326.819010	F3	72	80	0
1114	326.532552	326.839844	F2	65	80	0
1115	326.583333	327.049479	C5	85	80	0
1116	326.583333	327.059896	A4	75	80	0
1117	327.283854	327.889323	C5	88	80	0
1118	327.285156	327.829427	A4	86	80	0
1119	327.286458	327.859375	F4	76	80	0
1120	327.674479	327.848958	F6	94	80	0
1121	327.786458	327.855469	F5	88	80	0
1122	327.856771	327.968750	F6	94	80	0
1123	327.930990	328.479167	D5	101	80	0
1124	327.934896	328.479167	F4	89	80	0
1125	327.936198	328.649740	Bb4	94	80	0
1126	327.936198	328.489583	F5	98	80	0
1127	328.638021	329.309896	Eb5	107	80	0
1128	328.641927	329.269531	F4	99	80	0
1129	328.643229	329.179688	C5	100	80	0
1130	329.473958	330.279948	Eb5	104	80	0
1131	329.475260	330.389323	F4	92	80	0
1132	329.475260	330.059896	C5	93	80	0
1133	330.584635	330.766927	C#5	100	80	0
1134	330.593750	331.039062	A4	96	80	0
1135	330.608073	330.680990	F3	83	80	0
1136	330.713542	331.089844	F2	78	80	0
1137	330.807292	331.049479	F3	85	80	0
1138	330.924479	331.569010	D5	95	80	0
1139	330.925781	331.509115	Bb4	98	80	0
1140	331.641927	332.329427	D5	102	80	0
1141	331.644531	332.299479	Bb4	102	80	0
1142	331.644531	332.479167	F4	92	80	0
1143	332.058594	332.144531	F6	100	80	0
1144	332.165365	332.429688	F5	86	80	0
1145	332.246094	332.359375	F6	92	80	0
1146	332.351562	333.019531	E5	101	80	0
1147	332.352865	332.848958	Bb4	100	80	0
1148	332.352865	332.839844	C#5	97	80	0
1149	332.352865	332.968750	G4	100	80	0
1150	333.213542	333.628906	E5	102	80	0
1151	333.214844	334.039062	Bb4	103	80	0
1152	333.216146	334.128906	G4	99	80	0
1153	333.216146	334.029948	C#5	98	80	0
1154	333.555990	333.729167	F6	94	80	0
1155	333.653646	333.752604	F5	97	80	0
1156	333.736979	334.019531	F6	94	80	0
1157	334.049479	334.669271	F5	75	80	0
1158	334.055990	334.688802	A4	67	80	0
1159	334.067708	334.679688	C5	68	80	0
1160	335.001302	335.848958	C5	54	80	0
1161	335.007812	335.979167	A4	52	80	0
1162	335.014323	336.259115	F4	42	80	0
1163	335.406250	335.598958	F3	53	80	0
1164	335.575521	335.899740	F2	56	80	0
1165	335.783854	336.039062	F3	73	80	0
1166	336.415365	337.039062	C5	86	80	0
1167	336.416667	337.009115	A4	86	80	0
1168	336.420573	337.109375	F4	66	80	0
1169	336.752604	337.000000	F6	90	80	0
1170	336.880208	336.962240	F5	79	80	0
1171	337.095052	337.239583	F6	87	80	0
1172	337.098958	337.799479	E5	89	80	0
1173	337.102865	337.289062	E6	86	80	0
1174	337.106771	337.509115	Bb4	76	80	0
1175	337.106771	337.598958	G4	73	80	0
1176	337.944010	338.889323	C5	86	80	0
1177	337.945312	338.468750	Bb4	83	80	0
1178	337.947917	338.519531	G4	65	80	0
1179	338.703125	340.059896	F5	79	80	0
1180	338.710938	339.389323	A4	70	80	0
1181	338.713542	339.438802	F4	58	80	0
1182	339.625000	340.709635	A4	60	80	0
1183	339.625000	340.619792	C5	58	80	0
1184	339.627604	340.829427	F4	44	80	0
1185	340.023438	340.179688	F3	64	80	0
1186	340.182292	340.489583	F2	55	80	0
1187	340.382812	340.649740	F3	67	80	0
1188	341.087240	341.729167	C5	87	80	0
1189	341.092448	341.679688	A4	79	80	0
1190	341.093750	341.739583	F4	66	80	0
1191	341.429688	341.658854	F6	83	80	0
1192	341.565104	341.645833	F5	73	80	0
1193	341.776042	341.949219	F6	86	80	0
1194	341.787760	342.139323	E5	83	80	0
1195	341.789062	341.938802	E6	83	80	0
1196	341.804688	342.128906	Bb4	67	80	0
1197	341.805990	342.158854	G4	60	80	0
1198	342.643229	343.218750	Bb4	78	80	0
1199	342.643229	343.609375	C5	82	80	0
1200	342.644531	343.188802	G4	59	80	0
1201	343.434896	344.069010	F5	73	80	0
1202	343.451823	344.029948	A4	63	80	0
1203	343.451823	343.971354	F4	53	80	0
1204	344.217448	345.869792	C5	74	80	0
1205	344.229167	345.468750	F4	56	80	0
1206	344.230469	345.279948	A4	66	80	0
1207	344.609375	344.684896	F3	49	80	0
1208	344.753906	345.649740	F2	48	80	0
1209	344.929688	345.679688	F3	52	80	0
1210	345.720052	347.979167	A4	69	80	0
1211	345.735677	346.699219	C4	45	80	0
1212	345.740885	346.989583	F4	45	80	0
1213	346.101562	346.239583	F3	38	80	0
1214	346.244792	346.579427	F2	39	80	0
1215	346.433594	347.109375	F3	45	80	0
1216	347.265625	348.579427	F4	39	80	0
1217	347.283854	349.039062	C4	32	80	0
1218	347.285156	348.938802	A3	32	80	0
1219	347.691406	347.774740	F3	36	80	0
1220	347.834635	348.419271	F2	34	80	0
1221	348.031250	348.878906	F3	36	80	0
1222	348.809896	350.109375	F4	54	80	0
1223	349.572917	350.549479	E4	76	80	0
1224	350.367188	351.809896	F4	77	80	0
1225	350.373698	351.329427	Eb4	78	80	0
1226	351.132812	351.869792	D4	81	80	0
1227	351.526042	351.730469	G4	82	80	0
1228	351.708333	351.925781	A4	83	80	0
1229	351.894531	352.069010	Bb4	88	80	0
1230	351.901042	352.244792	C4	74	80	0
1231	351.902344	352.252604	Eb4	73	80	0
1232	352.055990	352.229167	C5	94	80	0
1233	352.217448	352.424479	D5	91	80	0
1234	352.386719	352.514323	Eb5	98	80	0
1235	352.665365	353.022135	Bb2	39	80	0
1236	352.794271	356.009115	F5	79	80	0
1237	353.671875	355.408854	Bb3	32	80	0
1238	354.513021	356.119792	Bb4	46	80	0
1239	354.522135	356.179688	D4	27	80	0
1240	354.528646	356.109375	F4	26	80	0
1241	355.416667	356.459635	Bb3	31	80	0
1242	356.035156	356.329427	D5	63	80	0
1243	356.257812	358.069010	Bb5	73	80	0
1244	356.286458	357.899740	Eb4	42	80	0
1245	356.287760	357.279948	G4	41	80	0
1246	356.291667	359.250000	Bb4	53	80	0
1247	357.199219	358.468750	Bb3	36	80	0
1248	357.776042	358.045573	G5	75	80	0
1249	358.023438	360.628906	F5	74	80	0
1250	358.054688	359.079427	D4	36	80	0
1251	358.057292	359.128906	F4	35	80	0
1252	358.843750	360.019531	Bb3	46	80	0
1253	359.618490	361.158854	Bb4	63	80	0
1254	359.625000	360.750000	D4	38	80	0
1255	359.627604	360.889323	F4	35	80	0
1256	360.488281	361.119792	Bb3	50	80	0
1257	361.054688	361.419271	D5	77	80	0
1258	361.296875	362.979167	Eb5	82	80	0
1259	361.316406	362.218750	Bb4	61	80	0
1260	361.325521	362.459635	G3	47	80	0
1261	361.325521	361.569010	Bb3	49	80	0
1262	362.069010	363.059896	G4	74	80	0
1263	362.085938	362.968750	Eb3	49	80	0
1264	362.626302	363.001302	C5	87	80	0
1265	362.933594	366.299479	Bb4	84	80	0
1266	362.936198	363.244792	F2	43	80	0
1267	363.714844	364.539062	D4	74	80	0
1268	363.721354	365.359375	F3	57	80	0
1269	364.533854	366.179688	F4	74	80	0
1270	364.544271	365.819010	Bb3	62	80	0
1271	364.545573	366.009115	D4	61	80	0
1272	365.373698	366.188802	F3	60	80	0
1273	366.187500	366.669271	D5	75	80	0
1274	366.194010	369.619792	F4	60	80	0
1275	366.195312	367.250000	A3	56	80	0
1276	366.195312	367.449219	C4	58	80	0
1277	366.203125	366.968750	F3	49	80	0
1278	366.626302	367.020833	C5	88	80	0
1279	366.975260	367.500000	Bb4	89	80	0
1280	366.984375	367.589844	F3	48	80	0
1281	367.373698	367.658854	C5	94	80	0
1282	367.596354	369.519531	Bb2	38	80	0
1283	367.834635	369.529948	C5	78	80	0
1284	367.834635	369.119792	A3	58	80	0
1285	367.839844	368.239583	F3	42	80	0
1286	368.776042	370.348958	F3	46	80	0
1287	369.381510	369.723958	C#5	64	80	0
1288	369.686198	370.489583	D5	54	80	0
1289	369.722656	370.348958	F4	25	80	0
1290	369.723958	370.979167	Bb3	33	80	0
1291	370.476562	371.339844	D3	54	80	0
1292	371.260417	371.983073	Eb3	63	80	0
1293	371.446615	371.718750	F4	72	80	0
1294	371.644531	371.722656	G4	77	80	0
1295	371.813802	371.885417	A4	83	80	0
1296	371.986979	372.044271	Bb4	84	80	0
1297	371.986979	372.567708	C3	63	80	0
1298	372.152344	372.216146	C5	92	80	0
1299	372.312500	372.372396	D5	86	80	0
1300	372.473958	372.574219	Eb5	93	80	0
1301	372.614583	373.619792	Bb2	46	80	0
1302	372.778646	374.649740	F5	70	80	0
1303	373.604167	375.279948	Bb3	49	80	0
1304	373.968750	374.579427	A4	63	80	0
1305	374.472656	377.500000	Bb4	58	80	0
1306	374.475260	375.739583	D4	37	80	0
1307	374.476562	375.619792	F4	38	80	0
1308	375.285156	376.609375	Bb3	48	80	0
1309	375.869792	376.179688	D5	71	80	0
1310	376.093750	377.968750	Bb5	78	80	0
1311	376.115885	377.049479	G4	44	80	0
1312	376.125000	377.479167	Eb4	44	80	0
1313	376.996094	378.329427	Bb3	50	80	0
1314	377.566406	377.843750	G5	73	80	0
1315	377.817708	380.359375	F5	71	80	0
1316	377.835938	379.149740	F4	40	80	0
1317	377.841146	379.089844	D4	39	80	0
1318	378.645833	380.239583	Bb3	47	80	0
1319	379.018229	379.569010	A4	64	80	0
1320	379.485677	380.889323	Bb4	64	80	0
1321	379.503906	380.468750	D4	43	80	0
1322	379.507812	380.750000	F4	42	80	0
1323	380.303385	381.049479	Bb3	61	80	0
1324	380.855469	381.127604	D5	80	80	0
1325	381.059896	381.679688	F5	83	80	0
1326	381.071615	381.889323	Bb4	72	80	0
1327	381.075521	382.039062	G3	60	80	0
1328	381.473958	382.209635	Eb5	91	80	0
1329	381.805990	382.609375	Eb3	70	80	0
1330	381.807292	382.378906	G4	82	80	0
1331	382.138021	382.729167	C5	99	80	0
1332	382.674479	384.649740	Bb4	91	80	0
1333	382.682292	383.299479	D4	71	80	0
1334	382.684896	385.229167	F3	66	80	0
1335	383.464844	384.069010	D4	85	80	0
1336	383.464844	384.759115	Bb3	83	80	0
1337	384.253906	385.179688	F4	87	80	0
1338	384.256510	384.759115	D4	84	80	0
1339	385.015625	385.429688	D4	85	80	0
1340	385.015625	385.429688	Bb3	85	80	0
1341	385.842448	388.489583	F4	89	80	0
1342	385.854167	386.639323	A3	87	80	0
1343	385.854167	387.169271	C4	84	80	0
1344	385.869792	387.500000	F2	68	80	0
1345	385.873698	387.429688	F1	70	80	0
1346	386.766927	387.500000	A3	78	80	0
1347	386.768229	387.329427	F3	74	80	0
1348	387.824219	388.216146	D4	42	80	0
1349	387.826823	388.408854	Bb3	40	80	0
1350	387.832031	388.217448	F3	38	80	0
1351	387.834635	388.209635	Bb2	40	80	0
1352	387.837240	388.250000	Bb1	35	80	0
1353	389.158854	389.222656	Bb2	48	80	0
1354	389.253906	389.378906	Bb1	50	80	0
1355	389.342448	389.385417	Bb2	54	80	0
1356	389.385417	389.429688	Bb1	47	80	0
1357	390.578125	390.625000	Bb2	38	80	0
1358	390.662760	390.712240	Bb1	47	80	0
1359	390.744792	390.805990	Bb2	49	80	0
1360	390.843750	390.894531	Bb1	50	80	0
1361	391.602865	392.158854	Bb3	51	80	0
1362	392.417969	394.079427	Bb3	55	80	0
1363	393.816406	393.929688	Bb2	37	80	0
1364	393.904948	394.279948	Bb1	41	80	0
1365	393.976562	394.098958	Bb2	60	80	0
1366	394.078125	396.459635	B3	54	80	0
1367	394.104167	397.500000	G#3	43	80	0
1368	394.106771	396.329427	F3	41	80	0
1369	394.113281	396.919271	D3	42	80	0
1370	395.453125	395.510417	Bb2	42	80	0
1371	395.552083	395.750000	Bb1	36	80	0
1372	395.662760	397.319010	Bb2	51	80	0
1373	395.759115	397.500000	Bb1	43	80	0
1374	396.466146	397.289062	B3	62	80	0
1375	397.295573	398.859375	B3	68	80	0
1376	398.638021	398.759115	Bb2	47	80	0
1377	398.726562	398.919271	Bb1	47	80	0
1378	398.834635	398.919271	Bb2	44	80	0
1379	398.916667	401.069010	D4	69	80	0
1380	398.924479	399.468750	Bb1	50	80	0
1381	398.925781	399.269531	Bb2	52	80	0
1382	398.933594	401.408854	G#3	53	80	0
1383	398.933594	399.979167	F3	52	80	0
1384	400.205729	400.309896	Bb2	45	80	0
1385	400.299479	400.509115	Bb1	44	80	0
1386	400.402344	401.729167	Bb2	55	80	0
1387	400.514323	401.759115	Bb1	46	80	0
1388	401.216146	401.779948	D4	76	80	0
1389	401.981771	403.389323	D4	80	80	0
1390	403.145833	403.319010	Bb2	46	80	0
1391	403.235677	404.479167	Bb1	55	80	0
1392	403.333333	404.188802	Bb2	63	80	0
1393	403.433594	404.658854	F4	79	80	0
1394	403.444010	404.500000	D4	59	80	0
1395	403.445312	404.250000	B3	66	80	0
1396	403.449219	404.549479	G#3	66	80	0
1397	404.606771	404.675781	Bb2	55	80	0
1398	404.701823	405.529948	Bb1	51	80	0
1399	404.812500	405.459635	Bb2	64	80	0
1400	404.882812	406.628906	G#4	97	80	0
1401	404.903646	406.309896	B3	75	80	0
1402	404.903646	406.809896	F4	72	80	0
1403	404.910156	407.039062	D4	62	80	0
1404	405.989583	406.057292	Bb2	63	80	0
1405	406.092448	406.289062	Bb1	66	80	0
1406	406.214844	407.218750	Bb2	59	80	0
1407	406.302083	407.059896	Bb1	71	80	0
1408	406.513021	407.789062	B4	97	80	0
1409	407.756510	407.834635	G#3	51	80	0
1410	407.843750	408.019531	Bb2	58	80	0
1411	407.933594	408.609375	G#3	67	80	0
1412	408.031250	408.739583	Bb2	61	80	0
1413	408.037760	409.529948	G#4	72	80	0
1414	408.041667	409.329427	D4	54	80	0
1415	408.044271	409.369792	F4	57	80	0
1416	409.263021	409.337240	G#3	46	80	0
1417	409.356771	409.559896	Bb2	53	80	0
1418	409.464844	409.979167	G#3	56	80	0
1419	409.565104	411.839844	Bb2	45	80	0
1420	409.609375	411.348958	Bb4	79	80	0
1421	409.623698	411.729167	D4	51	80	0
1422	409.625000	411.438802	F4	50	80	0
1423	409.984375	411.149740	G#3	35	80	0
1424	410.356771	411.598958	G#4	88	80	0
1425	411.302083	412.899740	F#4	74	80	0
1426	412.580729	412.739583	Bb2	46	80	0
1427	412.675781	412.869792	Bb1	46	80	0
1428	412.790365	413.549479	Bb2	41	80	0
1429	412.855469	415.329427	G4	66	80	0
1430	412.876302	415.399740	Eb4	47	80	0
1431	412.878906	413.658854	Bb1	46	80	0
1432	412.881510	413.609375	Bb3	51	80	0
1433	414.078125	414.188802	Bb2	55	80	0
1434	414.170573	414.339844	Bb1	49	80	0
1435	414.253906	415.169271	Bb2	58	80	0
1436	414.346354	414.839844	Bb1	54	80	0
1437	415.013021	415.968750	Bb4	96	80	0
1438	415.899740	417.158854	Eb5	103	80	0
1439	417.123698	417.210938	Bb3	82	80	0
1440	417.210938	418.299479	Bb2	72	80	0
1441	417.305990	418.369792	Bb3	85	80	0
1442	417.391927	419.718750	A4	81	80	0
1443	417.393229	421.119792	Eb4	82	80	0
1444	417.393229	421.119792	F#4	80	80	0
1445	418.628906	418.839844	Bb3	62	80	0
1446	418.734375	420.949219	Bb2	59	80	0
1447	418.847656	420.908854	Bb3	59	80	0
1448	418.916667	420.579427	C5	88	80	0
1449	419.731771	421.109375	A4	94	80	0
1450	420.587240	422.569010	C5	92	80	0
1451	421.893229	422.069010	Bb2	52	80	0
1452	421.983073	422.169271	Bb1	58	80	0
1453	422.075521	422.649740	Bb2	57	80	0
1454	422.149740	424.039062	Bb4	87	80	0
1455	422.164062	422.908854	D4	69	80	0
1456	422.174479	422.779948	Bb1	54	80	0
1457	422.175781	423.519531	F4	58	80	0
1458	423.341146	423.404948	Bb2	64	80	0
1459	423.441406	424.479167	Bb1	64	80	0
1460	423.532552	425.218750	Bb2	71	80	0
1461	423.604167	426.000000	G#4	96	80	0
1462	423.604167	425.718750	F4	83	80	0
1463	424.303385	425.479167	D5	100	80	0
1464	425.037760	425.989583	F5	102	80	0
1465	425.867188	426.419271	Eb5	104	80	0
1466	426.295573	426.459635	Bb3	81	80	0
1467	426.406250	427.699219	Bb2	60	80	0
1468	426.472656	427.549479	Bb3	78	80	0
1469	426.506510	427.079427	Bb4	96	80	0
1470	426.509115	427.389323	G4	91	80	0
1471	427.334635	428.279948	A4	92	80	0
1472	427.334635	428.649740	F#4	93	80	0
1473	427.772135	427.968750	Bb3	84	80	0
1474	427.864583	428.089844	Bb2	65	80	0
1475	427.980469	429.039062	Bb3	78	80	0
1476	428.100260	429.579427	Bb2	70	80	0
1477	428.101562	429.229167	C5	87	80	0
1478	428.101562	428.779948	Eb4	90	80	0
1479	428.998698	429.819010	A4	83	80	0
1480	429.000000	429.500000	C4	72	80	0
1481	429.003906	429.799479	F#4	73	80	0
1482	429.005208	429.649740	Eb4	65	80	0
1483	429.471354	429.669271	Bb3	60	80	0
1484	429.585938	429.979167	Bb2	54	80	0
1485	429.714844	429.979167	Bb3	72	80	0
1486	429.954427	432.500000	Bb4	69	80	0
1487	429.977865	431.639323	F4	47	80	0
1488	429.984375	430.319010	D4	52	80	0
1489	429.985677	431.688802	D3	50	80	0
1490	429.985677	432.279948	Bb3	49	80	0
1491	429.992188	433.089844	Bb2	45	80	0
1492	431.604167	432.079427	Eb3	63	80	0
1493	431.610677	432.089844	C3	50	80	0
1494	431.903646	434.079427	F3	66	80	0
1495	431.945312	433.799479	D3	53	80	0
1496	433.803385	435.569010	Eb3	58	80	0
1497	433.804688	435.539062	C3	50	80	0
1498	434.041667	434.195312	F4	60	80	0
1499	434.243490	434.345052	E4	61	80	0
1500	434.442708	434.514323	F4	66	80	0
1501	434.621094	434.694010	G4	79	80	0
1502	434.803385	434.876302	A4	81	80	0
1503	434.997396	435.101562	Bb4	82	80	0
1504	435.201823	435.533854	C5	84	80	0
1505	435.523438	437.098958	D5	79	80	0
1506	435.544271	437.079427	Bb4	60	80	0
1507	435.545573	437.009115	Bb2	51	80	0
1508	435.546875	436.628906	Bb3	55	80	0
1509	435.546875	438.709635	F4	51	80	0
1510	437.035156	437.589844	Eb5	88	80	0
1511	437.039062	437.649740	C5	75	80	0
1512	437.345052	439.348958	F5	80	80	0
1513	437.347656	438.869792	D5	74	80	0
1514	439.265625	441.039062	Eb5	71	80	0
1515	439.274740	440.389323	C5	54	80	0
1516	439.285156	442.188802	F4	39	80	0
1517	439.502604	439.605469	F3	51	80	0
1518	439.723958	439.822917	E3	55	80	0
1519	439.919271	440.007812	F3	62	80	0
1520	440.100260	440.173177	G3	66	80	0
1521	440.279948	440.372396	A3	67	80	0
1522	440.475260	440.563802	Bb3	68	80	0
1523	440.654948	440.979167	C4	73	80	0
1524	440.954427	442.628906	D4	73	80	0
1525	440.963542	442.009115	Bb4	60	80	0
1526	440.967448	442.609375	Bb3	56	80	0
1527	442.524740	442.949219	Eb4	82	80	0
1528	442.527344	442.878906	C4	69	80	0
1529	442.796875	447.500000	F4	84	80	0
1530	442.830729	447.500000	D4	78	80	0
1531	444.520833	447.188802	Bb1	64	80	0
1532	446.984375	451.109375	A1	35	80	0
1533	452.535156	453.059896	C6	53	80	0
1534	453.014323	453.229167	D6	67	80	0
1535	453.166667	453.277344	C6	75	80	0
1536	453.273438	453.459635	B5	84	80	0
1537	453.384115	454.049479	C6	89	80	0
1538	453.934896	454.286458	D6	98	80	0
1539	454.236979	455.188802	Eb6	97	80	0
1540	455.802083	458.209635	F#4	79	80	0
1541	455.812500	457.509115	Eb4	67	80	0
1542	455.813802	457.489583	C4	64	80	0
1543	455.817708	457.908854	Bb3	68	80	0
1544	458.014323	461.079427	F4	46	80	0
1545	458.032552	461.149740	Eb4	45	80	0
1546	458.039062	461.419271	A3	37	80	0
1547	458.041667	461.949219	C4	36	80	0
1548	460.904948	461.182292	G4	38	80	0
1549	461.212240	461.378906	F4	42	80	0
1550	461.411458	461.819010	E4	52	80	0
1551	461.585938	461.734375	F4	56	80	0
1552	461.735677	461.863281	G4	58	80	0
1553	461.894531	461.994792	A4	67	80	0
1554	462.029948	462.075521	Bb4	68	80	0
1555	462.151042	462.253906	C5	68	80	0
1556	462.268229	462.351562	D5	70	80	0
1557	462.360677	462.414062	Eb5	79	80	0
1558	462.473958	462.565104	F5	81	80	0
1559	462.565104	462.632812	G5	73	80	0
1560	462.652344	462.733073	A5	79	80	0
1561	462.735677	462.808594	Bb5	85	80	0
1562	462.843750	463.319010	C6	77	80	0
1563	463.303385	463.401042	D6	76	80	0
1564	463.401042	463.483073	C6	81	80	0
1565	463.476562	463.593750	B5	92	80	0
1566	463.565104	464.209635	C6	99	80	0
1567	464.093750	464.385417	D6	101	80	0
1568	464.351562	465.089844	Eb6	99	80	0
1569	465.994792	467.839844	Eb5	90	80	0
1570	465.998698	468.029948	A4	85	80	0
1571	466.003906	467.949219	C5	79	80	0
1572	466.006510	467.438802	Eb4	78	80	0
1573	466.007812	467.500000	C4	70	80	0
1574	466.014323	467.949219	F#3	69	80	0
1575	467.872396	469.128906	D5	62	80	0
1576	467.881510	468.809896	Bb4	53	80	0
1577	467.902344	468.929688	G3	42	80	0
1578	467.904948	468.829427	Bb3	43	80	0
1579	467.904948	468.779948	D4	38	80	0
1580	469.429688	472.500000	G5	100	80	0
1581	470.123698	470.699219	C#4	93	80	0
1582	470.125000	470.799479	E3	83	80	0
1583	470.125000	470.639323	Bb3	87	80	0
1584	471.014323	471.089844	G4	84	80	0
1585	471.014323	471.468750	Bb4	89	80	0
1586	471.014323	471.569010	C#5	88	80	0
1587	473.201823	475.250000	F5	81	80	0
1588	474.188802	474.989583	F3	29	80	0
1589	474.190104	474.639323	D4	31	80	0
1590	474.191406	474.529948	Bb3	30	80	0
1591	474.981771	475.166667	D5	41	80	0
1592	474.988281	475.167969	Bb4	38	80	0
1593	474.989583	475.147135	F4	26	80	0
1594	474.993490	475.239583	Bb3	28	80	0
1595	475.003906	475.132812	F3	24	80	0
1596	475.783854	475.979167	F2	30	80	0
1597	475.783854	475.934896	F1	29	80	0
1598	476.656250	477.479167	A4	39	80	0
1599	476.664062	477.539062	C4	29	80	0
1600	476.665365	477.239583	Eb4	34	80	0
1601	477.565104	477.677083	F2	34	80	0
1602	477.565104	477.680990	F3	33	80	0
1603	478.644531	479.128906	Bb4	38	80	0
1604	478.654948	478.994792	D4	26	80	0
1605	478.661458	478.992188	Bb3	25	80	0
1606	478.671875	479.039062	Bb2	24	80	0
1607	478.674479	478.989583	Bb1	20	80	0
1608	479.585938	480.649740	F5	50	80	0
1609	479.623698	481.348958	F4	24	80	0
1610	480.476562	481.438802	D5	69	80	0
1611	480.505208	482.479167	D4	38	80	0
1612	481.313802	482.329427	B4	71	80	0
1613	481.328125	482.128906	B3	57	80	0
1614	482.125000	482.959635	Bb4	85	80	0
1615	482.135417	482.938802	Bb3	70	80	0
1616	482.895833	483.649740	G#4	96	80	0
1617	482.902344	483.359375	G#3	85	80	0
1618	483.170573	483.699219	Bb1	48	80	0
1619	483.756510	484.819010	G4	86	80	0
1620	483.773438	485.799479	G3	71	80	0
1621	483.785156	487.489583	Bb2	51	80	0
1622	484.656250	485.389323	Bb4	84	80	0
1623	484.665365	486.139323	Bb3	68	80	0
1624	485.500000	486.869792	Eb4	77	80	0
1625	486.352865	487.339844	G4	82	80	0
1626	486.364583	487.569010	G3	50	80	0
1627	487.255208	489.419271	C4	59	80	0
1628	487.261719	489.279948	C3	44	80	0
1629	488.164062	489.229167	F4	55	80	0
1630	488.178385	489.500000	F3	40	80	0
1631	488.595052	489.529948	Eb4	70	80	0
1632	488.601562	489.479167	Eb3	49	80	0
1633	489.143229	490.438802	D4	62	80	0
1634	489.175781	492.500000	D3	40	80	0
1635	489.178385	492.500000	Bb2	38	80	0
1636	489.993490	492.069010	F4	80	80	0
1637	490.843750	492.039062	D4	81	80	0
1638	491.644531	492.829427	D5	83	80	0
1639	491.647135	492.649740	B3	71	80	0
1640	492.441406	493.839844	Bb3	90	80	0
1641	493.011719	493.109375	Eb5	67	80	0
1642	493.114583	493.192708	D5	77	80	0
1643	493.194010	493.255208	Eb5	71	80	0
1644	493.283854	493.337240	D5	65	80	0
1645	493.287760	494.059896	G#3	69	80	0
1646	493.348958	493.415365	Eb5	84	80	0
1647	493.417969	493.485677	D5	85	80	0
1648	493.494792	493.628906	Eb5	84	80	0
1649	493.571615	493.714844	D5	82	80	0
1650	493.686198	494.029948	C5	91	80	0
1651	493.915365	494.438802	D5	98	80	0
1652	494.214844	495.369792	F5	92	80	0
1653	494.248698	496.729167	G3	68	80	0
1654	494.250000	497.059896	Bb2	56	80	0
1655	495.184896	496.869792	Eb5	80	80	0
1656	495.191406	496.489583	Bb3	72	80	0
1657	496.026042	497.438802	Eb3	65	80	0
1658	496.877604	498.658854	Eb5	87	80	0
1659	496.894531	498.809896	G3	52	80	0
1660	497.820312	499.500000	C3	53	80	0
1661	498.501302	498.571615	Bb4	61	80	0
1662	498.605469	498.658854	A4	60	80	0
1663	498.683594	498.731771	Bb4	69	80	0
1664	498.763021	499.829427	F3	49	80	0
1665	498.764323	498.805990	A4	63	80	0
1666	498.843750	498.894531	Bb4	66	80	0
1667	498.930990	498.972656	A4	64	80	0
1668	498.996094	499.041667	Bb4	68	80	0
1669	499.082031	499.134115	A4	72	80	0
1670	499.164062	499.221354	Bb4	65	80	0
1671	499.165365	499.750000	Eb3	46	80	0
1672	499.240885	499.319010	A4	68	80	0
1673	499.367188	499.436198	G4	65	80	0
1674	499.493490	499.664062	A4	71	80	0
1675	499.700521	500.979167	Bb4	58	80	0
1676	499.735677	500.739583	Bb3	33	80	0
1677	499.751302	501.179688	D3	30	80	0
1678	499.752604	501.559896	Bb2	32	80	0
1679	500.632812	501.305990	F3	44	80	0
1680	501.188802	501.809896	A4	73	80	0
1681	501.194010	501.789062	Eb3	41	80	0
1682	501.747396	503.019531	Bb4	57	80	0
1683	501.783854	502.519531	Bb3	30	80	0
1684	501.785156	502.819010	D3	29	80	0
1685	501.787760	503.459635	Bb2	30	80	0
1686	502.736979	503.419271	F3	45	80	0
1687	503.282552	503.929688	A4	65	80	0
1688	503.283854	503.949219	C5	66	80	0
1689	503.285156	503.929688	Eb3	39	80	0
1690	503.903646	505.259115	D5	49	80	0
1691	503.907552	505.199219	Bb4	47	80	0
1692	503.923177	505.279948	D3	31	80	0
1693	503.924479	506.000000	Bb2	28	80	0
1694	503.929688	503.938802	F3	26	80	0
1695	504.930990	505.679688	F3	41	80	0
1696	505.576823	506.799479	A5	68	80	0
1697	505.583333	506.679688	C5	56	80	0
1698	505.585938	507.539062	Eb3	35	80	0
1699	506.531250	508.029948	Bb5	87	80	0
1700	506.542969	507.559896	D5	65	80	0
1701	506.565104	507.079427	Bb3	37	80	0
1702	506.565104	507.919271	Bb2	38	80	0
1703	507.859375	510.009115	D6	95	80	0
1704	509.790365	510.378906	C6	82	80	0
1705	510.523438	514.348958	C6	62	80	0
1706	514.277344	516.869792	Bb5	41	80	0
1707	516.335938	521.239583	Bb1	25	80	0
1708	516.337240	516.609375	Bb2	23	80	0
#SusPed	0.083333	69	0
#SusPed	0.348958	0	0
#SusPed	0.356771	103	0
#SusPed	6.359375	0	0
#SusPed	6.459635	79	0
#SusPed	6.848958	0	0
#SusPed	6.855469	69	0
#SusPed	8.128906	0	0
#SusPed	8.135417	64	0
#SusPed	8.408854	0	0
#SusPed	8.415365	81	0
#SusPed	9.658854	0	0
#SusPed	9.673177	65	0
#SusPed	9.878906	0	0
#SusPed	9.893229	76	0
#SusPed	11.519531	0	0
#SusPed	11.533854	70	0
#SusPed	12.000000	0	0
#SusPed	12.006510	81	0
#SusPed	16.069010	0	0
#SusPed	16.076823	72	0
#SusPed	16.459635	0	0
#SusPed	16.464844	45	0
#SusPed	16.899740	0	0
#SusPed	16.904948	74	0
#SusPed	18.149740	0	0
#SusPed	18.162760	53	0
#SusPed	18.339844	0	0
#SusPed	18.354167	45	0
#SusPed	18.598958	0	0
#SusPed	18.611979	53	0
#SofPed	18.654948	76	0
#SofPed	18.929688	0	0
#SofPed	18.936198	68	0
#SofPed	19.609375	0	0
#SofPed	19.623698	88	0
#SofPed	19.889323	0	0
#SofPed	19.895833	57	0
#SusPed	19.968750	0	0
#SusPed	19.977865	69	0
#SofPed	20.009115	0	0
#SofPed	20.015625	55	0
#SusPed	20.269531	0	0
#SusPed	20.279948	71	0
#SusPed	22.188802	0	0
#SusPed	22.203125	74	0
#SusPed	22.579427	0	0
#SusPed	22.591146	72	0
#SusPed	25.299479	0	0
#SusPed	25.313802	61	0
#SusPed	25.378906	0	0
#SusPed	25.384115	56	0
#SusPed	25.598958	0	0
#SusPed	25.614583	55	0
#SusPed	25.679688	0	0
#SusPed	25.690104	53	0
#SusPed	25.889323	0	0
#SusPed	25.903646	50	0
#SusPed	25.929688	0	0
#SusPed	25.934896	48	0
#SofPed	26.019531	0	0
#SusPed	26.239583	0	0
#SusPed	26.247396	37	0
#SusPed	26.799479	0	0
#SusPed	26.813802	74	0
#SusPed	27.359375	0	0
#SusPed	27.369792	55	0
#SusPed	27.598958	0	0
#SusPed	27.613281	43	0
#SusPed	27.908854	0	0
#SusPed	27.915365	52	0
#SusPed	28.049479	0	0
#SusPed	28.054688	56	0
#SusPed	29.109375	0	0
#SusPed	29.122396	95	0
#SusPed	30.829427	0	0
#SusPed	30.843750	74	0
#SusPed	32.669271	0	0
#SusPed	32.678385	83	0
#SusPed	33.119792	0	0
#SusPed	33.134115	83	0
#SusPed	33.389323	0	0
#SusPed	33.394531	78	0
#SusPed	33.848958	0	0
#SusPed	33.863281	70	0
#SusPed	34.059896	0	0
#SusPed	34.070312	79	0
#SusPed	34.658854	0	0
#SusPed	34.673177	70	0
#SusPed	35.069010	0	0
#SusPed	35.075521	76	0
#SusPed	35.158854	0	0
#SusPed	35.169271	85	0
#SusPed	35.319010	0	0
#SusPed	35.329427	79	0
#SusPed	35.378906	0	0
#SusPed	35.390625	80	0
#SusPed	35.649740	0	0
#SusPed	35.658854	82	0
#SusPed	35.819010	0	0
#SusPed	35.824219	77	0
#SusPed	35.968750	0	0
#SusPed	35.975260	66	0
#SusPed	36.259115	0	0
#SusPed	36.265625	86	0
#SusPed	36.529948	0	0
#SusPed	36.535156	69	0
#SusPed	36.799479	0	0
#SusPed	36.812500	73	0
#SusPed	37.019531	0	0
#SusPed	37.032552	69	0
#SusPed	37.128906	0	0
#SusPed	37.489583	80	0
#SusPed	38.438802	0	0
#SusPed	38.451823	70	0
#SusPed	39.968750	0	0
#SusPed	39.975260	55	0
#SusPed	40.079427	0	0
#SusPed	40.092448	71	0
#SusPed	41.199219	0	0
#SusPed	41.207031	71	0
#SusPed	41.688802	0	0
#SusPed	41.696615	72	0
#SusPed	42.908854	0	0
#SusPed	42.916667	67	0
#SusPed	43.429688	0	0
#SusPed	43.436198	76	0
#SusPed	46.348958	0	0
#SusPed	46.364583	68	0
#SusPed	46.509115	0	0
#SusPed	46.514323	80	0
#SusPed	47.329427	0	0
#SusPed	47.343750	81	0
#SusPed	47.859375	0	0
#SusPed	47.867188	75	0
#SusPed	48.269531	0	0
#SusPed	48.278646	86	0
#SusPed	50.019531	0	0
#SusPed	50.029948	60	0
#SusPed	50.229167	0	0
#SusPed	50.243490	72	0
#SusPed	51.979167	0	0
#SusPed	51.993490	69	0
#SusPed	52.250000	0	0
#SusPed	52.263021	79	0
#SusPed	53.500000	0	0
#SusPed	53.509115	58	0
#SusPed	53.899740	0	0
#SusPed	53.904948	67	0
#SusPed	55.359375	0	0
#SusPed	55.365885	104	0
#SusPed	58.500000	0	0
#SusPed	58.505208	69	0
#SusPed	58.699219	0	0
#SusPed	58.712240	81	0
#SusPed	59.059896	0	0
#SusPed	59.070312	92	0
#SusPed	60.389323	0	0
#SusPed	60.398438	69	0
#SusPed	60.679688	0	0
#SusPed	60.687500	84	0
#SusPed	62.239583	0	0
#SusPed	62.253906	69	0
#SusPed	62.769531	0	0
#SusPed	62.781250	83	0
#SusPed	64.049479	0	0
#SusPed	64.063802	76	0
#SusPed	64.179688	0	0
#SusPed	64.595052	81	0
#SusPed	67.688802	0	0
#SusPed	67.697917	85	0
#SusPed	67.959635	0	0
#SusPed	67.964844	80	0
#SusPed	68.089844	0	0
#SusPed	68.102865	86	0
#SusPed	68.289062	0	0
#SusPed	68.299479	67	0
#SusPed	68.459635	0	0
#SusPed	68.473958	83	0
#SusPed	69.139323	0	0
#SusPed	69.144531	73	0
#SusPed	69.579427	0	0
#SusPed	69.592448	76	0
#SusPed	71.029948	0	0
#SusPed	71.041667	72	0
#SusPed	71.459635	0	0
#SusPed	71.466146	74	0
#SusPed	72.799479	0	0
#SusPed	72.811198	93	0
#SusPed	73.139323	0	0
#SusPed	73.151042	84	0
#SofPed	73.354167	34	0
#SofPed	74.239583	0	0
#SusPed	74.378906	0	0
#SusPed	74.388021	64	0
#SusPed	75.989583	0	0
#SusPed	75.996094	91	0
#SusPed	76.598958	0	0
#SusPed	76.608073	70	0
#SofPed	76.623698	65	0
#SofPed	77.049479	0	0
#SusPed	78.878906	0	0
#SusPed	78.889323	40	0
#SusPed	79.209635	0	0
#SusPed	79.216146	75	0
#SusPed	80.339844	0	0
#SusPed	80.354167	74	0
#SusPed	80.750000	0	0
#SusPed	80.757812	56	0
#SusPed	81.639323	0	0
#SusPed	81.652344	53	0
#SusPed	81.709635	0	0
#SusPed	81.717448	74	0
#SusPed	82.098958	0	0
#SusPed	82.106771	78	0
#SusPed	83.408854	0	0
#SusPed	83.415365	79	0
#SusPed	83.848958	0	0
#SusPed	83.854167	66	0
#SusPed	84.289062	0	0
#SusPed	84.299479	70	0
#SusPed	84.769531	0	0
#SusPed	84.782552	58	0
#SusPed	84.929688	0	0
#SusPed	84.941406	52	0
#SofPed	87.153646	78	0
#SofPed	87.819010	0	0
#SofPed	87.833333	94	0
#SusPed	87.889323	0	0
#SusPed	87.902344	43	0
#SusPed	87.979167	0	0
#SusPed	87.984375	38	0
#SusPed	88.179688	0	0
#SusPed	88.191406	39	0
#SusPed	88.408854	0	0
#SusPed	88.423177	44	0
#SofPed	88.438802	0	0
#SofPed	88.451823	96	0
#SusPed	88.829427	0	0
#SusPed	88.838542	69	0
#SusPed	89.669271	0	0
#SusPed	89.683594	69	0
#SusPed	90.199219	0	0
#SusPed	90.204427	78	0
#SusPed	91.079427	0	0
#SusPed	91.093750	81	0
#SusPed	91.679688	0	0
#SusPed	91.688802	75	0
#SusPed	92.529948	0	0
#SusPed	92.541667	90	0
#SusPed	92.589844	0	0
#SusPed	92.604167	62	0
#SusPed	92.839844	0	0
#SusPed	92.852865	72	0
#SusPed	94.209635	0	0
#SusPed	94.222656	70	0
#SofPed	94.449219	0	0
#SusPed	94.729167	0	0
#SusPed	94.736979	94	0
#SusPed	95.049479	0	0
#SusPed	95.055990	72	0
#SusPed	97.158854	0	0
#SusPed	97.170573	52	0
#SusPed	97.509115	0	0
#SusPed	97.523438	68	0
#SofPed	97.662760	103	0
#SofPed	97.699219	0	0
#SofPed	97.707031	96	0
#SusPed	99.019531	0	0
#SusPed	99.033854	75	0
#SusPed	99.199219	0	0
#SofPed	99.199219	0	0
#SofPed	99.210938	81	0
#SusPed	99.212240	80	0
#SusPed	99.468750	0	0
#SusPed	99.477865	68	0
#SusPed	99.718750	0	0
#SusPed	99.726562	102	0
#SusPed	100.539062	0	0
#SusPed	100.550781	69	0
#SusPed	101.509115	0	0
#SusPed	101.515625	83	0
#SusPed	102.319010	0	0
#SusPed	102.332031	83	0
#SusPed	103.669271	0	0
#SusPed	103.675781	70	0
#SusPed	104.039062	0	0
#SusPed	104.045573	43	0
#SusPed	104.389323	0	0
#SusPed	104.395833	68	0
#SusPed	105.149740	0	0
#SusPed	105.157552	53	0
#SofPed	105.209635	0	0
#SusPed	105.289062	0	0
#SusPed	105.302083	61	0
#SusPed	106.669271	0	0
#SusPed	106.683594	54	0
#SusPed	106.839844	0	0
#SusPed	106.850260	54	0
#SofPed	106.886719	77	0
#SusPed	107.158854	0	0
#SusPed	107.166667	62	0
#SofPed	107.199219	0	0
#SofPed	107.212240	99	0
#SofPed	107.500000	0	0
#SofPed	107.511719	103	0
#SusPed	107.539062	0	0
#SusPed	107.549479	65	0
#SofPed	108.329427	0	0
#SusPed	109.009115	0	0
#SusPed	109.015625	65	0
#SusPed	109.209635	0	0
#SusPed	109.216146	73	0
#SusPed	110.429688	0	0
#SusPed	110.437500	65	0
#SusPed	110.779948	0	0
#SusPed	110.791667	83	0
#SofPed	111.115885	34	0
#SofPed	111.309896	0	0
#SofPed	111.316406	53	0
#SusPed	112.289062	0	0
#SusPed	112.300781	72	0
#SusPed	112.658854	0	0
#SusPed	112.673177	69	0
#SofPed	117.319010	0	0
#SusPed	118.259115	0	0
#SusPed	118.265625	68	0
#SusPed	118.408854	0	0
#SusPed	118.420573	84	0
#SofPed	118.473958	81	0
#SusPed	121.438802	0	0
#SusPed	121.444010	57	0
#SusPed	121.529948	0	0
#SusPed	121.542969	75	0
#SusPed	122.598958	0	0
#SusPed	122.605469	70	0
#SusPed	122.729167	0	0
#SusPed	122.743490	78	0
#SofPed	124.468750	0	0
#SusPed	127.009115	0	0
#SusPed	127.023438	51	0
#SusPed	127.139323	0	0
#SusPed	127.145833	103	0
#SusPed	129.348958	0	0
#SusPed	129.363281	109	0
#SusPed	130.109375	0	0
#SusPed	130.122396	72	0
#SusPed	130.289062	0	0
#SusPed	130.303385	62	0
#SofPed	130.509115	67	0
#SofPed	130.619792	0	0
#SofPed	130.631510	68	0
#SofPed	131.029948	0	0
#SofPed	131.035156	79	0
#SofPed	131.209635	0	0
#SofPed	131.221354	71	0
#SusPed	131.598958	0	0
#SusPed	131.606771	66	0
#SusPed	131.709635	0	0
#SusPed	131.723958	89	0
#SofPed	132.500000	0	0
#SusPed	134.968750	0	0
#SusPed	134.977865	64	0
#SusPed	135.109375	0	0
#SusPed	135.123698	75	0
#SusPed	138.649740	0	0
#SusPed	138.660156	99	0
#SusPed	139.399740	0	0
#SusPed	139.404948	62	0
#SusPed	139.569010	0	0
#SusPed	139.574219	76	0
#SusPed	140.218750	0	0
#SusPed	140.225260	48	0
#SusPed	140.389323	0	0
#SusPed	140.403646	96	0
#SusPed	145.669271	0	0
#SusPed	145.675781	63	0
#SusPed	145.929688	0	0
#SusPed	145.944010	76	0
#SusPed	146.759115	0	0
#SusPed	146.773438	75	0
#SusPed	146.959635	0	0
#SusPed	146.973958	84	0
#SusPed	147.789062	0	0
#SusPed	147.796875	73	0
#SusPed	148.039062	0	0
#SusPed	148.050781	49	0
#SusPed	148.229167	0	0
#SusPed	148.244792	78	0
#SusPed	148.419271	0	0
#SusPed	148.429688	94	0
#SusPed	148.699219	0	0
#SusPed	148.811198	56	0
#SusPed	148.819010	0	0
#SofPed	149.027344	42	0
#SusPed	149.093750	68	0
#SusPed	149.688802	0	0
#SusPed	149.703125	74	0
#SusPed	149.848958	0	0
#SusPed	149.863281	74	0
#SusPed	150.269531	0	0
#SusPed	150.276042	85	0
#SusPed	150.669271	0	0
#SusPed	150.675781	84	0
#SusPed	152.369792	0	0
#SusPed	152.376302	65	0
#SusPed	152.669271	0	0
#SusPed	152.675781	72	0
#SusPed	154.049479	0	0
#SusPed	154.063802	70	0
#SusPed	154.229167	0	0
#SusPed	154.483073	71	0
#SofPed	155.029948	0	0
#SofPed	156.877604	60	0
#SusPed	157.500000	0	0
#SusPed	157.503906	65	0
#SusPed	157.729167	0	0
#SusPed	157.734375	80	0
#SofPed	158.269531	0	0
#SusPed	159.098958	0	0
#SusPed	159.113281	69	0
#SusPed	159.289062	0	0
#SusPed	159.294271	97	0
#SusPed	160.598958	0	0
#SusPed	160.614583	87	0
#SusPed	160.779948	0	0
#SusPed	160.792969	89	0
#SusPed	162.188802	0	0
#SusPed	162.195312	62	0
#SusPed	162.369792	0	0
#SusPed	162.375000	81	0
#SusPed	163.649740	0	0
#SusPed	163.656250	64	0
#SusPed	163.938802	0	0
#SusPed	163.950521	88	0
#SofPed	164.126302	58	0
#SofPed	164.250000	0	0
#SofPed	164.255208	79	0
#SusPed	165.188802	0	0
#SusPed	165.199219	79	0
#SusPed	165.919271	0	0
#SusPed	165.928385	88	0
#SusPed	166.829427	0	0
#SusPed	166.839844	84	0
#SusPed	167.089844	0	0
#SusPed	167.101562	83	0
#SofPed	167.378906	0	0
#SusPed	167.709635	0	0
#SofPed	168.940104	59	0
#SusPed	168.954427	72	0
#SofPed	170.019531	0	0
#SofPed	170.032552	61	0
#SofPed	170.109375	0	0
#SofPed	170.119792	64	0
#SusPed	170.339844	0	0
#SusPed	170.348958	71	0
#SofPed	170.359375	0	0
#SofPed	170.368490	81	0
#SusPed	170.500000	0	0
#SusPed	170.507812	87	0
#SusPed	171.949219	0	0
#SusPed	171.962240	74	0
#SofPed	172.009115	0	0
#SusPed	172.229167	0	0
#SusPed	172.236979	87	0
#SusPed	173.729167	0	0
#SusPed	173.742188	65	0
#SusPed	173.799479	0	0
#SusPed	174.024740	71	0
#SusPed	175.359375	0	0
#SusPed	175.371094	64	0
#SusPed	175.519531	0	0
#SusPed	175.531250	81	0
#SusPed	176.929688	0	0
#SusPed	176.937500	65	0
#SusPed	177.109375	0	0
#SusPed	177.122396	73	0
#SusPed	177.639323	0	0
#SusPed	177.644531	67	0
#SusPed	177.769531	0	0
#SusPed	177.781250	82	0
#SusPed	178.579427	0	0
#SusPed	178.585938	69	0
#SusPed	178.759115	0	0
#SusPed	178.765625	64	0
#SusPed	181.709635	0	0
#SusPed	181.714844	64	0
#SusPed	181.869792	0	0
#SusPed	181.882812	82	0
#SusPed	182.619792	0	0
#SusPed	182.632812	94	0
#SusPed	182.979167	0	0
#SusPed	182.988281	96	0
#SofPed	183.407552	34	0
#SusPed	183.459635	0	0
#SusPed	183.464844	65	0
#SusPed	183.639323	0	0
#SusPed	183.647135	37	0
#SusPed	183.759115	0	0
#SusPed	183.769531	44	0
#SusPed	184.139323	0	0
#SusPed	184.147135	71	0
#SusPed	184.509115	0	0
#SusPed	184.523438	68	0
#SusPed	184.859375	0	0
#SusPed	184.873698	62	0
#SusPed	185.289062	0	0
#SusPed	185.294271	58	0
#SusPed	185.359375	0	0
#SusPed	185.367188	57	0
#SusPed	185.449219	0	0
#SusPed	185.462240	53	0
#SusPed	185.539062	0	0
#SusPed	185.553385	50	0
#SusPed	186.199219	0	0
#SusPed	186.213542	50	0
#SusPed	186.729167	0	0
#SusPed	186.739583	51	0
#SusPed	186.789062	0	0
#SusPed	186.800781	52	0
#SusPed	186.899740	0	0
#SusPed	186.906250	56	0
#SofPed	187.500000	0	0
#SusPed	187.899740	0	0
#SusPed	187.904948	70	0
#SusPed	188.819010	0	0
#SusPed	188.824219	80	0
#SusPed	189.119792	0	0
#SusPed	189.132812	63	0
#SusPed	189.929688	0	0
#SusPed	189.937500	86	0
#SusPed	189.989583	0	0
#SusPed	190.001302	89	0
#SusPed	190.250000	0	0
#SusPed	190.257812	63	0
#SusPed	190.519531	0	0
#SusPed	190.526042	86	0
#SusPed	191.679688	0	0
#SusPed	191.692708	69	0
#SusPed	192.149740	0	0
#SusPed	192.154948	82	0
#SusPed	194.929688	0	0
#SusPed	194.936198	92	0
#SusPed	200.938802	0	0
#SusPed	204.321615	58	0
#SusPed	204.399740	0	0
#SusPed	204.410156	79	0
#SusPed	205.489583	0	0
#SusPed	205.498698	100	0
#SusPed	205.619792	0	0
#SusPed	205.632812	103	0
#SusPed	206.029948	0	0
#SusPed	206.037760	63	0
#SusPed	206.329427	0	0
#SusPed	206.339844	41	0
#SusPed	206.579427	0	0
#SusPed	206.589844	61	0
#SusPed	206.759115	0	0
#SusPed	206.773438	49	0
#SusPed	207.109375	0	0
#SusPed	207.115885	46	0
#SusPed	207.269531	0	0
#SusPed	207.277344	48	0
#SusPed	207.589844	0	0
#SusPed	207.602865	64	0
#SusPed	207.819010	0	0
#SusPed	207.830729	86	0
#SofPed	208.049479	100	0
#SusPed	208.509115	0	0
#SusPed	208.519531	69	0
#SusPed	209.489583	0	0
#SusPed	209.494792	81	0
#SusPed	210.649740	0	0
#SusPed	210.661458	66	0
#SusPed	211.128906	0	0
#SusPed	211.143229	73	0
#SusPed	212.579427	0	0
#SusPed	212.584635	80	0
#SofPed	214.049479	0	0
#SusPed	214.489583	0	0
#SusPed	214.502604	77	0
#SusPed	214.829427	0	0
#SusPed	214.841146	97	0
#SusPed	214.989583	0	0
#SusPed	215.002604	78	0
#SusPed	215.049479	0	0
#SusPed	215.063802	64	0
#SusPed	216.329427	0	0
#SusPed	216.335938	84	0
#SusPed	218.079427	0	0
#SusPed	218.085938	69	0
#SusPed	218.389323	0	0
#SusPed	218.397135	79	0
#SusPed	220.019531	0	0
#SusPed	220.024740	61	0
#SusPed	220.658854	0	0
#SusPed	220.673177	81	0
#SusPed	221.579427	0	0
#SusPed	221.592448	70	0
#SusPed	222.179688	0	0
#SusPed	222.186198	93	0
#SusPed	225.899740	0	0
#SusPed	225.914062	64	0
#SusPed	226.179688	0	0
#SusPed	226.187500	86	0
#SusPed	226.779948	0	0
#SusPed	226.794271	71	0
#SusPed	227.119792	0	0
#SusPed	227.125000	77	0
#SusPed	228.718750	0	0
#SusPed	228.725260	72	0
#SusPed	229.079427	0	0
#SusPed	229.093750	70	0
#SusPed	231.049479	0	0
#SusPed	231.059896	69	0
#SusPed	231.369792	0	0
#SusPed	231.375000	78	0
#SusPed	232.658854	0	0
#SusPed	232.673177	79	0
#SusPed	232.759115	0	0
#SusPed	233.075521	92	0
#SusPed	235.959635	0	0
#SusPed	235.967448	79	0
#SusPed	236.519531	0	0
#SusPed	236.533854	78	0
#SusPed	236.679688	0	0
#SusPed	236.692708	83	0
#SusPed	237.309896	0	0
#SusPed	237.324219	78	0
#SusPed	237.539062	0	0
#SusPed	237.548177	72	0
#SusPed	237.658854	0	0
#SusPed	237.674479	66	0
#SofPed	240.402344	41	0
#SusPed	241.169271	0	0
#SusPed	241.174479	61	0
#SusPed	241.419271	0	0
#SofPed	242.908854	0	0
#SofPed	242.923177	64	0
#SusPed	242.964844	77	0
#SofPed	243.259115	0	0
#SusPed	243.378906	0	0
#SusPed	243.394531	96	0
#SusPed	243.619792	0	0
#SusPed	243.625000	82	0
#SusPed	244.139323	0	0
#SusPed	244.145833	55	0
#SusPed	244.339844	0	0
#SusPed	244.351562	69	0
#SusPed	244.839844	0	0
#SusPed	244.852865	73	0
#SusPed	244.949219	0	0
#SusPed	244.960938	58	0
#SusPed	245.479167	0	0
#SusPed	245.484375	89	0
#SusPed	245.679688	0	0
#SusPed	245.691406	78	0
#SusPed	245.819010	0	0
#SusPed	245.824219	85	0
#SusPed	246.158854	0	0
#SusPed	246.174479	72	0
#SusPed	246.739583	0	0
#SusPed	246.747396	56	0
#SusPed	246.989583	0	0
#SusPed	247.002604	56	0
#SusPed	247.039062	0	0
#SusPed	247.044271	40	0
#SusPed	247.399740	0	0
#SusPed	247.411458	71	0
#SusPed	247.589844	0	0
#SusPed	248.032552	84	0
#SusPed	250.109375	0	0
#SusPed	250.115885	56	0
#SusPed	250.408854	0	0
#SusPed	250.417969	49	0
#SusPed	250.829427	0	0
#SusPed	250.838542	84	0
#SusPed	251.619792	0	0
#SusPed	251.628906	68	0
#SusPed	251.938802	0	0
#SusPed	251.953125	77	0
#SusPed	253.209635	0	0
#SusPed	253.214844	56	0
#SusPed	253.359375	0	0
#SusPed	253.367188	81	0
#SusPed	254.649740	0	0
#SusPed	254.664062	73	0
#SusPed	254.688802	0	0
#SusPed	254.697917	75	0
#SusPed	257.339844	0	0
#SusPed	257.347656	68	0
#SusPed	257.408854	0	0
#SusPed	257.500000	77	0
#SusPed	258.729167	0	0
#SusPed	258.743490	95	0
#SusPed	258.859375	0	0
#SusPed	258.871094	101	0
#SusPed	260.658854	0	0
#SusPed	260.665365	65	0
#SusPed	260.968750	0	0
#SusPed	260.973958	84	0
#SusPed	262.218750	0	0
#SusPed	262.231771	80	0
#SusPed	262.348958	0	0
#SusPed	262.363281	88	0
#SusPed	266.309896	0	0
#SusPed	266.320312	59	0
#SusPed	266.399740	0	0
#SusPed	266.404948	111	0
#SusPed	267.869792	0	0
#SusPed	267.875000	63	0
#SusPed	268.029948	0	0
#SusPed	268.036458	82	0
#SusPed	269.519531	0	0
#SusPed	269.527344	65	0
#SusPed	269.799479	0	0
#SusPed	269.804688	77	0
#SusPed	271.119792	0	0
#SusPed	271.131510	66	0
#SusPed	271.259115	0	0
#SusPed	271.264323	89	0
#SusPed	272.519531	0	0
#SusPed	272.528646	66	0
#SusPed	275.039062	0	0
#SusPed	275.052083	84	0
#SusPed	275.128906	0	0
#SusPed	275.143229	77	0
#SusPed	276.509115	0	0
#SusPed	276.514323	73	0
#SusPed	276.709635	0	0
#SusPed	276.714844	70	0
#SusPed	278.089844	0	0
#SusPed	278.095052	64	0
#SusPed	278.348958	0	0
#SusPed	278.360677	59	0
#SusPed	278.500000	0	0
#SusPed	278.513021	70	0
#SusPed	279.489583	0	0
#SusPed	279.497396	64	0
#SusPed	279.709635	0	0
#SusPed	279.723958	71	0
#SusPed	280.968750	0	0
#SusPed	280.981771	80	0
#SusPed	281.348958	0	0
#SusPed	281.364583	78	0
#SusPed	282.739583	0	0
#SusPed	282.752604	70	0
#SusPed	283.289062	0	0
#SusPed	283.298177	70	0
#SusPed	283.569010	0	0
#SusPed	283.575521	73	0
#SusPed	284.089844	0	0
#SusPed	284.096354	69	0
#SusPed	284.250000	0	0
#SusPed	284.263021	56	0
#SusPed	284.399740	0	0
#SusPed	284.407552	66	0
#SusPed	284.799479	0	0
#SusPed	284.808594	58	0
#SusPed	284.919271	0	0
#SusPed	284.933594	65	0
#SusPed	285.468750	0	0
#SusPed	285.481771	61	0
#SusPed	285.669271	0	0
#SusPed	285.682292	57	0
#SusPed	286.079427	0	0
#SusPed	286.092448	61	0
#SusPed	286.378906	0	0
#SusPed	286.390625	54	0
#SusPed	286.459635	0	0
#SusPed	286.468750	56	0
#SusPed	286.569010	0	0
#SusPed	286.580729	51	0
#SusPed	286.759115	0	0
#SusPed	286.764323	55	0
#SusPed	287.000000	0	0
#SusPed	287.011719	53	0
#SusPed	287.509115	0	0
#SusPed	287.515625	75	0
#SusPed	288.029948	0	0
#SusPed	288.035156	66	0
#SusPed	292.609375	0	0
#SusPed	292.621094	68	0
#SofPed	293.128906	90	0
#SofPed	293.279948	0	0
#SofPed	293.286458	94	0
#SofPed	293.329427	0	0
#SofPed	293.334635	97	0
#SofPed	293.500000	0	0
#SofPed	293.513021	94	0
#SusPed	293.569010	0	0
#SusPed	293.574219	72	0
#SofPed	293.619792	0	0
#SofPed	293.631510	98	0
#SusPed	294.109375	0	0
#SusPed	294.114583	70	0
#SofPed	294.229167	0	0
#SofPed	294.244792	82	0
#SusPed	295.339844	0	0
#SusPed	295.354167	74	0
#SusPed	295.729167	0	0
#SusPed	295.734375	79	0
#SusPed	297.049479	0	0
#SusPed	297.062500	89	0
#SofPed	297.500000	0	0
#SusPed	298.199219	0	0
#SusPed	298.207031	71	0
#SusPed	298.899740	0	0
#SusPed	298.904948	71	0
#SusPed	299.299479	0	0
#SusPed	299.308594	63	0
#SusPed	299.699219	0	0
#SusPed	299.712240	47	0
#SusPed	299.878906	0	0
#SusPed	299.893229	56	0
#SusPed	301.169271	0	0
#SusPed	301.175781	48	0
#SusPed	301.269531	0	0
#SusPed	301.278646	50	0
#SusPed	301.479167	0	0
#SusPed	301.484375	54	0
#SusPed	301.709635	0	0
#SusPed	301.723958	47	0
#SusPed	302.218750	0	0
#SusPed	302.226562	69	0
#SusPed	303.279948	0	0
#SusPed	303.292969	76	0
#SusPed	303.769531	0	0
#SusPed	303.776042	68	0
#SusPed	304.718750	0	0
#SusPed	304.733073	75	0
#SusPed	305.109375	0	0
#SusPed	305.115885	75	0
#SusPed	306.408854	0	0
#SusPed	306.414062	63	0
#SusPed	306.649740	0	0
#SusPed	306.662760	78	0
#SusPed	307.878906	0	0
#SusPed	307.890625	71	0
#SusPed	308.569010	0	0
#SusPed	308.575521	73	0
#SofPed	309.835938	82	0
#SofPed	311.009115	0	0
#SusPed	314.579427	0	0
#SusPed	314.628906	67	0
#SusPed	314.878906	0	0
#SusPed	314.885417	91	0
#SusPed	314.989583	0	0
#SusPed	314.996094	101	0
#SofPed	315.591146	79	0
#SusPed	316.179688	0	0
#SusPed	316.191406	66	0
#SofPed	316.209635	0	0
#SofPed	316.217448	53	0
#SofPed	316.489583	0	0
#SofPed	316.496094	75	0
#SusPed	316.529948	0	0
#SusPed	316.544271	67	0
#SusPed	317.399740	0	0
#SusPed	317.411458	68	0
#SofPed	319.329427	0	0
#SofPed	319.334635	89	0
#SofPed	320.089844	0	0
#SofPed	320.098958	61	0
#SusPed	321.000000	0	0
#SusPed	321.011719	108	0
#SofPed	321.079427	0	0
#SofPed	321.085938	65	0
#SofPed	321.199219	0	0
#SofPed	321.213542	58	0
#SusPed	321.899740	0	0
#SusPed	321.906250	100	0
#SusPed	322.199219	0	0
#SusPed	322.207031	78	0
#SofPed	322.218750	0	0
#SofPed	322.230469	102	0
#SusPed	322.378906	0	0
#SusPed	322.394531	70	0
#SofPed	322.449219	0	0
#SofPed	322.454427	102	0
#SofPed	322.709635	0	0
#SofPed	322.723958	92	0
#SofPed	323.059896	0	0
#SofPed	323.071615	48	0
#SofPed	323.549479	0	0
#SofPed	323.562500	85	0
#SofPed	323.729167	0	0
#SofPed	323.734375	89	0
#SofPed	323.908854	0	0
#SofPed	323.915365	64	0
#SofPed	324.039062	0	0
#SusPed	326.569010	0	0
#SusPed	326.575521	62	0
#SusPed	326.688802	0	0
#SusPed	326.703125	78	0
#SusPed	330.669271	0	0
#SusPed	330.683594	84	0
#SusPed	330.878906	0	0
#SusPed	330.885417	80	0
#SusPed	330.989583	0	0
#SusPed	330.996094	78	0
#SusPed	332.369792	0	0
#SusPed	332.375000	58	0
#SusPed	333.269531	0	0
#SusPed	333.283854	69	0
#SusPed	334.169271	0	0
#SusPed	334.183594	73	0
#SusPed	334.489583	0	0
#SusPed	334.494792	75	0
#SusPed	339.000000	0	0
#SusPed	339.006510	65	0
#SusPed	339.128906	0	0
#SusPed	339.143229	77	0
#SusPed	343.598958	0	0
#SusPed	343.613281	65	0
#SusPed	343.789062	0	0
#SusPed	343.804688	62	0
#SusPed	349.619792	0	0
#SusPed	349.634115	66	0
#SusPed	349.759115	0	0
#SusPed	349.764323	81	0
#SusPed	350.649740	0	0
#SusPed	350.657552	61	0
#SusPed	350.839844	0	0
#SusPed	350.851562	73	0
#SusPed	351.919271	0	0
#SusPed	351.930990	59	0
#SusPed	352.250000	0	0
#SusPed	352.260417	53	0
#SusPed	353.000000	0	0
#SusPed	353.010417	92	0
#SofPed	353.255208	35	0
#SusPed	353.269531	0	0
#SusPed	353.279948	95	0
#SofPed	353.709635	0	0
#SofPed	353.717448	67	0
#SofPed	353.908854	0	0
#SofPed	353.920573	75	0
#SusPed	356.319010	0	0
#SusPed	356.324219	66	0
#SusPed	356.649740	0	0
#SusPed	356.662760	79	0
#SusPed	358.019531	0	0
#SusPed	358.032552	74	0
#SusPed	358.389323	0	0
#SusPed	358.395833	83	0
#SusPed	359.859375	0	0
#SusPed	359.873698	88	0
#SofPed	359.919271	0	0
#SusPed	361.539062	0	0
#SusPed	361.545573	62	0
#SusPed	361.779948	0	0
#SusPed	361.783854	76	0
#SusPed	362.919271	0	0
#SusPed	362.933594	68	0
#SusPed	363.188802	0	0
#SusPed	363.195312	79	0
#SusPed	364.589844	0	0
#SusPed	364.604167	69	0
#SusPed	364.839844	0	0
#SusPed	364.852865	70	0
#SusPed	366.279948	0	0
#SusPed	366.290365	70	0
#SusPed	366.438802	0	0
#SusPed	366.450521	73	0
#SusPed	367.799479	0	0
#SusPed	367.813802	66	0
#SusPed	368.239583	0	0
#SusPed	368.253906	77	0
#SusPed	368.919271	0	0
#SusPed	368.928385	89	0
#SusPed	369.179688	0	0
#SusPed	369.186198	81	0
#SofPed	369.214844	33	0
#SofPed	369.389323	0	0
#SofPed	369.398438	47	0
#SofPed	369.429688	0	0
#SofPed	369.444010	49	0
#SusPed	369.589844	0	0
#SusPed	369.595052	69	0
#SofPed	369.688802	0	0
#SofPed	369.699219	55	0
#SusPed	370.139323	0	0
#SusPed	370.153646	73	0
#SofPed	370.158854	0	0
#SofPed	370.170573	68	0
#SofPed	370.688802	0	0
#SofPed	370.699219	80	0
#SusPed	370.829427	0	0
#SusPed	370.842448	91	0
#SusPed	371.259115	0	0
#SusPed	371.272135	89	0
#SusPed	371.489583	0	0
#SusPed	371.503906	68	0
#SusPed	372.989583	0	0
#SusPed	373.000000	89	0
#SusPed	374.239583	0	0
#SusPed	374.244792	70	0
#SusPed	374.519531	0	0
#SusPed	374.528646	58	0
#SofPed	375.729167	0	0
#SusPed	376.158854	0	0
#SusPed	376.166667	62	0
#SusPed	376.348958	0	0
#SusPed	376.363281	87	0
#SusPed	377.809896	0	0
#SusPed	377.819010	67	0
#SusPed	378.119792	0	0
#SusPed	378.126302	78	0
#SusPed	379.589844	0	0
#SusPed	379.595052	60	0
#SusPed	379.769531	0	0
#SusPed	379.782552	71	0
#SusPed	381.109375	0	0
#SusPed	381.119792	67	0
#SusPed	381.199219	0	0
#SusPed	381.354167	78	0
#SusPed	382.739583	0	0
#SusPed	382.744792	72	0
#SusPed	382.819010	0	0
#SusPed	382.957031	79	0
#SusPed	386.019531	0	0
#SusPed	386.033854	70	0
#SusPed	386.119792	0	0
#SusPed	386.324219	82	0
#SusPed	386.819010	0	0
#SusPed	386.833333	81	0
#SusPed	387.199219	0	0
#SusPed	387.207031	69	0
#SofPed	387.266927	33	0
#SusPed	387.779948	0	0
#SusPed	387.785156	65	0
#SusPed	388.259115	0	0
#SusPed	388.273438	69	0
#SusPed	388.688802	0	0
#SusPed	388.695312	64	0
#SusPed	391.848958	0	0
#SusPed	391.861979	76	0
#SofPed	392.500000	0	0
#SusPed	394.089844	0	0
#SusPed	394.100260	81	0
#SusPed	394.529948	0	0
#SusPed	394.539062	76	0
#SofPed	396.496094	89	0
#SofPed	397.009115	0	0
#SofPed	397.014323	99	0
#SofPed	397.289062	0	0
#SofPed	397.299479	95	0
#SofPed	397.479167	0	0
#SofPed	397.489583	87	0
#SusPed	398.889323	0	0
#SusPed	398.902344	91	0
#SusPed	399.109375	0	0
#SusPed	399.117188	87	0
#SusPed	400.459635	0	0
#SusPed	400.464844	68	0
#SusPed	400.539062	0	0
#SusPed	400.549479	98	0
#SofPed	402.039062	0	0
#SusPed	403.500000	0	0
#SusPed	403.514323	62	0
#SusPed	407.929688	0	0
#SusPed	407.938802	78	0
#SusPed	408.029948	0	0
#SusPed	408.044271	80	0
#SusPed	409.750000	0	0
#SusPed	409.755208	65	0
#SusPed	409.899740	0	0
#SusPed	409.914062	79	0
#SusPed	411.609375	0	0
#SusPed	411.615885	69	0
#SusPed	411.839844	0	0
#SusPed	411.850260	77	0
#SusPed	412.908854	0	0
#SusPed	412.919271	69	0
#SusPed	413.039062	0	0
#SusPed	413.053385	82	0
#SusPed	417.429688	0	0
#SusPed	417.434896	75	0
#SusPed	421.069010	0	0
#SusPed	421.083333	78	0
#SusPed	421.259115	0	0
#SusPed	421.266927	89	0
#SusPed	422.158854	0	0
#SusPed	422.164062	68	0
#SusPed	426.549479	0	0
#SusPed	426.555990	90	0
#SusPed	426.679688	0	0
#SusPed	426.686198	105	0
#SusPed	428.139323	0	0
#SusPed	428.144531	78	0
#SusPed	428.209635	0	0
#SusPed	428.315104	101	0
#SusPed	429.959635	0	0
#SusPed	429.972656	75	0
#SusPed	430.049479	0	0
#SusPed	430.540365	79	0
#SusPed	430.908854	0	0
#SusPed	430.923177	73	0
#SusPed	431.069010	0	0
#SusPed	431.082031	77	0
#SusPed	432.079427	0	0
#SusPed	432.089844	65	0
#SusPed	433.139323	0	0
#SusPed	433.144531	65	0
#SusPed	434.029948	0	0
#SusPed	434.042969	45	0
#SusPed	434.229167	0	0
#SusPed	434.240885	36	0
#SusPed	435.199219	0	0
#SusPed	435.212240	46	0
#SusPed	435.479167	0	0
#SusPed	435.485677	55	0
#SusPed	436.299479	0	0
#SusPed	436.308594	79	0
#SusPed	437.039062	0	0
#SusPed	437.054688	71	0
#SusPed	437.149740	0	0
#SusPed	437.154948	71	0
#SusPed	437.639323	0	0
#SusPed	437.644531	66	0
#SusPed	438.389323	0	0
#SusPed	438.395833	68	0
#SusPed	439.579427	0	0
#SusPed	439.591146	57	0
#SusPed	440.769531	0	0
#SusPed	440.774740	74	0
#SusPed	441.239583	0	0
#SusPed	441.250000	57	0
#SusPed	441.329427	0	0
#SusPed	441.343750	56	0
#SusPed	441.779948	0	0
#SusPed	441.794271	58	0
#SusPed	442.098958	0	0
#SusPed	442.104167	64	0
#SusPed	443.179688	0	0
#SusPed	443.192708	73	0
#SusPed	443.250000	0	0
#SusPed	443.602865	79	0
#SusPed	444.709635	0	0
#SusPed	444.718750	70	0
#SusPed	444.789062	0	0
#SusPed	445.662760	68	0
#SusPed	447.299479	0	0
#SusPed	447.304688	67	0
#SusPed	450.378906	0	0
#SusPed	450.384115	69	0
#SusPed	452.569010	0	0
#SusPed	452.578125	63	0
#SusPed	452.718750	0	0
#SusPed	452.723958	93	0
#SofPed	452.832031	82	0
#SofPed	453.049479	0	0
#SofPed	453.057292	103	0
#SofPed	453.429688	0	0
#SusPed	453.569010	0	0
#SusPed	453.578125	73	0
#SusPed	453.688802	0	0
#SusPed	453.704427	81	0
#SusPed	453.848958	0	0
#SusPed	453.863281	92	0
#SusPed	453.989583	0	0
#SusPed	453.997396	86	0
#SusPed	454.539062	0	0
#SusPed	454.545573	78	0
#SusPed	454.750000	0	0
#SusPed	454.759115	77	0
#SofPed	455.424479	70	0
#SofPed	455.789062	0	0
#SofPed	455.795573	68	0
#SusPed	456.149740	0	0
#SusPed	456.164062	70	0
#SofPed	456.188802	0	0
#SofPed	456.196615	41	0
#SusPed	456.489583	0	0
#SusPed	456.500000	78	0
#SofPed	456.549479	0	0
#SofPed	456.563802	75	0
#SusPed	458.609375	0	0
#SusPed	458.622396	68	0
#SusPed	459.279948	0	0
#SusPed	459.294271	65	0
#SusPed	461.329427	0	0
#SusPed	461.341146	68	0
#SusPed	461.529948	0	0
#SusPed	461.541667	69	0
#SusPed	461.848958	0	0
#SusPed	461.856771	58	0
#SofPed	462.199219	0	0
#SofPed	462.209635	97	0
#SofPed	462.299479	0	0
#SofPed	462.312500	96	0
#SusPed	462.329427	0	0
#SusPed	462.337240	44	0
#SofPed	462.399740	0	0
#SofPed	462.411458	99	0
#SofPed	462.489583	0	0
#SofPed	462.503906	96	0
#SofPed	462.729167	0	0
#SofPed	462.743490	85	0
#SofPed	462.938802	0	0
#SofPed	462.945312	92	0
#SofPed	463.009115	0	0
#SofPed	463.020833	93	0
#SusPed	463.119792	0	0
#SusPed	463.126302	86	0
#SusPed	463.309896	0	0
#SofPed	463.319010	0	0
#SusPed	463.322917	77	0
#SofPed	463.325521	59	0
#SofPed	463.500000	0	0
#SusPed	463.649740	0	0
#SusPed	463.654948	74	0
#SusPed	463.809896	0	0
#SusPed	463.819010	85	0
#SusPed	464.188802	0	0
#SusPed	464.195312	69	0
#SusPed	464.449219	0	0
#SusPed	464.459635	75	0
#SusPed	464.878906	0	0
#SusPed	464.893229	77	0
#SusPed	465.468750	0	0
#SusPed	465.479167	60	0
#SusPed	465.889323	0	0
#SusPed	465.899740	48	0
#SusPed	466.449219	0	0
#SusPed	466.462240	72	0
#SusPed	466.929688	0	0
#SusPed	466.936198	78	0
#SusPed	467.899740	0	0
#SusPed	467.914062	77	0
#SusPed	468.449219	0	0
#SusPed	468.458333	82	0
#SusPed	469.429688	0	0
#SusPed	469.442708	63	0
#SusPed	470.179688	0	0
#SusPed	470.187500	100	0
#SusPed	470.959635	0	0
#SusPed	470.972656	82	0
#SusPed	471.158854	0	0
#SusPed	471.170573	100	0
#SusPed	471.750000	0	0
#SusPed	471.755208	66	0
#SusPed	472.199219	0	0
#SusPed	472.205729	46	0
#SusPed	472.569010	0	0
#SusPed	472.576823	68	0
#SusPed	472.619792	0	0
#SusPed	472.625000	78	0
#SusPed	473.399740	0	0
#SusPed	473.410156	68	0
#SofPed	473.627604	31	0
#SusPed	474.229167	0	0
#SusPed	474.238281	75	0
#SusPed	474.959635	0	0
#SusPed	474.972656	67	0
#SusPed	475.149740	0	0
#SusPed	475.162760	68	0
#SusPed	475.679688	0	0
#SusPed	475.694010	66	0
#SusPed	475.919271	0	0
#SusPed	475.933594	73	0
#SusPed	476.619792	0	0
#SusPed	476.631510	71	0
#SusPed	476.859375	0	0
#SusPed	476.864583	76	0
#SusPed	477.519531	0	0
#SusPed	477.528646	77	0
#SusPed	477.699219	0	0
#SusPed	477.704427	70	0
#SusPed	478.079427	0	0
#SusPed	478.084635	64	0
#SusPed	478.399740	0	0
#SusPed	478.406250	47	0
#SusPed	478.539062	0	0
#SusPed	478.554688	42	0
#SusPed	478.878906	0	0
#SusPed	478.885417	66	0
#SofPed	479.098958	0	0
#SofPed	479.111979	77	0
#SofPed	480.000000	0	0
#SofPed	480.013021	73	0
#SofPed	480.489583	0	0
#SofPed	480.497396	92	0
#SofPed	480.688802	0	0
#SofPed	480.696615	62	0
#SofPed	480.848958	0	0
#SofPed	480.854167	50	0
#SofPed	481.559896	0	0
#SusPed	483.829427	0	0
#SusPed	483.839844	71	0
#SusPed	484.059896	0	0
#SusPed	484.065104	78	0
#SusPed	485.609375	0	0
#SusPed	485.615885	61	0
#SusPed	485.709635	0	0
#SusPed	485.714844	94	0
#SusPed	487.549479	0	0
#SusPed	487.554688	70	0
#SusPed	487.759115	0	0
#SusPed	487.772135	68	0
#SusPed	489.419271	0	0
#SusPed	489.427083	64	0
#SusPed	489.799479	0	0
#SusPed	489.808594	67	0
#SusPed	492.639323	0	0
#SusPed	492.645833	87	0
#SusPed	494.549479	0	0
#SusPed	494.563802	74	0
#SusPed	494.789062	0	0
#SusPed	494.794271	76	0
#SusPed	495.408854	0	0
#SusPed	495.421875	80	0
#SusPed	496.179688	0	0
#SusPed	496.187500	72	0
#SusPed	496.378906	0	0
#SusPed	496.385417	79	0
#SusPed	497.029948	0	0
#SusPed	497.039062	74	0
#SusPed	497.399740	0	0
#SusPed	497.407552	76	0
#SusPed	497.919271	0	0
#SusPed	497.932292	81	0
#SusPed	498.079427	0	0
#SusPed	498.084635	82	0
#SofPed	498.143229	68	0
#SusPed	498.419271	0	0
#SusPed	498.428385	99	0
#SusPed	498.789062	0	0
#SusPed	498.802083	76	0
#SusPed	500.098958	0	0
#SusPed	500.108073	73	0
#SusPed	500.619792	0	0
#SusPed	500.632812	67	0
#SusPed	500.819010	0	0
#SusPed	500.824219	75	0
#SusPed	501.739583	0	0
#SusPed	501.744792	62	0
#SusPed	502.119792	0	0
#SusPed	502.131510	72	0
#SofPed	502.500000	0	0
#SusPed	502.799479	0	0
#SusPed	502.804688	67	0
#SusPed	503.029948	0	0
#SusPed	503.036458	73	0
#SusPed	503.299479	0	0
#SusPed	503.311198	62	0
#SusPed	503.529948	0	0
#SusPed	503.537760	67	0
#SusPed	503.878906	0	0
#SusPed	503.894531	73	0
#SusPed	504.279948	0	0
#SusPed	504.285156	82	0
#SusPed	504.929688	0	0
#SusPed	504.936198	68	0
#SusPed	505.149740	0	0
#SusPed	505.156250	74	0
#SusPed	505.619792	0	0
#SusPed	505.630208	38	0
#SusPed	505.750000	0	0
#SusPed	505.761719	70	0
#SusPed	506.819010	0	0
#SusPed	506.825521	70	0
#SusPed	507.169271	0	0
#SusPed	507.182292	83	0
#SusPed	507.479167	0	0
#SusPed	507.484375	63	0
#SusPed	507.649740	0	0
#SusPed	507.660156	62	0
#SusPed	507.848958	0	0
#SusPed	507.863281	66	0
#SusPed	508.109375	0	0
#SusPed	508.121094	74	0
#SusPed	508.250000	0	0
#SusPed	508.256510	83	0
#SusPed	508.529948	0	0
#SusPed	508.544271	81	0
#SusPed	508.889323	0	0
#SusPed	508.902344	77	0
#SusPed	509.959635	0	0
#SusPed	509.964844	74	0
#SusPed	510.149740	0	0
#SusPed	510.161458	65	0
#SusPed	510.628906	0	0
#SusPed	510.638021	47	0
#SusPed	511.688802	0	0
#SusPed	511.703125	70	0
#SusPed	514.739583	0	0
#SusPed	514.752604	82	0
#SusPed	514.968750	0	0
#SusPed	514.980469	74	0
#SusPed	516.938802	0	0
#SusPed	516.953125	65	0
#SusPed	518.869792	0	0
#SusPed	518.877604	92	0
#SusPed	519.878906	0	0
#SusPed	519.893229	94	0
#SusPed	520.098958	0	0
#SusPed	520.113281	96	0
#SusPed	522.509115	0	0
#SusPed	522.520833	81	0
#SusPed	522.699219	0	0
#SusPed	522.704427	58	0
#SusPed	528.709635	0	0
