//Version: ScorePerfmMatch_v170503
// Score: /Users/toddywang/Documents/VsCodeProjects/xmltoexp/ATEPP-1.2/ATEPP-1.2/Ludwig_van_Beethoven/Piano_Sonata_No._17_in_D_Minor,_Op._31_No._2_"Tempest"/II._Adagio/score_hmm.txt
// Perfm: /Users/toddywang/Documents/VsCodeProjects/xmltoexp/ATEPP-1.2/ATEPP-1.2/Ludwig_van_Beethoven/Piano_Sonata_No._17_in_D_Minor,_Op._31_No._2_"Tempest"/II._Adagio/08351_spr.txt
0	0.350260	5.709635	Bb1	44	80	0	0	0	P1-1-4	0	0
1	0.526042	5.878906	F2	48	80	0	0	0	P1-1-5	0	-
2	0.654948	5.369792	Bb2	62	80	0	0	0	P1-1-6	0	-
3	0.776042	4.759115	D3	69	80	0	0	0	P1-1-7	0	-
4	0.881510	5.000000	F3	79	80	0	0	0	P1-1-8	0	-
5	1.123698	4.389323	Bb3	89	80	0	0	0	P1-1-9	0	-
6	6.532552	7.799479	D5	68	80	0	0	720	P1-2-1	0	-
7	7.626302	8.135417	Eb5	84	80	0	0	930	P1-2-2	0	-
8	7.919271	8.658854	F5	79	80	0	0	960	P1-2-3	0	-
9	9.236979	11.389323	Bb3	72	80	0	0	1200	P1-2-6	0	-
10	9.244792	10.468750	F3	54	80	0	0	1200	P1-2-5	0	-
11	9.253906	10.408854	Bb2	54	80	0	0	1200	P1-2-11	0	-
12	9.263021	10.438802	D3	54	80	0	0	1200	P1-2-4	0	-
13	9.265625	10.549479	Bb1	47	80	0	0	1200	P1-2-9	0	-
14	9.279948	10.989583	F2	46	80	0	0	1200	P1-2-10	0	-
15	11.218750	15.199219	A3	64	80	0	0	1440	P1-3-3	0	-
16	11.226562	15.509115	F3	52	80	0	0	1440	P1-3-2	0	-
17	11.234375	15.378906	Eb3	49	80	0	0	1440	P1-3-1	0	-
18	11.234375	15.579427	C3	45	80	0	0	1440	P1-3-6	0	-
19	11.235677	16.359375	C2	42	80	0	0	1440	P1-3-4	0	-
20	11.235677	16.259115	F2	43	80	0	0	1440	P1-3-5	0	-
21	16.397135	17.789062	A5	78	80	0	0	2160	P1-4-1	0	-
22	17.635417	18.319010	Bb5	87	80	0	0	2370	P1-4-2	0	-
23	17.950521	18.929688	C6	81	80	0	0	2400	P1-4-3	0	-
24	19.597656	22.229167	Eb4	53	80	0	0	2640	P1-4-5	0	-
25	19.615885	20.809896	C4	39	80	0	0	2640	P1-4-4	0	-
26	19.661458	21.739583	F3	35	80	0	0	2640	P1-4-9	0	-
27	19.673177	21.718750	A2	32	80	0	0	2640	P1-4-8	0	-
28	21.735677	24.299479	D4	47	80	0	0	2880	P1-5-2	0	-
29	21.743490	25.009115	Bb3	38	80	0	0	2880	P1-5-1	0	-
30	21.750000	25.859375	F3	34	80	0	0	2880	P1-5-14	0	-
31	21.763021	25.929688	Bb2	30	80	0	0	2880	P1-5-13	0	-
32	24.799479	25.299479	D4	47	80	0	0	3360	P1-5-3	0	-
33	25.087240	25.419271	F4	55	80	0	0	3390	P1-5-4	0	-
34	25.312500	25.444010	Eb4	60	80	0	0	3420	P1-5-5	0	-
35	25.454427	25.574219	D4	62	80	0	0	3450	P1-5-6	0	-
36	25.571615	25.684896	Eb4	74	80	0	0	3480	P1-5-7	0	-
37	25.695312	25.782552	F4	74	80	0	0	3510	P1-5-8	0	-
38	25.794271	25.869792	G4	78	80	0	0	3540	P1-5-9	0	-
39	25.902344	25.992188	A4	86	80	0	0	3570	P1-5-10	0	-
40	26.014323	26.063802	Bb4	79	80	0	0	3600	P1-5-11	0	-
41	26.108073	26.260417	C5	88	80	0	0	3630	P1-5-12	0	-
42	26.252604	27.479167	D5	86	80	0	0	3690	P1-6-1	0	-
43	27.363281	27.627604	Eb5	94	80	0	0	3900	P1-6-2	0	-
44	27.605469	28.889323	F5	95	80	0	0	3930	P1-6-3	0	-
45	28.945312	30.669271	F5	92	80	0	0	4170	P1-6-4	0	-
46	28.953125	30.389323	Ab4	88	80	0	0	4170	P1-6-5	0	-
47	28.981771	30.688802	B3	73	80	0	0	4170	P1-6-8	0	-
48	28.984375	30.468750	D3	53	80	0	0	4170	P1-6-9	0	-
49	30.674479	32.589844	F5	79	80	0	0	4410	P1-7-1	0	-
50	30.683594	33.149740	G4	68	80	0	0	4410	P1-7-6	0	-
51	30.697917	32.438802	B3	52	80	0	0	4410	P1-7-10	0	-
52	30.703125	33.098958	Eb3	44	80	0	0	4410	P1-7-15	0	-
53	32.342448	32.781250	Eb5	65	80	0	0	4650	P1-7-2	0	-
54	32.343750	32.989583	C4	40	80	0	0	4650	P1-7-11	0	-
55	33.092448	33.889323	D5	82	80	0	0	4770	P1-7-3	0	-
56	33.098958	33.658854	Bb4	69	80	0	0	4770	P1-7-7	0	-
57	33.104167	33.919271	D4	64	80	0	0	4770	P1-7-12	0	-
58	33.105469	33.859375	F3	50	80	0	0	4770	P1-7-16	0	-
59	33.841146	34.279948	C5	86	80	0	0	4890	P1-7-4	0	-
60	33.845052	34.171875	Bb4	82	80	0	0	4890	P1-7-8	0	-
61	33.845052	34.438802	Eb4	66	80	0	0	4890	P1-7-13	0	-
62	33.859375	34.289062	G3	56	80	0	0	4890	P1-7-17	0	-
63	34.524740	35.929688	G3	68	80	0	0	5010	P1-7-18	0	-
64	34.524740	35.309896	E4	74	80	0	0	5010	P1-7-14	0	-
65	34.524740	34.757812	Bb4	90	80	0	0	5010	P1-7-9	0	-
66	34.524740	35.000000	C5	86	80	0	0	5010	P1-7-5	0	-
67	34.985677	35.908854	Bb4	77	80	0	0	5130	P1-8-9	0	-
68	35.075521	35.166667	C5	73	80	0	0	5130	P1-8-1	0	-
69	35.098958	38.609375	F3	58	80	0	0	5130	P1-8-23	0	-
70	35.175781	35.289062	D5	68	80	0	0	5145	P1-8-1	0	-
71	35.274740	35.341146	C5	86	80	0	0	5145	P1-8-12	0	-
72	35.321615	37.079427	E4	75	80	0	0	5160	P1-8-13	0	-
73	35.335938	35.438802	D5	79	80	0	0	5160	P1-8-13	0	-
74	35.432292	35.498698	C5	84	80	0	0	5175	P1-8-14	0	-
75	35.503906	35.598958	D5	75	80	0	0	5190	P1-8-15	0	-
76	35.604167	35.658854	C5	71	80	0	0	5205	P1-8-16	0	-
77	35.665365	35.748698	D5	84	80	0	0	5220	P1-8-1	0	-
78	35.755208	35.819010	C5	77	80	0	0	5235	P1-8-18	0	-
79	35.829427	35.915365	B4	82	80	0	0	5250	P1-8-2	0	-
80	35.927083	36.024740	C5	87	80	0	0	5250	P1-8-3	0	-
81	36.014323	36.565104	D5	87	80	0	0	5250	P1-8-4	0	-
82	36.554688	36.832031	C5	78	80	0	0	5310	P1-8-5	0	-
83	37.117188	38.799479	C5	56	80	0	0	5370	P1-8-6	0	-
84	37.117188	38.989583	A4	55	80	0	0	5370	P1-8-10	0	-
85	37.164062	38.589844	F4	32	80	0	0	5370	P1-8-20	0	-
86	39.473958	40.000000	F3	46	80	0	0	5670	P1-8-26	0	-
87	39.932292	40.369792	G3	55	80	0	0	5730	P1-8-28	0	-
88	39.936198	40.419271	Eb3	49	80	0	0	5730	P1-8-27	0	-
89	40.303385	40.979167	A3	75	80	0	0	5790	P1-8-30	0	-
90	40.309896	40.500000	C3	65	80	0	0	5790	P1-8-29	0	-
91	40.908854	44.699219	Bb3	72	80	0	0	5850	P1-9-1	0	-
92	40.929688	42.500000	D3	66	80	0	0	5850	P1-9-3	0	-
93	40.929688	45.609375	Bb2	65	80	0	0	5850	P1-9-2	0	-
94	40.932292	45.239583	Bb1	62	80	0	0	5850	P1-9-10	0	-
95	42.444010	42.899740	Eb3	73	80	0	0	6060	P1-9-5	0	-
96	42.445312	42.839844	C3	64	80	0	0	6060	P1-9-4	0	-
97	42.723958	44.079427	F3	73	80	0	0	6090	P1-9-7	0	-
98	42.726562	44.089844	D3	66	80	0	0	6090	P1-9-6	0	-
99	44.430990	45.188802	F3	67	80	0	0	6330	P1-9-9	0	-
100	44.437500	45.408854	D3	54	80	0	0	6330	P1-9-8	0	-
101	46.272135	46.812500	D5	74	80	0	0	6570	P1-10-1	0	-
102	46.309896	48.500000	F3	45	80	0	0	6570	P1-10-13	0	-
103	46.326823	46.339844	Bb3	39	80	0	0	6570	P1-10-11	0	-
104	46.334635	48.509115	Bb2	39	80	0	0	6570	P1-10-11	0	-
105	46.335938	48.500000	D3	36	80	0	0	6570	P1-10-12	0	-
106	46.820312	46.923177	Eb5	71	80	0	0	6660	P1-10-8	0	-
107	46.907552	46.985677	D5	77	80	0	0	6670	P1-10-9	0	-
108	46.996094	47.119792	C5	82	80	0	0	6680	P1-10-10	0	-
109	47.104167	47.878906	D5	81	80	0	0	6690	P1-10-2	0	-
110	47.589844	47.875000	Eb5	93	80	0	0	6780	P1-10-3	0	-
111	47.903646	48.419271	F5	82	80	0	0	6810	P1-10-4	0	-
112	49.460938	50.968750	Bb3	80	80	0	0	7050	P1-10-7	0	-
113	49.479167	50.739583	D3	57	80	0	0	7050	P1-10-5	0	-
114	49.509115	50.750000	Bb2	49	80	0	0	7050	P1-10-15	0	-
115	49.513021	50.959635	Bb1	47	80	0	0	7050	P1-10-14	0	-
116	51.511719	56.218750	A3	83	80	0	0	7290	P1-11-1	0	-
117	51.533854	53.299479	Eb3	70	80	0	0	7290	P1-11-3	0	-
118	51.536458	55.989583	C3	69	80	0	0	7290	P1-11-2	0	-
119	51.541667	55.589844	F2	64	80	0	0	7290	P1-11-11	0	-
120	51.544271	55.869792	F1	60	80	0	0	7290	P1-11-10	0	-
121	53.013021	53.429688	F3	89	80	0	0	7500	P1-11-5	0	-
122	53.015625	53.378906	D3	80	80	0	0	7500	P1-11-4	0	-
123	53.308594	55.119792	Gb3	78	80	0	0	7530	P1-11-7	0	-
124	53.309896	55.119792	Eb3	78	80	0	0	7530	P1-11-6	0	-
125	55.125000	56.348958	Gb3	79	80	0	0	7770	P1-11-9	0	-
126	55.130208	56.408854	Eb3	71	80	0	0	7770	P1-11-8	0	-
127	56.071615	56.369792	F2	38	80	0	0	8010	P1-12-10	0	-
128	57.003906	57.579427	C6	86	80	0	0	8010	P1-12-1	0	-
129	57.036458	58.559896	Gb3	57	80	0	0	8010	P1-12-12	0	-
130	57.039062	58.658854	Eb3	54	80	0	0	8010	P1-12-11	0	-
131	57.540365	57.638021	D6	71	80	0	0	8100	P1-12-7	0	-
132	57.628906	57.799479	C6	78	80	0	0	8110	P1-12-8	0	-
133	57.714844	57.817708	B5	91	80	0	0	8120	P1-12-9	0	-
134	57.804688	58.399740	C6	94	80	0	0	8130	P1-12-2	0	-
135	58.276042	58.574219	D6	100	80	0	0	8220	P1-12-3	0	-
136	58.542969	59.839844	Eb6	97	80	0	0	8250	P1-12-4	0	-
137	60.059896	62.169271	Gb4	89	80	0	0	8490	P1-12-6	0	-
138	60.067708	61.408854	Eb4	81	80	0	0	8490	P1-12-5	0	-
139	60.072917	61.419271	C4	75	80	0	0	8490	P1-12-15	0	-
140	60.075521	61.819010	Bb3	78	80	0	0	8490	P1-12-14	0	-
141	62.035156	63.658854	C4	66	80	0	0	8730	P1-13-7	0	-
142	62.050781	64.169271	F4	55	80	0	0	8730	P1-13-1	0	-
143	62.053385	63.709635	A3	55	80	0	0	8730	P1-13-6	0	-
144	62.057292	63.679688	Eb4	55	80	0	0	8730	P1-13-2	0	-
145	63.555990	64.049479	B3	63	80	0	0	8940	P1-13-8	0	-
146	63.555990	64.089844	D4	72	80	0	0	8940	P1-13-9	0	-
147	63.901042	65.339844	Eb4	70	80	0	0	8970	P1-13-11	0	-
148	63.902344	65.699219	C4	61	80	0	0	8970	P1-13-10	0	-
149	65.703125	66.519531	Eb4	67	80	0	0	9210	P1-13-13	0	-
150	65.705729	66.500000	C4	57	80	0	0	9210	P1-13-12	0	-
151	67.484375	67.967448	C6	77	80	0	0	9450	P1-14-1	0	-
152	67.498698	69.789062	Eb4	49	80	0	0	9450	P1-14-10	0	-
153	67.505208	69.149740	C4	42	80	0	0	9450	P1-14-12	0	-
154	67.507812	69.789062	F3	44	80	0	0	9450	P1-14-15	0	-
155	67.966146	68.109375	D6	68	80	0	0	9540	P1-14-7	0	-
156	68.054688	68.147135	C6	75	80	0	0	9550	P1-14-8	0	-
157	68.144531	68.295573	B5	82	80	0	0	9560	P1-14-9	0	-
158	68.243490	68.839844	C6	86	80	0	0	9570	P1-14-2	0	-
159	68.746094	69.319010	D6	96	80	0	0	9660	P1-14-3	0	-
160	69.057292	69.718750	Eb6	89	80	0	0	9690	P1-14-4	0	-
161	69.082031	69.889323	A3	58	80	0	0	9690	P1-14-13	0	-
162	70.854167	72.718750	Eb5	77	80	0	0	9930	P1-14-6	0	-
163	70.864583	72.859375	A4	62	80	0	0	9930	P1-14-5	0	-
164	70.875000	72.109375	Eb4	53	80	0	0	9930	P1-14-11	0	-
165	70.876302	72.289062	C4	48	80	0	0	9930	P1-14-14	0	-
166	70.878906	72.848958	F#3	49	80	0	0	9930	P1-14-16	0	-
167	72.752604	73.899740	D5	58	80	0	0	10170	P1-15-2	0	-
168	72.756510	73.479167	Bb4	51	80	0	0	10170	P1-15-1	0	-
169	72.785156	73.718750	G3	33	80	0	0	10170	P1-15-10	0	-
170	72.787760	73.589844	Bb3	39	80	0	0	10170	P1-15-11	0	-
171	72.789062	73.489583	D4	35	80	0	0	10170	P1-15-12	0	-
172	74.384115	78.209635	G5	100	80	0	0	10410	P1-15-4	0	-
173	75.921875	76.369792	Bb4	81	80	0	0	10650	P1-15-7	0	-
174	75.923177	76.359375	G4	76	80	0	0	10650	P1-15-6	0	-
175	75.923177	76.369792	Db5	79	80	0	0	10650	P1-15-8	0	-
176	75.924479	76.239583	Db4	76	80	0	0	10650	P1-15-17	0	-
177	75.925781	76.229167	Bb3	75	80	0	0	10650	P1-15-16	0	-
178	75.927083	76.239583	E3	66	80	0	0	10650	P1-15-15	0	-
179	78.092448	80.679688	F5	70	80	0	0	10890	P1-16-1	0	-
180	79.864583	80.209635	F3	32	80	0	0	11130	P1-16-13	0	-
181	79.867188	80.158854	Bb3	31	80	0	0	11130	P1-16-14	0	-
182	79.872396	80.269531	D5	41	80	0	0	11130	P1-16-6	0	-
183	79.873698	80.378906	Bb4	37	80	0	0	11130	P1-16-5	0	-
184	79.875000	80.128906	D4	32	80	0	0	11130	P1-16-15	0	-
185	79.876302	80.549479	F4	32	80	0	0	11130	P1-16-4	0	-
186	81.544271	81.929688	A4	44	80	0	0	11370	P1-16-10	0	-
187	81.545573	81.647135	C4	35	80	0	0	11370	P1-16-8	0	-
188	81.546875	81.652344	Eb4	39	80	0	0	11370	P1-16-9	0	-
189	81.554688	81.643229	F2	36	80	0	0	11370	P1-16-17	0	-
190	81.561198	81.643229	F3	36	80	0	0	11370	P1-16-18	0	-
191	83.272135	83.628906	Bb4	40	80	0	0	11610	P1-17-3	0	-
192	83.292969	83.628906	D4	28	80	0	0	11610	P1-17-2	0	-
193	83.294271	83.598958	Bb3	28	80	0	0	11610	P1-17-1	0	-
194	83.295573	83.549479	Bb2	30	80	0	0	11610	P1-17-8	0	-
195	83.296875	83.559896	Bb1	30	80	0	0	11610	P1-17-7	0	-
196	84.717448	84.785156	Bb2	39	80	0	0	11790	P1-17-10	0	-
197	84.807292	84.938802	Bb1	43	80	0	0	11810	P1-17-11	0	-
198	84.886719	84.953125	Bb2	50	80	0	0	11830	P1-17-12	0	-
199	84.945312	85.000000	Bb1	54	80	0	0	11850	P1-17-13	0	-
200	86.167969	86.222656	Bb2	39	80	0	0	12030	P1-17-15	0	-
201	86.242188	86.299479	Bb1	53	80	0	0	12050	P1-17-16	0	-
202	86.341146	86.393229	Bb2	55	80	0	0	12070	P1-17-17	0	-
203	86.404948	86.451823	Bb1	54	80	0	0	12090	P1-17-18	0	-
204	87.639323	87.703125	Bb2	44	80	0	0	12270	P1-17-20	0	-
205	87.736979	87.795573	Bb1	48	80	0	0	12290	P1-17-21	0	-
206	87.815104	87.897135	Bb2	56	80	0	0	12310	P1-17-22	0	-
207	87.930990	87.979167	Bb1	46	80	0	0	12330	P1-18-10	0	-
208	87.934896	89.619792	Eb4	64	80	0	0	12330	P1-18-3	0	-
209	87.954427	89.399740	G3	42	80	0	0	12330	P1-18-1	0	-
210	87.963542	89.069010	Bb3	47	80	0	0	12330	P1-18-2	0	-
211	89.399740	91.128906	D4	63	80	0	0	12570	P1-18-6	0	-
212	89.410156	91.069010	F3	52	80	0	0	12570	P1-18-4	0	-
213	89.410156	90.859375	Bb3	55	80	0	0	12570	P1-18-5	0	-
214	90.856771	92.378906	C#4	64	80	0	0	12810	P1-18-9	0	-
215	90.863281	92.399740	E3	53	80	0	0	12810	P1-18-7	0	-
216	90.864583	92.199219	Bb3	52	80	0	0	12810	P1-18-9	0	-
217	92.545573	94.329427	C#4	54	80	0	0	13050	P1-19-3	0	-
218	92.561198	94.919271	Bb3	46	80	0	0	13050	P1-19-3	0	-
219	92.571615	94.029948	E3	40	80	0	0	13050	P1-19-1	0	-
220	93.954427	94.079427	Bb2	44	80	0	0	13230	P1-19-11	0	-
221	94.044271	94.218750	Bb1	47	80	0	0	13250	P1-19-12	0	-
222	94.135417	94.449219	Bb2	52	80	0	0	13270	P1-19-13	0	-
223	94.223958	94.709635	Bb1	46	80	0	0	13290	P1-19-14	0	-
224	94.235677	94.694010	D4	41	80	0	0	13290	P1-19-6	0	-
225	95.453125	95.559896	Bb2	30	80	0	0	13470	P1-19-16	0	-
226	95.522135	95.639323	Bb1	48	80	0	0	13490	P1-19-17	0	-
227	95.604167	95.683594	Bb2	55	80	0	0	13510	P1-19-18	0	-
228	95.697917	95.759115	Bb1	47	80	0	0	13530	P1-19-19	0	-
229	96.934896	97.039062	Bb2	37	80	0	0	13710	P1-19-21	0	-
230	97.013021	97.070312	Bb1	57	80	0	0	13730	P1-19-22	0	-
231	97.096354	97.171875	Bb2	54	80	0	0	13750	P1-19-23	0	-
232	97.222656	98.348958	C4	60	80	0	0	13770	P1-20-10	0	-
233	97.234375	100.269531	G3	48	80	0	0	13770	P1-20-2	0	-
234	97.234375	100.169271	Eb3	44	80	0	0	13770	P1-20-1	0	-
235	98.414062	98.669271	D4	55	80	0	0	13920	P1-20-12	0	-
236	98.519531	98.679688	C4	59	80	0	0	13950	P1-20-13	0	-
237	98.644531	99.059896	B3	70	80	0	0	13980	P1-20-14	0	-
238	98.753906	99.809896	C4	68	80	0	0	14010	P1-20-6	0	-
239	99.444010	100.559896	Eb4	69	80	0	0	14130	P1-20-7	0	-
240	100.295573	101.286458	C4	52	80	0	0	14250	P1-20-8	0	-
241	100.325521	101.769531	Gb3	33	80	0	0	14250	P1-20-4	0	-
242	100.333333	102.079427	Eb3	33	80	0	0	14250	P1-20-3	0	-
243	101.162760	102.139323	A3	50	80	0	0	14370	P1-20-9	0	-
244	102.109375	103.729167	C4	47	80	0	0	14490	P1-21-4	0	-
245	102.144531	103.938802	Gb3	33	80	0	0	14490	P1-21-2	0	-
246	102.145833	103.438802	Eb3	33	80	0	0	14490	P1-21-1	0	-
247	102.147135	103.709635	A3	32	80	0	0	14490	P1-21-3	0	-
248	103.420573	103.579427	Bb2	39	80	0	0	14670	P1-21-12	0	-
249	103.501302	103.565104	Bb1	52	80	0	0	14690	P1-21-13	0	-
250	103.589844	104.035156	Bb2	45	80	0	0	14710	P1-21-14	0	-
251	103.687500	104.023438	Bb1	49	80	0	0	14730	P1-21-15	0	-
252	105.075521	105.169271	Bb2	36	80	0	0	14910	P1-21-17	0	-
253	105.145833	105.299479	Bb1	53	80	0	0	14930	P1-21-18	0	-
254	105.246094	105.308594	Bb2	53	80	0	0	14950	P1-21-19	0	-
255	105.307292	105.359375	Bb1	53	80	0	0	14970	P1-21-20	0	-
256	106.589844	106.647135	Bb2	49	80	0	0	15150	P1-21-22	0	-
257	106.673177	106.799479	Bb1	59	80	0	0	15170	P1-21-23	0	-
258	106.759115	106.837240	Bb2	60	80	0	0	15190	P1-21-24	0	-
259	106.884115	107.119792	Bb1	53	80	0	0	15210	P1-22-9	0	-
260	106.893229	108.069010	Bb4	80	80	0	0	15210	P1-22-2	0	-
261	106.914062	108.009115	D4	57	80	0	0	15210	P1-22-1	0	-
262	108.463542	109.658854	G4	84	80	0	0	15450	P1-22-5	0	-
263	108.466146	110.199219	Bb3	74	80	0	0	15450	P1-22-3	0	-
264	108.467448	109.729167	D4	72	80	0	0	15450	P1-22-4	0	-
265	110.084635	112.209635	F4	74	80	0	0	15690	P1-22-8	0	-
266	110.092448	111.750000	A3	74	80	0	0	15690	P1-22-6	0	-
267	110.096354	111.559896	D4	68	80	0	0	15690	P1-22-7	0	-
268	112.065104	114.299479	E4	43	80	0	0	15930	P1-23-3	0	-
269	112.071615	113.919271	G3	36	80	0	0	15930	P1-23-1	0	-
270	112.072917	114.378906	C4	38	80	0	0	15930	P1-23-2	0	-
271	113.399740	113.539062	C3	37	80	0	0	16110	P1-23-15	0	-
272	113.500000	113.609375	C2	39	80	0	0	16130	P1-23-16	0	-
273	113.592448	113.759115	C3	43	80	0	0	16150	P1-23-17	0	-
274	113.722656	113.878906	C2	39	80	0	0	16170	P1-23-18	0	-
275	114.484375	114.908854	G3	33	80	0	0	16290	P1-23-4	0	-
276	114.484375	115.299479	E4	46	80	0	0	16290	P1-23-6	0	-
277	114.484375	115.009115	C4	34	80	0	0	16290	P1-23-5	0	-
278	114.861979	115.039062	C6	50	80	0	0	16350	P1-23-20	0	-
279	114.957031	115.109375	C5	54	80	0	0	16370	P1-23-21	0	-
280	115.045573	115.199219	C6	54	80	0	0	16390	P1-23-22	0	-
281	115.154948	115.878906	F4	49	80	0	0	16410	P1-23-9	0	-
282	115.165365	115.699219	C4	45	80	0	0	16410	P1-23-8	0	-
283	115.169271	115.839844	A3	40	80	0	0	16410	P1-23-7	0	-
284	115.171875	115.779948	C5	54	80	0	0	16410	P1-23-23	0	-
285	115.854167	116.369792	G4	60	80	0	0	16530	P1-23-12	0	-
286	115.863281	116.319010	Bb3	51	80	0	0	16530	P1-23-10	0	-
287	115.864583	116.438802	C4	44	80	0	0	16530	P1-23-11	0	-
288	116.664062	117.949219	G4	57	80	0	0	16650	P1-24-3	0	-
289	116.675781	117.479167	C4	47	80	0	0	16650	P1-24-2	0	-
290	116.679688	117.419271	Bb3	51	80	0	0	16650	P1-24-1	0	-
291	117.843750	118.259115	E4	59	80	0	0	16830	P1-24-6	0	-
292	117.872396	118.158854	C4	43	80	0	0	16830	P1-24-5	0	-
293	117.872396	118.069010	G#3	41	80	0	0	16830	P1-24-4	0	-
294	117.875000	118.000000	C3	38	80	0	0	16830	P1-24-21	0	-
295	117.963542	118.239583	C2	42	80	0	0	16850	P1-24-22	0	-
296	118.091146	118.429688	C3	38	80	0	0	16870	P1-24-23	0	-
297	118.240885	118.869792	F4	54	80	0	0	16890	P1-24-9	0	-
298	118.253906	118.609375	C2	43	80	0	0	16890	P1-24-24	0	-
299	118.253906	118.759115	C4	47	80	0	0	16890	P1-24-8	0	-
300	118.255208	118.669271	A3	49	80	0	0	16890	P1-24-7	0	-
301	118.954427	119.468750	F4	60	80	0	0	17010	P1-24-12	0	-
302	118.958333	119.389323	A3	51	80	0	0	17010	P1-24-10	0	-
303	118.959635	119.449219	C4	54	80	0	0	17010	P1-24-11	0	-
304	119.290365	119.352865	C6	51	80	0	0	17070	P1-24-26	0	-
305	119.382812	119.509115	C5	64	80	0	0	17090	P1-24-27	0	-
306	119.490885	119.639323	C6	66	80	0	0	17110	P1-24-28	0	-
307	119.605469	120.098958	G4	78	80	0	0	17130	P1-24-15	0	-
308	119.614583	120.158854	E4	61	80	0	0	17130	P1-24-14	0	-
309	119.615885	119.869792	C4	59	80	0	0	17130	P1-24-13	0	-
310	119.615885	119.718750	C5	69	80	0	0	17130	P1-24-29	0	-
311	120.313802	120.829427	A4	85	80	0	0	17250	P1-24-18	0	-
312	120.324219	120.859375	C4	69	80	0	0	17250	P1-24-16	0	-
313	120.329427	120.899740	F4	67	80	0	0	17250	P1-24-17	0	-
314	121.095052	122.500000	A4	79	80	0	0	17370	P1-25-2	0	-
315	121.115885	122.500000	C4	61	80	0	0	17370	P1-25-16	0	-
316	121.121094	122.329427	F4	60	80	0	0	17370	P1-25-1	0	-
317	122.265625	122.649740	F#4	77	80	0	0	17550	P1-25-4	0	-
318	122.281250	122.658854	D#4	65	80	0	0	17550	P1-25-3	0	-
319	122.298177	122.355469	C3	49	80	0	0	17550	P1-25-20	0	-
320	122.390625	122.753906	C2	59	80	0	0	17570	P1-25-21	0	-
321	122.509115	122.839844	C3	59	80	0	0	17590	P1-25-22	0	-
322	122.643229	123.128906	G4	86	80	0	0	17610	P1-25-6	0	-
323	122.652344	123.139323	E4	67	80	0	0	17610	P1-25-5	0	-
324	123.334635	123.769531	G4	92	80	0	0	17730	P1-25-9	0	-
325	123.339844	124.029948	E4	73	80	0	0	17730	P1-25-8	0	-
326	123.341146	123.539062	C4	64	80	0	0	17730	P1-25-7	0	-
327	123.726562	123.803385	C6	86	80	0	0	17790	P1-25-25	0	-
328	123.834635	123.938802	C5	62	80	0	0	17810	P1-25-26	0	-
329	123.899740	124.000000	C6	84	80	0	0	17830	P1-25-27	0	-
330	123.998698	124.239583	A4	95	80	0	0	17850	P1-25-12	0	-
331	124.003906	124.209635	C5	81	80	0	0	17850	P1-25-28	0	-
332	124.003906	124.218750	C4	73	80	0	0	17850	P1-25-10	0	-
333	124.006510	124.348958	F4	69	80	0	0	17850	P1-25-11	0	-
334	124.707031	125.289062	Bb4	100	80	0	0	17970	P1-25-15	0	-
335	124.714844	125.239583	C4	82	80	0	0	17970	P1-25-13	0	-
336	124.714844	125.250000	G4	90	80	0	0	17970	P1-25-14	0	-
337	125.550781	126.739583	Bb4	97	80	0	0	18090	P1-26-2	0	-
338	125.555990	126.769531	G4	86	80	0	0	18090	P1-26-1	0	-
339	125.557292	126.279948	C4	77	80	0	0	18090	P1-26-18	0	-
340	126.686198	127.069010	G#4	95	80	0	0	18270	P1-26-4	0	-
341	126.694010	127.059896	E4	78	80	0	0	18270	P1-26-3	0	-
342	126.713542	126.869792	C3	66	80	0	0	18270	P1-26-22	0	-
343	126.813802	127.309896	C2	60	80	0	0	18290	P1-26-23	0	-
344	126.914062	127.289062	C3	77	80	0	0	18310	P1-26-24	0	-
345	127.035156	127.489583	A4	91	80	0	0	18330	P1-26-6	0	-
346	127.040365	127.468750	F4	83	80	0	0	18330	P1-26-5	0	-
347	127.714844	128.059896	A4	94	80	0	0	18450	P1-26-9	0	-
348	127.717448	128.109375	F4	77	80	0	0	18450	P1-26-8	0	-
349	127.720052	127.929688	C4	72	80	0	0	18450	P1-26-7	0	-
350	128.106771	128.196615	C6	90	80	0	0	18510	P1-26-27	0	-
351	128.222656	128.298177	C5	80	80	0	0	18530	P1-26-28	0	-
352	128.311198	128.419271	C6	91	80	0	0	18550	P1-26-29	0	-
353	128.424479	128.579427	B4	99	80	0	0	18570	P1-26-13	0	-
354	128.425781	128.549479	C5	96	80	0	0	18570	P1-26-30	0	-
355	128.430990	128.819010	Ab4	93	80	0	0	18570	P1-26-12	0	-
356	128.430990	128.699219	D4	89	80	0	0	18570	P1-26-10	0	-
357	128.432292	128.679688	F4	83	80	0	0	18570	P1-26-11	0	-
358	129.265625	129.628906	B4	102	80	0	0	18690	P1-26-17	0	-
359	129.273438	129.799479	Ab4	96	80	0	0	18690	P1-26-16	0	-
360	129.274740	130.019531	D4	86	80	0	0	18690	P1-26-14	0	-
361	129.274740	129.799479	F4	84	80	0	0	18690	P1-26-15	0	-
362	129.615885	129.799479	C6	87	80	0	0	18750	P1-26-32	0	-
363	129.718750	129.805990	C5	87	80	0	0	18770	P1-26-33	0	-
364	129.811198	129.989583	C6	98	80	0	0	18790	P1-26-34	0	-
365	130.139323	130.549479	C5	75	80	0	0	18810	P1-27-3	0	-
366	130.148438	130.688802	E4	59	80	0	0	18810	P1-27-1	0	-
367	130.156250	130.619792	G4	64	80	0	0	18810	P1-27-2	0	-
368	131.036458	132.188802	G4	72	80	0	0	18930	P1-27-6	0	-
369	131.039062	132.188802	C4	57	80	0	0	18930	P1-27-4	0	-
370	131.041667	132.289062	E4	56	80	0	0	18930	P1-27-5	0	-
371	131.382812	131.549479	C3	60	80	0	0	18990	P1-27-18	0	-
372	131.540365	131.769531	C2	61	80	0	0	19020	P1-27-19	0	-
373	131.729167	131.848958	C3	70	80	0	0	19050	P1-27-20	0	-
374	132.415365	132.968750	G4	90	80	0	0	19170	P1-27-9	0	-
375	132.421875	132.848958	C4	68	80	0	0	19170	P1-27-7	0	-
376	132.421875	133.049479	E4	71	80	0	0	19170	P1-27-8	0	-
377	132.760417	132.919271	C6	79	80	0	0	19230	P1-27-22	0	-
378	132.897135	133.029948	C5	77	80	0	0	19260	P1-27-23	0	-
379	133.132812	133.429688	B4	86	80	0	0	19290	P1-27-12	0	-
380	133.138021	133.149740	C6	78	80	0	0	19290	P1-27-24	0	-
381	133.165365	133.489583	D4	59	80	0	0	19290	P1-27-10	0	-
382	133.166667	133.479167	F4	55	80	0	0	19290	P1-27-11	0	-
383	133.936198	134.949219	G4	83	80	0	0	19410	P1-27-15	0	-
384	133.946615	134.509115	D4	67	80	0	0	19410	P1-27-13	0	-
385	133.947917	134.549479	F4	71	80	0	0	19410	P1-27-14	0	-
386	134.709635	135.669271	C5	78	80	0	0	19530	P1-28-3	0	-
387	134.713542	135.408854	E4	58	80	0	0	19530	P1-28-2	0	-
388	134.714844	135.378906	C4	63	80	0	0	19530	P1-28-1	0	-
389	135.595052	136.889323	G4	83	80	0	0	19650	P1-28-6	0	-
390	135.600260	136.750000	E4	67	80	0	0	19650	P1-28-5	0	-
391	135.600260	136.739583	C4	64	80	0	0	19650	P1-28-4	0	-
392	135.964844	136.158854	C3	55	80	0	0	19710	P1-28-18	0	-
393	136.106771	136.429688	C2	69	80	0	0	19740	P1-28-19	0	-
394	136.303385	136.519531	C3	70	80	0	0	19770	P1-28-20	0	-
395	137.024740	137.579427	G4	84	80	0	0	19890	P1-28-9	0	-
396	137.031250	137.519531	C4	64	80	0	0	19890	P1-28-7	0	-
397	137.032552	137.628906	E4	66	80	0	0	19890	P1-28-8	0	-
398	137.373698	137.533854	C6	77	80	0	0	19950	P1-28-22	0	-
399	137.506510	137.628906	C5	79	80	0	0	19980	P1-28-23	0	-
400	137.688802	137.829427	C6	85	80	0	0	20010	P1-28-24	0	-
401	137.690104	137.859375	B5	84	80	0	0	20010	P1-28-24	0	-
402	137.695312	138.029948	B4	83	80	0	0	20010	P1-28-12	0	-
403	137.723958	138.079427	D4	57	80	0	0	20010	P1-28-10	0	-
404	137.723958	138.089844	F4	57	80	0	0	20010	P1-28-11	0	-
405	138.494792	139.429688	G4	84	80	0	0	20130	P1-28-15	0	-
406	138.500000	139.089844	D4	64	80	0	0	20130	P1-28-13	0	-
407	138.503906	139.098958	F4	73	80	0	0	20130	P1-28-14	0	-
408	139.278646	139.859375	C5	78	80	0	0	20250	P1-29-3	0	-
409	139.285156	139.789062	C4	65	80	0	0	20250	P1-29-1	0	-
410	139.285156	139.779948	E4	58	80	0	0	20250	P1-29-2	0	-
411	140.046875	141.750000	G4	79	80	0	0	20370	P1-29-6	0	-
412	140.049479	141.339844	C4	66	80	0	0	20370	P1-29-4	0	-
413	140.050781	141.408854	E4	68	80	0	0	20370	P1-29-5	0	-
414	140.450521	140.609375	C3	45	80	0	0	20430	P1-29-15	0	-
415	140.613281	142.009115	C2	40	80	0	0	20460	P1-29-16	0	-
416	140.819010	141.489583	C3	52	80	0	0	20490	P1-29-17	0	-
417	141.736979	145.179688	E4	56	80	0	0	20610	P1-29-9	0	-
418	141.742188	143.089844	C4	49	80	0	0	20610	P1-29-8	0	-
419	141.742188	142.799479	G3	47	80	0	0	20610	P1-29-7	0	-
420	142.122396	142.339844	C3	36	80	0	0	20670	P1-29-19	0	-
421	142.274740	143.309896	C2	35	80	0	0	20700	P1-29-20	0	-
422	142.484375	143.269531	C3	41	80	0	0	20730	P1-29-21	0	-
423	143.338542	144.559896	C4	43	80	0	0	20850	P1-29-12	0	-
424	143.342448	144.149740	G3	38	80	0	0	20850	P1-29-11	0	-
425	143.343750	144.579427	E3	39	80	0	0	20850	P1-29-10	0	-
426	143.713542	144.089844	C3	31	80	0	0	20910	P1-29-23	0	-
427	143.891927	145.119792	C2	22	80	0	0	20940	P1-29-24	0	-
428	144.104167	145.759115	C3	41	80	0	0	20970	P1-30-13	0	-
429	144.864583	145.789062	C4	55	80	0	0	21090	P1-30-14	0	-
430	145.641927	146.459635	B3	68	80	0	0	21210	P1-30-15	0	-
431	146.411458	147.598958	C4	75	80	0	0	21330	P1-30-19	0	-
432	146.414062	147.269531	Bb3	74	80	0	0	21330	P1-30-16	0	-
433	147.171875	147.908854	A3	72	80	0	0	21450	P1-30-17	0	-
434	147.526042	147.809896	D4	78	80	0	0	21510	P1-30-7	0	-
435	147.709635	147.812500	E4	81	80	0	0	21540	P1-30-8	0	-
436	147.890625	147.984375	F4	78	80	0	0	21570	P1-30-9	0	-
437	147.893229	148.272135	Bb3	77	80	0	0	21570	P1-30-20	0	-
438	147.895833	148.273438	G3	72	80	0	0	21570	P1-30-18	0	-
439	148.046875	148.113281	G4	90	80	0	0	21600	P1-30-10	0	-
440	148.205729	148.274740	A4	92	80	0	0	21630	P1-30-11	0	-
441	148.372396	148.513021	Bb4	93	80	0	0	21660	P1-30-12	0	-
442	148.786458	149.848958	F2	40	80	0	0	21690	P1-31-9	0	-
443	148.787760	152.098958	C5	68	80	0	0	21690	P1-31-1	0	-
444	149.664062	150.989583	F3	30	80	0	0	21810	P1-31-10	0	-
445	150.488281	152.179688	F4	36	80	0	0	21930	P1-31-7	0	-
446	150.502604	151.929688	C4	28	80	0	0	21930	P1-31-12	0	-
447	150.507812	151.688802	A3	25	80	0	0	21930	P1-31-11	0	-
448	151.420573	152.619792	F3	27	80	0	0	22050	P1-31-13	0	-
449	152.059896	152.389323	A4	66	80	0	0	22140	P1-31-3	0	-
450	152.294271	154.109375	F5	67	80	0	0	22170	P1-31-4	0	-
451	152.315104	153.399740	Bb3	40	80	0	0	22170	P1-31-14	0	-
452	152.316406	153.449219	D4	38	80	0	0	22170	P1-31-15	0	-
453	152.321615	154.989583	F4	41	80	0	0	22170	P1-31-8	0	-
454	153.194010	154.549479	F3	34	80	0	0	22290	P1-31-16	0	-
455	153.826823	154.063802	D5	57	80	0	0	22380	P1-31-5	0	-
456	154.052083	155.889323	C5	58	80	0	0	22410	P1-32-1	0	-
457	154.084635	155.069010	C4	31	80	0	0	22410	P1-32-11	0	-
458	154.087240	154.938802	A3	29	80	0	0	22410	P1-32-10	0	-
459	154.884115	156.269531	F3	36	80	0	0	22530	P1-32-12	0	-
460	155.695312	157.199219	F4	47	80	0	0	22650	P1-32-7	0	-
461	155.701823	157.239583	C4	39	80	0	0	22650	P1-32-14	0	-
462	155.703125	157.199219	A3	38	80	0	0	22650	P1-32-13	0	-
463	156.542969	157.339844	F3	39	80	0	0	22770	P1-32-15	0	-
464	157.096354	157.489583	A4	78	80	0	0	22860	P1-32-3	0	-
465	157.312500	158.968750	Bb4	77	80	0	0	22890	P1-32-4	0	-
466	157.346354	158.359375	D3	43	80	0	0	22890	P1-32-16	0	-
467	157.351562	158.309896	F4	47	80	0	0	22890	P1-32-8	0	-
468	157.352865	158.259115	F3	40	80	0	0	22890	P1-32-8	0	-
469	157.355469	157.878906	Bb3	41	80	0	0	22890	P1-32-4	0	-
470	158.095052	159.039062	D4	58	80	0	0	23010	P1-32-9	0	-
471	158.095052	158.408854	Bb2	43	80	0	0	23010	P1-32-17	0	-
472	158.622396	159.109375	G4	72	80	0	0	23100	P1-32-5	0	-
473	158.919271	162.098958	F4	75	80	0	0	23130	P1-33-1	0	-
474	158.951823	159.399740	C2	40	80	0	0	23130	P1-33-10	0	-
475	159.727865	160.529948	A3	70	80	0	0	23250	P1-33-7	0	-
476	159.733073	161.139323	C3	53	80	0	0	23250	P1-33-11	0	-
477	160.539062	161.908854	C4	71	80	0	0	23370	P1-33-8	0	-
478	160.541667	162.149740	A3	59	80	0	0	23370	P1-33-13	0	-
479	160.549479	161.899740	F3	54	80	0	0	23370	P1-33-12	0	-
480	161.363281	162.819010	C3	50	80	0	0	23490	P1-33-14	0	-
481	162.123698	162.709635	A4	73	80	0	0	23610	P1-33-2	0	-
482	162.134115	162.929688	E3	47	80	0	0	23610	P1-33-15	0	-
483	162.135417	163.218750	C4	51	80	0	0	23610	P1-33-9	0	-
484	162.136719	163.019531	G3	49	80	0	0	23610	P1-33-16	0	-
485	162.533854	162.929688	G4	82	80	0	0	23670	P1-33-3	0	-
486	162.867188	163.246094	F4	89	80	0	0	23730	P1-33-4	0	-
487	162.903646	163.899740	C3	49	80	0	0	23730	P1-33-17	0	-
488	163.195312	163.429688	G4	99	80	0	0	23790	P1-33-5	0	-
489	163.708333	165.282552	G4	70	80	0	0	23850	P1-34-1	0	-
490	163.739583	165.329427	C4	40	80	0	0	23850	P1-34-13	0	-
491	163.743490	165.069010	E3	38	80	0	0	23850	P1-34-15	0	-
492	164.595052	165.669271	C3	39	80	0	0	23970	P1-34-16	0	-
493	165.222656	165.544271	G#4	64	80	0	0	24060	P1-34-2	0	-
494	165.514323	167.239583	A4	53	80	0	0	24090	P1-34-3	0	-
495	165.540365	167.039062	C4	32	80	0	0	24090	P1-34-3	0	-
496	165.542969	166.529948	F3	34	80	0	0	24090	P1-34-17	0	-
497	166.277344	167.139323	A2	52	80	0	0	24210	P1-34-18	0	-
498	167.093750	167.774740	Bb2	60	80	0	0	24330	P1-34-19	0	-
499	167.256510	167.345052	C4	63	80	0	0	24360	P1-34-6	0	-
500	167.441406	167.514323	D4	80	80	0	0	24390	P1-34-7	0	-
501	167.604167	167.675781	E4	84	80	0	0	24420	P1-34-8	0	-
502	167.773438	168.667969	G2	66	80	0	0	24450	P1-34-20	0	-
503	167.774740	167.863281	F4	80	80	0	0	24450	P1-34-9	0	-
504	167.937500	168.003906	G4	87	80	0	0	24480	P1-34-10	0	-
505	168.093750	168.156250	A4	91	80	0	0	24510	P1-34-11	0	-
506	168.265625	168.598958	Bb4	91	80	0	0	24540	P1-34-12	0	-
507	168.661458	171.869792	C5	79	80	0	0	24570	P1-35-1	0	-
508	168.664062	169.359375	F2	46	80	0	0	24570	P1-35-9	0	-
509	169.472656	170.750000	F3	38	80	0	0	24690	P1-35-10	0	-
510	169.824219	170.309896	E4	52	80	0	0	24750	P1-35-7	0	-
511	170.279948	174.250000	F4	44	80	0	0	24810	P1-35-8	0	-
512	170.282552	171.959635	C4	43	80	0	0	24810	P1-35-12	0	-
513	170.282552	171.869792	A3	41	80	0	0	24810	P1-35-11	0	-
514	171.122396	172.609375	F3	40	80	0	0	24930	P1-35-13	0	-
515	171.700521	172.079427	A4	72	80	0	0	25020	P1-35-3	0	-
516	171.944010	173.750000	F5	71	80	0	0	25050	P1-35-4	0	-
517	171.964844	173.479167	D4	41	80	0	0	25050	P1-35-15	0	-
518	171.964844	173.279948	Bb3	40	80	0	0	25050	P1-35-14	0	-
519	172.854167	174.179688	F3	47	80	0	0	25170	P1-35-16	0	-
520	173.472656	173.725260	D5	70	80	0	0	25260	P1-35-5	0	-
521	173.725260	175.549479	C5	69	80	0	0	25290	P1-36-1	0	-
522	173.731771	174.769531	A3	48	80	0	0	25290	P1-36-12	0	-
523	173.734375	174.989583	C4	47	80	0	0	25290	P1-36-13	0	-
524	174.524740	175.649740	F3	50	80	0	0	25410	P1-36-14	0	-
525	174.899740	175.378906	E4	71	80	0	0	25470	P1-36-8	0	-
526	175.338542	176.739583	F4	70	80	0	0	25530	P1-36-9	0	-
527	175.342448	176.799479	A3	56	80	0	0	25530	P1-36-15	0	-
528	175.347656	176.628906	C4	57	80	0	0	25530	P1-36-16	0	-
529	176.132812	176.869792	F3	62	80	0	0	25650	P1-36-17	0	-
530	176.649740	176.938802	A4	82	80	0	0	25740	P1-36-3	0	-
531	176.868490	177.356771	C5	84	80	0	0	25770	P1-36-4	0	-
532	176.875000	177.658854	D3	61	80	0	0	25770	P1-36-18	0	-
533	176.877604	177.729167	F3	58	80	0	0	25770	P1-36-10	0	-
534	176.885417	177.769531	F4	60	80	0	0	25770	P1-36-10	0	-
535	177.308594	178.089844	Bb4	89	80	0	0	25830	P1-36-5	0	-
536	177.638021	178.500000	Bb2	73	80	0	0	25890	P1-36-19	0	-
537	177.644531	178.218750	D4	79	80	0	0	25890	P1-36-11	0	-
538	177.984375	178.579427	G4	94	80	0	0	25950	P1-36-6	0	-
539	178.494792	179.968750	F4	83	80	0	0	26010	P1-37-1	0	-
540	178.498698	179.119792	A3	74	80	0	0	26010	P1-37-3	0	-
541	178.503906	181.579427	C3	63	80	0	0	26010	P1-37-14	0	-
542	179.273438	180.019531	A3	86	80	0	0	26130	P1-37-5	0	-
543	179.274740	180.519531	F3	78	80	0	0	26130	P1-37-4	0	-
544	180.032552	180.679688	A3	73	80	0	0	26250	P1-37-6	0	-
545	180.032552	180.949219	C4	88	80	0	0	26250	P1-37-7	0	-
546	180.816406	181.669271	A3	84	80	0	0	26370	P1-37-9	0	-
547	180.816406	181.500000	F3	82	80	0	0	26370	P1-37-8	0	-
548	181.674479	183.049479	C4	92	80	0	0	26490	P1-37-2	0	-
549	181.680990	182.218750	E3	78	80	0	0	26490	P1-37-10	0	-
550	181.682292	183.009115	G3	79	80	0	0	26490	P1-37-11	0	-
551	181.686198	183.049479	C2	72	80	0	0	26490	P1-37-15	0	-
552	182.601562	183.098958	E3	85	80	0	0	26610	P1-37-13	0	-
553	182.602865	183.029948	C3	81	80	0	0	26610	P1-37-12	0	-
554	183.697917	184.429688	F3	37	80	0	0	26730	P1-38-2	0	-
555	183.720052	184.389323	F2	34	80	0	0	26730	P1-38-9	0	-
556	183.727865	184.119792	C3	30	80	0	0	26730	P1-38-1	0	-
557	183.729167	184.509115	F1	33	80	0	0	26730	P1-38-8	0	-
558	185.230469	185.339844	F2	33	80	0	0	26910	P1-38-11	0	-
559	185.299479	185.449219	F1	46	80	0	0	26930	P1-38-12	0	-
560	185.386719	185.438802	F2	51	80	0	0	26950	P1-38-13	0	-
561	185.458333	185.609375	F1	51	80	0	0	26970	P1-38-14	0	-
562	186.652344	186.695312	F2	34	80	0	0	27150	P1-38-16	0	-
563	186.733073	186.889323	F1	47	80	0	0	27170	P1-38-17	0	-
564	186.819010	186.877604	F2	48	80	0	0	27190	P1-38-18	0	-
565	186.895833	186.968750	F1	56	80	0	0	27210	P1-38-19	0	-
566	187.651042	188.279948	F4	40	80	0	0	27330	P1-38-7	0	-
567	188.514323	190.250000	F4	47	80	0	0	27450	P1-39-1	0	-
568	189.898438	190.019531	F2	39	80	0	0	27630	P1-39-10	0	-
569	189.993490	190.579427	F1	44	80	0	0	27650	P1-39-11	0	-
570	190.087240	190.438802	F2	41	80	0	0	27670	P1-39-12	0	-
571	190.192708	192.158854	Gb4	67	80	0	0	27690	P1-39-2	0	-
572	190.203125	192.500000	A3	51	80	0	0	27690	P1-39-5	0	-
573	190.204427	192.769531	C4	44	80	0	0	27690	P1-39-6	0	-
574	190.214844	192.759115	Eb4	48	80	0	0	27690	P1-39-7	0	-
575	191.440104	191.569010	F2	34	80	0	0	27870	P1-39-15	0	-
576	191.535156	191.739583	F1	45	80	0	0	27890	P1-39-16	0	-
577	191.643229	192.779948	F2	44	80	0	0	27910	P1-39-17	0	-
578	191.747396	193.299479	F1	37	80	0	0	27930	P1-39-18	0	-
579	192.457031	192.929688	Gb4	71	80	0	0	28050	P1-39-3	0	-
580	193.255208	197.500000	Gb4	78	80	0	0	28170	P1-40-1	0	-
581	194.552083	194.699219	F2	38	80	0	0	28350	P1-40-10	0	-
582	194.645833	195.579427	F1	44	80	0	0	28370	P1-40-11	0	-
583	194.744792	195.359375	F2	47	80	0	0	28390	P1-40-12	0	-
584	194.881510	197.229167	A4	85	80	0	0	28410	P1-40-6	0	-
585	194.893229	197.500000	C4	63	80	0	0	28410	P1-40-4	0	-
586	194.894531	197.500000	Eb4	65	80	0	0	28410	P1-40-5	0	-
587	196.101562	196.259115	F2	42	80	0	0	28590	P1-40-15	0	-
588	196.201823	196.289062	F1	38	80	0	0	28610	P1-40-16	0	-
589	196.295573	196.399740	F2	45	80	0	0	28610	P1-40-16	0	-
590	196.296875	196.399740	F1	43	80	0	0	28610	P1-40-16	0	-
591	196.406250	196.500000	F2	41	80	0	0	28630	P1-40-17	0	-
592	196.406250	196.500000	F1	40	80	0	0	28650	P1-40-18	0	-
593	196.505208	198.739583	F1	31	80	0	0	28650	P1-40-18	0	-
594	196.505208	198.519531	F2	33	80	0	0	28650	P1-40-18	0	-
595	197.235677	198.079427	A4	82	80	0	0	28770	P1-40-7	0	-
596	198.093750	199.519531	A4	96	80	0	0	28890	P1-41-1	0	-
597	199.333333	199.500000	F2	57	80	0	0	29070	P1-41-10	0	-
598	199.425781	200.779948	F1	55	80	0	0	29090	P1-41-11	0	-
599	199.505208	200.519531	F2	63	80	0	0	29110	P1-41-12	0	-
600	199.615885	201.399740	C5	97	80	0	0	29130	P1-41-6	0	-
601	199.631510	201.369792	Gb4	80	80	0	0	29130	P1-41-5	0	-
602	199.634115	202.069010	Eb4	80	80	0	0	29130	P1-41-4	0	-
603	200.880208	201.079427	F2	49	80	0	0	29310	P1-41-15	0	-
604	200.984375	201.158854	F1	52	80	0	0	29330	P1-41-16	0	-
605	201.084635	202.199219	F2	64	80	0	0	29350	P1-41-17	0	-
606	201.166667	202.459635	F1	54	80	0	0	29370	P1-41-18	0	-
607	201.864583	202.188802	C5	100	80	0	0	29490	P1-41-7	0	-
608	202.585938	203.559896	C5	103	80	0	0	29610	P1-42-1	0	-
609	203.444010	205.098958	Eb5	107	80	0	0	29730	P1-42-2	0	-
610	204.044271	204.239583	C4	58	80	0	0	29790	P1-42-21	0	-
611	204.049479	204.279948	A3	58	80	0	0	29790	P1-42-20	0	-
612	204.175781	204.339844	F3	64	80	0	0	29810	P1-42-22	0	-
613	204.251302	205.869792	C4	75	80	0	0	29830	P1-42-24	0	-
614	204.285156	205.709635	A3	53	80	0	0	29830	P1-42-23	0	-
615	204.354167	206.229167	F3	67	80	0	0	29850	P1-42-25	0	-
616	204.843750	205.549479	D5	78	80	0	0	29910	P1-42-4	0	-
617	205.058594	205.559896	C5	84	80	0	0	29940	P1-42-5	0	-
618	205.263021	205.649740	Bb4	85	80	0	0	29970	P1-42-6	0	-
619	205.455729	206.369792	A4	91	80	0	0	30000	P1-42-7	0	-
620	205.623698	205.889323	G4	91	80	0	0	30030	P1-42-8	0	-
621	205.803385	206.026042	F4	92	80	0	0	30060	P1-42-9	0	-
622	205.993490	206.187500	E4	89	80	0	0	30090	P1-42-10	0	-
623	206.180990	206.378906	Eb4	93	80	0	0	30120	P1-42-11	0	-
624	206.358073	206.523438	D4	93	80	0	0	30150	P1-42-12	0	-
625	206.533854	206.761719	C4	85	80	0	0	30180	P1-42-13	0	-
626	206.736979	207.055990	Bb3	86	80	0	0	30210	P1-42-14	0	-
627	207.022135	207.279948	A3	87	80	0	0	30240	P1-42-15	0	-
628	207.281250	207.623698	Eb4	77	80	0	0	30270	P1-42-16	0	-
629	207.600260	208.519531	A3	73	80	0	0	30300	P1-42-17	0	-
630	208.372396	212.500000	D3	42	80	0	0	30330	P1-43-8	0	-
631	208.384115	212.500000	Bb3	45	80	0	0	30330	P1-43-1	0	-
632	208.453125	213.319010	Bb2	30	80	0	0	30330	P1-43-3	0	-
633	208.454427	212.500000	Bb1	29	80	0	0	30330	P1-43-2	0	-
634	210.122396	210.688802	Eb3	46	80	0	0	30540	P1-43-5	0	-
635	210.436198	212.279948	F3	46	80	0	0	30570	P1-43-6	0	-
636	212.290365	213.319010	F3	44	80	0	0	30810	P1-43-7	0	-
637	214.264323	214.819010	D5	55	80	0	0	31050	P1-44-1	0	-
638	214.294271	216.658854	F3	37	80	0	0	31050	P1-44-12	0	-
639	214.315104	216.639323	Bb2	29	80	0	0	31050	P1-44-10	0	-
640	214.315104	216.579427	D3	26	80	0	0	31050	P1-44-11	0	-
641	214.799479	214.903646	Eb5	57	80	0	0	31140	P1-44-7	0	-
642	214.901042	214.983073	D5	60	80	0	0	31150	P1-44-8	0	-
643	215.002604	215.093750	C5	69	80	0	0	31160	P1-44-9	0	-
644	215.104167	215.535156	D5	75	80	0	0	31170	P1-44-2	0	-
645	215.602865	215.882812	Eb5	78	80	0	0	31260	P1-44-3	0	-
646	215.903646	216.529948	F5	69	80	0	0	31290	P1-44-4	0	-
647	217.585938	219.759115	Bb3	62	80	0	0	31530	P1-44-6	0	-
648	217.605469	219.000000	D3	46	80	0	0	31530	P1-44-5	0	-
649	217.606771	219.319010	Bb1	42	80	0	0	31530	P1-44-13	0	-
650	217.608073	219.000000	Bb2	46	80	0	0	31530	P1-44-15	0	-
651	219.595052	222.500000	A3	58	80	0	0	31770	P1-45-2	0	-
652	219.605469	222.500000	Eb3	59	80	0	0	31770	P1-45-3	0	-
653	219.608073	222.500000	F2	47	80	0	0	31770	P1-45-8	0	-
654	219.613281	222.500000	C3	50	80	0	0	31770	P1-45-9	0	-
655	221.114583	222.019531	F3	71	80	0	0	31980	P1-45-4	0	-
656	221.395833	222.878906	Gb3	69	80	0	0	32010	P1-45-5	0	-
657	223.222656	223.688802	Gb3	55	80	0	0	32250	P1-45-6	0	-
658	225.062500	225.584635	A5	70	80	0	0	32490	P1-46-1	0	-
659	225.071615	227.878906	Eb4	51	80	0	0	32490	P1-46-11	0	-
660	225.080729	227.438802	C4	42	80	0	0	32490	P1-46-10	0	-
661	225.089844	226.878906	Gb3	42	80	0	0	32490	P1-46-13	0	-
662	225.584635	225.682292	Bb5	67	80	0	0	32580	P1-46-7	0	-
663	225.680990	225.753906	A5	71	80	0	0	32590	P1-46-8	0	-
664	225.772135	225.912760	G5	80	80	0	0	32600	P1-46-9	0	-
665	225.861979	226.509115	A5	89	80	0	0	32610	P1-46-2	0	-
666	226.423177	226.919271	Bb5	93	80	0	0	32700	P1-46-3	0	-
667	226.782552	227.479167	C6	81	80	0	0	32730	P1-46-4	0	-
668	226.783854	228.149740	F3	41	80	0	0	32730	P1-46-14	0	-
669	228.457031	230.769531	Eb4	64	80	0	0	32970	P1-46-6	0	-
670	228.463542	229.949219	C4	52	80	0	0	32970	P1-46-5	0	-
671	228.484375	229.839844	F3	38	80	0	0	32970	P1-46-12	0	-
672	228.484375	229.829427	A2	36	80	0	0	32970	P1-46-15	0	-
673	230.457031	234.569010	D4	71	80	0	0	33210	P1-47-2	0	-
674	230.464844	234.359375	Bb2	58	80	0	0	33210	P1-47-8	0	-
675	230.464844	232.709635	Ab3	64	80	0	0	33210	P1-47-3	0	-
676	230.466146	230.479167	Bb1	53	80	0	0	33210	P1-47-7	0	-
677	230.470052	234.299479	F3	60	80	0	0	33210	P1-47-1	0	-
678	231.957031	232.539062	Bb3	76	80	0	0	33420	P1-47-4	0	-
679	232.274740	234.049479	Cb4	83	80	0	0	33450	P1-47-5	0	-
680	234.063802	234.628906	Cb4	79	80	0	0	33690	P1-47-6	0	-
681	235.805990	236.309896	D5	71	80	0	0	33930	P1-48-1	0	-
682	235.813802	237.899740	F4	54	80	0	0	33930	P1-48-10	0	-
683	235.822917	237.848958	Ab4	59	80	0	0	33930	P1-48-11	0	-
684	235.832031	237.500000	Cb4	58	80	0	0	33930	P1-48-13	0	-
685	236.305990	236.408854	Eb5	76	80	0	0	34020	P1-48-7	0	-
686	236.397135	236.467448	D5	80	80	0	0	34030	P1-48-8	0	-
687	236.473958	236.579427	C5	85	80	0	0	34040	P1-48-9	0	-
688	236.566406	237.065104	D5	93	80	0	0	34050	P1-48-2	0	-
689	237.029948	237.324219	Eb5	101	80	0	0	34140	P1-48-3	0	-
690	237.303385	238.039062	F5	99	80	0	0	34170	P1-48-4	0	-
691	237.350260	238.269531	Bb3	65	80	0	0	34170	P1-48-14	0	-
692	238.963542	240.089844	F5	96	80	0	0	34410	P1-48-6	0	-
693	238.973958	240.119792	Ab4	93	80	0	0	34410	P1-48-5	0	-
694	238.988281	240.959635	Bb3	77	80	0	0	34410	P1-48-12	0	-
695	238.994792	240.199219	D3	53	80	0	0	34410	P1-48-15	0	-
696	240.924479	242.697917	F5	68	80	0	0	34650	P1-49-1	0	-
697	240.951823	243.299479	G4	53	80	0	0	34650	P1-49-6	0	-
698	240.973958	241.899740	Bb3	51	80	0	0	34650	P1-49-10	0	-
699	240.973958	243.389323	Eb3	37	80	0	0	34650	P1-49-16	0	-
700	241.812500	242.686198	B3	54	80	0	0	34770	P1-49-11	0	-
701	242.606771	243.158854	C4	41	80	0	0	34890	P1-49-12	0	-
702	242.606771	243.199219	Eb5	58	80	0	0	34890	P1-49-2	0	-
703	243.343750	244.139323	D5	80	80	0	0	35010	P1-49-3	0	-
704	243.356771	243.919271	Bb4	65	80	0	0	35010	P1-49-7	0	-
705	243.360677	244.079427	D4	65	80	0	0	35010	P1-49-13	0	-
706	243.373698	244.019531	F3	52	80	0	0	35010	P1-49-17	0	-
707	244.102865	244.609375	C5	86	80	0	0	35130	P1-49-4	0	-
708	244.105469	244.869792	Eb4	73	80	0	0	35130	P1-49-14	0	-
709	244.105469	244.639323	Bb4	82	80	0	0	35130	P1-49-8	0	-
710	244.105469	244.699219	G3	64	80	0	0	35130	P1-49-18	0	-
711	244.830729	245.639323	E4	89	80	0	0	35250	P1-49-15	0	-
712	244.832031	245.339844	C5	90	80	0	0	35250	P1-49-5	0	-
713	244.833333	245.209635	Bb4	91	80	0	0	35250	P1-49-9	0	-
714	244.835938	247.079427	G3	73	80	0	0	35250	P1-49-19	0	-
715	245.294271	246.339844	Bb4	75	80	0	0	35370	P1-50-18	0	-
716	245.402344	248.438802	F3	49	80	0	0	35370	P1-50-32	0	-
717	245.404948	245.539062	C5	69	80	0	0	35370	P1-50-1	0	-
718	245.552083	245.605469	C5	70	80	0	0	35385	P1-50-21	0	-
719	245.613281	245.680990	D5	74	80	0	0	35400	P1-50-22	0	-
720	245.648438	247.279948	E4	61	80	0	0	35430	P1-50-24	0	-
721	245.691406	245.765625	C5	76	80	0	0	35445	P1-50-25	0	-
722	245.783854	245.845052	D5	72	80	0	0	35445	P1-50-1	0	-
723	245.873698	245.923177	C5	76	80	0	0	35445	P1-50-25	0	-
724	245.934896	245.993490	D5	75	80	0	0	35475	P1-50-1	0	-
725	246.014323	246.076823	C5	79	80	0	0	35475	P1-50-27	0	-
726	246.092448	246.259115	D5	77	80	0	0	35475	P1-50-1	0	-
727	246.164062	246.253906	C5	79	80	0	0	35475	P1-50-27	0	-
728	246.266927	246.343750	B4	79	80	0	0	35490	P1-50-2	0	-
729	246.363281	246.549479	C5	75	80	0	0	35490	P1-50-3	0	-
730	246.472656	247.003906	D5	68	80	0	0	35490	P1-50-4	0	-
731	247.001302	247.319010	C5	69	80	0	0	35550	P1-50-5	0	-
732	247.574219	248.869792	C5	44	80	0	0	35610	P1-50-6	0	-
733	247.576823	250.908854	A4	43	80	0	0	35610	P1-50-19	0	-
734	247.592448	248.669271	F4	31	80	0	0	35610	P1-50-29	0	-
735	249.544271	249.889323	F3	43	80	0	0	35880	P1-50-9	0	-
736	249.811198	250.104167	G3	42	80	0	0	35910	P1-50-10	0	-
737	250.000000	250.186198	F3	55	80	0	0	35940	P1-50-11	0	-
738	250.197917	250.423177	E3	63	80	0	0	35970	P1-50-12	0	-
739	250.378906	250.546875	F3	66	80	0	0	36000	P1-50-13	0	-
740	250.553385	250.740885	G3	61	80	0	0	36030	P1-50-15	0	-
741	250.554688	250.743490	Eb3	59	80	0	0	36030	P1-50-14	0	-
742	250.746094	251.179688	A3	70	80	0	0	36060	P1-50-17	0	-
743	250.748698	251.109375	C3	62	80	0	0	36060	P1-50-16	0	-
744	251.167969	254.209635	Bb3	75	80	0	0	36090	P1-51-1	0	-
745	251.175781	252.419271	D3	62	80	0	0	36090	P1-51-3	0	-
746	251.179688	253.019531	Bb2	65	80	0	0	36090	P1-51-2	0	-
747	252.753906	253.049479	Eb3	67	80	0	0	36300	P1-51-5	0	-
748	252.755208	253.059896	C3	52	80	0	0	36300	P1-51-4	0	-
749	253.003906	254.319010	F3	75	80	0	0	36330	P1-51-7	0	-
750	253.013021	254.339844	D3	59	80	0	0	36330	P1-51-6	0	-
751	253.260417	253.453125	Bb5	67	80	0	0	36360	P1-51-13	0	-
752	253.444010	253.729167	D6	73	80	0	0	36390	P1-51-14	0	-
753	253.605469	253.795573	Bb5	78	80	0	0	36420	P1-51-15	0	-
754	253.795573	253.985677	F5	62	80	0	0	36450	P1-51-16	0	-
755	253.970052	254.154948	Bb5	80	80	0	0	36480	P1-51-17	0	-
756	254.145833	254.334635	D5	69	80	0	0	36510	P1-51-18	0	-
757	254.324219	254.539062	F5	76	80	0	0	36540	P1-51-19	0	-
758	254.485677	254.750000	Bb4	77	80	0	0	36570	P1-51-20	0	-
759	254.511719	255.479167	F3	53	80	0	0	36570	P1-51-9	0	-
760	254.515625	255.750000	D3	51	80	0	0	36570	P1-51-8	0	-
761	254.666667	254.908854	D5	60	80	0	0	36600	P1-51-21	0	-
762	254.845052	255.014323	F4	55	80	0	0	36630	P1-51-22	0	-
763	255.013021	255.479167	Bb4	72	80	0	0	36660	P1-51-23	0	-
764	255.173177	255.333333	D4	59	80	0	0	36690	P1-51-24	0	-
765	255.364583	255.639323	F4	52	80	0	0	36720	P1-51-25	0	-
766	255.523438	255.799479	Bb3	56	80	0	0	36750	P1-51-26	0	-
767	255.710938	255.959635	D4	43	80	0	0	36780	P1-51-27	0	-
768	255.893229	256.339844	D5	68	80	0	0	36810	P1-52-1	0	-
769	255.903646	256.239583	F3	41	80	0	0	36810	P1-52-9	0	-
770	256.076823	256.459635	Bb3	54	80	0	0	36840	P1-52-10	0	-
771	256.244792	256.628906	D3	49	80	0	0	36870	P1-52-11	0	-
772	256.325521	256.445312	Eb5	73	80	0	0	36900	P1-52-6	0	-
773	256.420573	256.679688	F3	55	80	0	0	36900	P1-52-12	0	-
774	256.424479	256.497396	D5	68	80	0	0	36910	P1-52-7	0	-
775	256.509115	256.604167	C5	81	80	0	0	36920	P1-52-8	0	-
776	256.575521	256.938802	Bb2	64	80	0	0	36930	P1-52-13	0	-
777	256.582031	257.102865	D5	89	80	0	0	36930	P1-52-2	0	-
778	256.755208	257.089844	D3	49	80	0	0	36960	P1-52-14	0	-
779	256.924479	257.299479	F2	57	80	0	0	36990	P1-52-15	0	-
780	257.066406	257.337240	Eb5	98	80	0	0	37020	P1-52-3	0	-
781	257.096354	257.299479	Bb2	65	80	0	0	37020	P1-52-16	0	-
782	257.281250	257.479167	D2	57	80	0	0	37050	P1-52-17	0	-
783	257.302083	258.049479	F5	92	80	0	0	37050	P1-52-4	0	-
784	257.493490	257.899740	Bb1	59	80	0	0	37080	P1-52-18	0	-
785	257.649740	257.829427	D2	52	80	0	0	37110	P1-52-19	0	-
786	257.816406	257.983073	F2	53	80	0	0	37140	P1-52-20	0	-
787	257.994792	258.359375	Bb2	58	80	0	0	37170	P1-52-21	0	-
788	258.165365	258.509115	D2	53	80	0	0	37200	P1-52-22	0	-
789	258.343750	258.809896	F2	63	80	0	0	37230	P1-52-23	0	-
790	258.520833	258.829427	Bb2	68	80	0	0	37260	P1-52-24	0	-
791	258.656250	259.229167	D3	61	80	0	0	37290	P1-52-25	0	-
792	258.746094	260.459635	Bb3	96	80	0	0	37290	P1-52-5	0	-
793	258.933594	259.269531	Bb2	53	80	0	0	37320	P1-52-26	0	-
794	259.089844	259.234375	F2	55	80	0	0	37350	P1-52-27	0	-
795	259.253906	259.519531	D2	54	80	0	0	37380	P1-52-28	0	-
796	259.446615	260.079427	Bb2	64	80	0	0	37410	P1-52-29	0	-
797	259.639323	259.899740	F2	63	80	0	0	37440	P1-52-30	0	-
798	259.832031	260.039062	D2	57	80	0	0	37470	P1-52-31	0	-
799	260.002604	260.348958	Bb1	72	80	0	0	37500	P1-52-32	0	-
800	260.394531	263.968750	A3	72	80	0	0	37530	P1-53-1	0	-
801	260.402344	260.799479	F2	62	80	0	0	37530	P1-53-10	0	-
802	260.402344	262.119792	Eb3	74	80	0	0	37530	P1-53-3	0	-
803	260.406250	262.209635	C3	68	80	0	0	37530	P1-53-2	0	-
804	261.847656	262.218750	F3	75	80	0	0	37740	P1-53-5	0	-
805	261.854167	262.199219	D3	63	80	0	0	37740	P1-53-4	0	-
806	262.122396	263.539062	Gb3	83	80	0	0	37770	P1-53-7	0	-
807	262.126302	263.539062	Eb3	66	80	0	0	37770	P1-53-6	0	-
808	262.348958	262.609375	C6	66	80	0	0	37800	P1-53-13	0	-
809	262.526042	262.878906	Eb6	85	80	0	0	37830	P1-53-14	0	-
810	262.699219	262.959635	C6	80	80	0	0	37860	P1-53-15	0	-
811	262.876302	263.128906	A5	86	80	0	0	37890	P1-53-16	0	-
812	263.063802	263.438802	C6	64	80	0	0	37920	P1-53-17	0	-
813	263.229167	263.434896	Gb5	75	80	0	0	37950	P1-53-18	0	-
814	263.403646	264.059896	A5	80	80	0	0	37980	P1-53-19	0	-
815	263.583333	263.839844	Eb5	73	80	0	0	38010	P1-53-20	0	-
816	263.605469	266.019531	Eb3	60	80	0	0	38010	P1-53-8	0	-
817	263.611979	265.809896	Gb3	66	80	0	0	38010	P1-53-9	0	-
818	263.753906	264.718750	Gb5	70	80	0	0	38040	P1-53-21	0	-
819	263.925781	264.113281	C5	61	80	0	0	38070	P1-53-22	0	-
820	264.092448	264.628906	Eb5	84	80	0	0	38100	P1-53-23	0	-
821	264.255208	264.428385	A4	70	80	0	0	38130	P1-53-24	0	-
822	264.424479	264.709635	C5	73	80	0	0	38160	P1-53-25	0	-
823	264.595052	264.848958	Gb4	70	80	0	0	38190	P1-53-26	0	-
824	264.748698	264.979167	A4	71	80	0	0	38220	P1-53-27	0	-
825	264.933594	265.429688	C6	84	80	0	0	38250	P1-54-1	0	-
826	264.936198	265.259115	Eb4	61	80	0	0	38250	P1-54-11	0	-
827	265.114583	265.339844	Gb4	59	80	0	0	38280	P1-54-12	0	-
828	265.278646	265.609375	C4	56	80	0	0	38310	P1-54-13	0	-
829	265.388021	265.473958	D6	71	80	0	0	38340	P1-54-8	0	-
830	265.453125	265.598958	C6	75	80	0	0	38350	P1-54-9	0	-
831	265.536458	265.718750	B5	88	80	0	0	38360	P1-54-10	0	-
832	265.595052	265.968750	A3	61	80	0	0	38370	P1-54-15	0	-
833	265.611979	266.309896	C6	90	80	0	0	38370	P1-54-2	0	-
834	265.760417	265.989583	C4	62	80	0	0	38400	P1-54-16	0	-
835	265.932292	266.299479	Gb3	71	80	0	0	38430	P1-54-17	0	-
836	266.084635	266.367188	D6	101	80	0	0	38460	P1-54-3	0	-
837	266.085938	266.609375	A3	83	80	0	0	38460	P1-54-18	0	-
838	266.290365	267.598958	C3	72	80	0	0	38490	P1-54-19	0	-
839	266.325521	267.619792	Eb6	104	80	0	0	38490	P1-54-4	0	-
840	266.483073	266.859375	Gb3	73	80	0	0	38520	P1-54-20	0	-
841	266.644531	267.500000	Eb3	78	80	0	0	38550	P1-54-21	0	-
842	266.824219	267.128906	A3	76	80	0	0	38580	P1-54-22	0	-
843	267.001302	267.359375	Gb3	87	80	0	0	38610	P1-54-23	0	-
844	267.173177	267.399740	C4	77	80	0	0	38640	P1-54-24	0	-
845	267.343750	267.908854	A3	88	80	0	0	38670	P1-54-25	0	-
846	267.502604	268.000000	Gb3	90	80	0	0	38700	P1-54-26	0	-
847	267.704427	270.039062	Gb4	97	80	0	0	38730	P1-54-7	0	-
848	267.707031	270.009115	Eb4	95	80	0	0	38730	P1-54-6	0	-
849	267.710938	269.109375	C4	82	80	0	0	38730	P1-54-5	0	-
850	267.895833	268.119792	Eb3	58	80	0	0	38760	P1-54-28	0	-
851	268.076823	269.188802	Bb2	80	80	0	0	38790	P1-54-29	0	-
852	268.255208	268.628906	Gb3	81	80	0	0	38820	P1-54-30	0	-
853	268.432292	268.889323	Eb3	77	80	0	0	38850	P1-54-31	0	-
854	268.622396	269.049479	Bb3	82	80	0	0	38880	P1-54-32	0	-
855	268.812500	269.509115	Gb3	68	80	0	0	38910	P1-54-33	0	-
856	269.003906	269.989583	Eb3	85	80	0	0	38940	P1-54-34	0	-
857	269.342448	272.459635	F4	89	80	0	0	38970	P1-55-1	0	-
858	269.359375	269.899740	A2	57	80	0	0	38970	P1-55-15	0	-
859	269.359375	269.959635	C4	70	80	0	0	38970	P1-55-5	0	-
860	270.128906	270.789062	C4	85	80	0	0	39090	P1-55-8	0	-
861	270.145833	270.878906	A3	66	80	0	0	39090	P1-55-7	0	-
862	270.744792	271.089844	D4	89	80	0	0	39180	P1-55-10	0	-
863	270.746094	271.139323	B3	77	80	0	0	39180	P1-55-9	0	-
864	270.963542	272.378906	C4	76	80	0	0	39210	P1-55-11	0	-
865	270.963542	272.289062	Eb4	83	80	0	0	39210	P1-55-12	0	-
866	271.179688	271.386719	C6	68	80	0	0	39240	P1-55-18	0	-
867	271.368490	271.535156	Eb6	80	80	0	0	39270	P1-55-19	0	-
868	271.523438	271.725260	C6	75	80	0	0	39300	P1-55-20	0	-
869	271.695312	271.968750	A5	90	80	0	0	39330	P1-55-21	0	-
870	271.860677	272.054688	C6	85	80	0	0	39360	P1-55-22	0	-
871	272.026042	272.217448	Eb5	91	80	0	0	39390	P1-55-23	0	-
872	272.196615	272.598958	A5	90	80	0	0	39420	P1-55-24	0	-
873	272.375000	272.584635	C5	81	80	0	0	39450	P1-55-25	0	-
874	272.385417	272.889323	Eb4	68	80	0	0	39450	P1-55-14	0	-
875	272.393229	273.119792	C4	65	80	0	0	39450	P1-55-13	0	-
876	272.559896	272.829427	Eb5	88	80	0	0	39480	P1-55-26	0	-
877	272.723958	272.979167	A4	79	80	0	0	39510	P1-55-27	0	-
878	272.881510	273.438802	C5	85	80	0	0	39540	P1-55-28	0	-
879	273.058594	273.408854	Eb4	67	80	0	0	39570	P1-55-29	0	-
880	273.207031	273.549479	A4	76	80	0	0	39600	P1-55-30	0	-
881	273.376302	273.739583	C6	96	80	0	0	39630	P1-55-4	0	-
882	273.384115	273.729167	C4	67	80	0	0	39630	P1-55-31	0	-
883	273.563802	273.878906	Eb4	78	80	0	0	39660	P1-55-32	0	-
884	273.734375	273.903646	A3	71	80	0	0	39690	P1-56-11	0	-
885	273.748698	274.209635	C6	97	80	0	0	39690	P1-56-1	0	-
886	273.907552	274.074219	C4	68	80	0	0	39720	P1-56-12	0	-
887	274.078125	274.231771	F3	74	80	0	0	39750	P1-56-13	0	-
888	274.195312	274.389323	D6	89	80	0	0	39780	P1-56-8	0	-
889	274.231771	274.449219	A3	58	80	0	0	39780	P1-56-14	0	-
890	274.273438	274.429688	C6	92	80	0	0	39790	P1-56-9	0	-
891	274.363281	274.475260	B5	99	80	0	0	39800	P1-56-10	0	-
892	274.419271	274.601562	C3	70	80	0	0	39810	P1-56-15	0	-
893	274.442708	274.989583	C6	101	80	0	0	39810	P1-56-2	0	-
894	274.604167	274.769531	F3	79	80	0	0	39840	P1-56-16	0	-
895	274.753906	275.109375	A2	80	80	0	0	39870	P1-56-17	0	-
896	274.916667	275.139323	C3	69	80	0	0	39900	P1-56-18	0	-
897	274.917969	275.144531	D6	107	80	0	0	39900	P1-56-3	0	-
898	275.080729	275.263021	F2	78	80	0	0	39930	P1-56-19	0	-
899	275.088542	275.750000	Eb6	106	80	0	0	39930	P1-56-4	0	-
900	275.274740	275.479167	A2	66	80	0	0	39960	P1-56-20	0	-
901	275.427083	275.718750	C2	71	80	0	0	39990	P1-56-21	0	-
902	275.605469	275.949219	F2	70	80	0	0	40020	P1-56-22	0	-
903	275.765625	276.250000	A1	77	80	0	0	40050	P1-56-23	0	-
904	275.934896	276.438802	C2	81	80	0	0	40080	P1-56-24	0	-
905	276.101562	276.688802	F1	80	80	0	0	40110	P1-56-25	0	-
906	276.261719	276.569010	A1	87	80	0	0	40140	P1-56-26	0	-
907	276.489583	278.098958	Eb5	107	80	0	0	40170	P1-56-7	0	-
908	276.489583	277.949219	A4	99	80	0	0	40170	P1-56-5	0	-
909	276.494792	278.039062	C5	90	80	0	0	40170	P1-56-6	0	-
910	276.707031	277.079427	F#1	65	80	0	0	40200	P1-56-28	0	-
911	276.877604	277.109375	A1	64	80	0	0	40230	P1-56-29	0	-
912	277.075521	277.500000	C2	70	80	0	0	40260	P1-56-30	0	-
913	277.263021	277.549479	F#2	81	80	0	0	40290	P1-56-31	0	-
914	277.450521	277.799479	A2	79	80	0	0	40320	P1-56-32	0	-
915	277.609375	277.839844	C3	77	80	0	0	40350	P1-56-33	0	-
916	277.785156	278.039062	F#3	80	80	0	0	40380	P1-56-34	0	-
917	278.061198	279.519531	D5	80	80	0	0	40410	P1-57-2	0	-
918	278.063802	278.938802	Bb4	69	80	0	0	40410	P1-57-1	0	-
919	278.183594	278.569010	G1	61	80	0	0	40440	P1-57-11	0	-
920	278.188802	278.348958	G2	58	80	0	0	40440	P1-57-11	0	-
921	278.364583	278.539062	Bb1	64	80	0	0	40470	P1-57-12	0	-
922	278.545573	278.748698	D2	66	80	0	0	40500	P1-57-13	0	-
923	278.734375	279.158854	G2	74	80	0	0	40530	P1-57-14	0	-
924	278.888021	279.449219	Bb2	83	80	0	0	40560	P1-57-15	0	-
925	279.053385	279.479167	D3	83	80	0	0	40590	P1-57-16	0	-
926	279.223958	279.688802	G3	87	80	0	0	40620	P1-57-17	0	-
927	279.425781	280.218750	G5	105	80	0	0	40650	P1-57-4	0	-
928	279.606771	279.938802	E2	74	80	0	0	40680	P1-57-19	0	-
929	279.800781	280.079427	G2	76	80	0	0	40710	P1-57-20	0	-
930	279.963542	280.289062	Bb2	80	80	0	0	40740	P1-57-21	0	-
931	280.141927	280.419271	E3	78	80	0	0	40770	P1-57-22	0	-
932	280.302083	280.485677	G3	88	80	0	0	40800	P1-57-23	0	-
933	280.488281	280.809896	Bb3	90	80	0	0	40830	P1-57-24	0	-
934	280.644531	280.832031	G3	79	80	0	0	40860	P1-57-25	0	-
935	280.835938	281.188802	Db4	90	80	0	0	40890	P1-57-26	0	-
936	280.843750	281.679688	G4	89	80	0	0	40890	P1-57-6	0	-
937	280.845052	282.500000	Db5	90	80	0	0	40890	P1-57-8	0	-
938	280.845052	282.359375	Bb4	86	80	0	0	40890	P1-57-7	0	-
939	281.053385	281.239583	Bb3	74	80	0	0	40920	P1-57-27	0	-
940	281.222656	281.399740	G3	69	80	0	0	40950	P1-57-28	0	-
941	281.375000	281.576823	E3	74	80	0	0	40980	P1-57-29	0	-
942	281.582031	281.979167	Db3	68	80	0	0	41010	P1-57-30	0	-
943	281.789062	282.750000	Bb2	68	80	0	0	41040	P1-57-31	0	-
944	282.002604	282.779948	G2	64	80	0	0	41070	P1-57-32	0	-
945	282.235677	282.688802	E2	61	80	0	0	41100	P1-57-33	0	-
946	282.535156	284.559896	F5	96	80	0	0	41130	P1-58-1	0	-
947	282.752604	283.209635	F2	61	80	0	0	41160	P1-58-13	0	-
948	282.945312	283.369792	Bb2	73	80	0	0	41190	P1-58-14	0	-
949	283.108073	283.294271	D3	73	80	0	0	41220	P1-58-15	0	-
950	283.299479	283.440104	F3	77	80	0	0	41250	P1-58-16	0	-
951	283.449219	283.799479	D3	61	80	0	0	41280	P1-58-17	0	-
952	283.661458	283.968750	Bb2	59	80	0	0	41310	P1-58-18	0	-
953	283.869792	284.100260	F2	53	80	0	0	41340	P1-58-19	0	-
954	284.084635	285.139323	D5	74	80	0	0	41370	P1-58-10	0	-
955	284.089844	285.179688	Bb4	63	80	0	0	41370	P1-58-9	0	-
956	284.089844	285.199219	F4	62	80	0	0	41370	P1-58-8	0	-
957	284.265625	284.699219	F2	44	80	0	0	41400	P1-58-21	0	-
958	284.407552	284.829427	Bb2	65	80	0	0	41430	P1-58-22	0	-
959	284.598958	284.794271	D3	63	80	0	0	41460	P1-58-23	0	-
960	284.774740	285.019531	F3	74	80	0	0	41490	P1-58-24	0	-
961	284.933594	285.106771	D3	70	80	0	0	41520	P1-58-25	0	-
962	285.118490	285.378906	Bb2	71	80	0	0	41550	P1-58-26	0	-
963	285.292969	285.628906	F2	80	80	0	0	41580	P1-58-27	0	-
964	285.500000	286.549479	Eb4	69	80	0	0	41610	P1-58-3	0	-
965	285.501302	286.769531	A4	69	80	0	0	41610	P1-58-5	0	-
966	285.501302	286.979167	C4	68	80	0	0	41610	P1-58-2	0	-
967	285.503906	286.789062	F4	66	80	0	0	41610	P1-58-4	0	-
968	285.503906	285.718750	Eb3	70	80	0	0	41610	P1-58-28	0	-
969	285.674479	285.968750	C3	71	80	0	0	41640	P1-58-29	0	-
970	285.863281	286.013021	A2	77	80	0	0	41670	P1-58-30	0	-
971	286.035156	286.205729	F2	71	80	0	0	41700	P1-58-31	0	-
972	286.214844	286.348958	Eb2	67	80	0	0	41730	P1-58-32	0	-
973	286.393229	286.501302	C2	65	80	0	0	41760	P1-58-33	0	-
974	286.570312	286.726562	A1	55	80	0	0	41790	P1-58-34	0	-
975	286.761719	286.994792	F1	50	80	0	0	41820	P1-58-35	0	-
976	287.036458	287.369792	Bb3	48	80	0	0	41850	P1-59-1	0	-
977	287.040365	287.334635	Bb4	53	80	0	0	41850	P1-59-4	0	-
978	287.046875	287.338542	F4	44	80	0	0	41850	P1-59-3	0	-
979	287.052083	287.339844	D4	48	80	0	0	41850	P1-59-2	0	-
980	287.053385	287.334635	Bb2	48	80	0	0	41850	P1-59-1	0	-
981	287.059896	287.329427	Bb1	46	80	0	0	41850	P1-59-8	0	-
982	288.444010	288.501302	Bb2	41	80	0	0	42030	P1-59-10	0	-
983	288.531250	288.649740	Bb1	46	80	0	0	42050	P1-59-11	0	-
984	288.609375	288.661458	Bb2	53	80	0	0	42070	P1-59-12	0	-
985	288.662760	288.709635	Bb1	51	80	0	0	42090	P1-59-13	0	-
986	289.917969	290.029948	Bb2	34	80	0	0	42270	P1-59-15	0	-
987	289.986979	290.048177	Bb1	55	80	0	0	42290	P1-59-16	0	-
988	290.072917	290.154948	Bb2	53	80	0	0	42310	P1-59-17	0	-
989	290.165365	290.199219	Bb1	48	80	0	0	42330	P1-59-18	0	-
990	291.393229	291.444010	Bb2	44	80	0	0	42510	P1-59-20	0	-
991	291.472656	291.527344	Bb1	52	80	0	0	42530	P1-59-21	0	-
992	291.552083	291.649740	Bb2	55	80	0	0	42550	P1-59-22	0	-
993	291.649740	293.628906	F4	48	80	0	0	42570	P1-60-3	0	-
994	291.658854	293.449219	Ab3	47	80	0	0	42570	P1-60-1	0	-
995	291.660156	292.000000	Bb2	50	80	0	0	42570	P1-60-2	0	-
996	291.662760	291.708333	Bb1	48	80	0	0	42570	P1-60-10	0	-
997	291.665365	291.878906	D4	39	80	0	0	42570	P1-60-1	0	-
998	293.345052	295.128906	Eb4	52	80	0	0	42810	P1-60-6	0	-
999	293.365885	294.929688	Bb3	42	80	0	0	42810	P1-60-5	0	-
1000	293.367188	294.789062	G3	38	80	0	0	42810	P1-60-4	0	-
1001	294.925781	296.669271	D4	55	80	0	0	43050	P1-60-9	0	-
1002	294.934896	296.359375	F#3	52	80	0	0	43050	P1-60-7	0	-
1003	294.934896	296.359375	Bb3	56	80	0	0	43050	P1-60-8	0	-
1004	296.682292	298.509115	D4	58	80	0	0	43290	P1-61-3	0	-
1005	296.688802	300.408854	Bb3	56	80	0	0	43290	P1-61-2	0	-
1006	296.691406	298.229167	F#3	47	80	0	0	43290	P1-61-1	0	-
1007	298.123698	298.239583	Bb2	59	80	0	0	43470	P1-61-11	0	-
1008	298.209635	298.378906	Bb1	55	80	0	0	43490	P1-61-12	0	-
1009	298.292969	298.364583	Bb2	54	80	0	0	43510	P1-61-13	0	-
1010	298.384115	298.468750	Bb1	53	80	0	0	43530	P1-61-14	0	-
1011	298.385417	300.309896	Eb4	53	80	0	0	43530	P1-61-6	0	-
1012	298.393229	298.841146	G3	47	80	0	0	43530	P1-61-4	0	-
1013	299.638021	299.697917	Bb2	50	80	0	0	43710	P1-61-16	0	-
1014	299.733073	299.848958	Bb1	48	80	0	0	43730	P1-61-17	0	-
1015	299.816406	299.882812	Bb2	55	80	0	0	43750	P1-61-18	0	-
1016	299.894531	299.959635	Bb1	56	80	0	0	43770	P1-61-19	0	-
1017	301.171875	301.216146	Bb2	51	80	0	0	43950	P1-61-21	0	-
1018	301.263021	301.369792	Bb1	56	80	0	0	43970	P1-61-22	0	-
1019	301.332031	301.404948	Bb2	69	80	0	0	43990	P1-61-23	0	-
1020	301.441406	301.509115	Bb1	63	80	0	0	44010	P1-62-10	0	-
1021	301.442708	303.299479	Ab4	79	80	0	0	44010	P1-62-3	0	-
1022	301.444010	301.449219	Bb2	62	80	0	0	44010	P1-62-1	0	-
1023	301.450521	303.019531	Bb3	65	80	0	0	44010	P1-62-1	0	-
1024	301.450521	301.459635	D4	54	80	0	0	44010	P1-62-1	0	-
1025	301.451823	301.459635	F4	60	80	0	0	44010	P1-62-2	0	-
1026	303.015625	304.750000	G4	70	80	0	0	44250	P1-62-6	0	-
1027	303.026042	304.789062	Eb4	55	80	0	0	44250	P1-62-5	0	-
1028	303.028646	304.218750	Bb3	59	80	0	0	44250	P1-62-4	0	-
1029	304.506510	305.809896	F#4	70	80	0	0	44490	P1-62-9	0	-
1030	304.524740	305.649740	D4	55	80	0	0	44490	P1-62-8	0	-
1031	304.524740	305.569010	Bb3	57	80	0	0	44490	P1-62-7	0	-
1032	306.251302	307.929688	F#4	60	80	0	0	44730	P1-63-2	0	-
1033	306.260417	307.839844	D4	46	80	0	0	44730	P1-63-1	0	-
1034	306.264323	309.829427	Bb3	47	80	0	0	44730	P1-63-8	0	-
1035	307.596354	307.759115	Eb3	44	80	0	0	44910	P1-63-12	0	-
1036	307.694010	307.809896	Eb2	48	80	0	0	44930	P1-63-13	0	-
1037	307.773438	307.968750	Eb3	58	80	0	0	44950	P1-63-14	0	-
1038	307.880208	308.519531	Eb2	52	80	0	0	44970	P1-63-15	0	-
1039	307.885417	310.049479	G4	53	80	0	0	44970	P1-63-4	0	-
1040	307.886719	310.509115	Eb4	48	80	0	0	44970	P1-63-3	0	-
1041	309.127604	309.182292	Eb3	50	80	0	0	45150	P1-63-17	0	-
1042	309.223958	309.266927	Eb2	45	80	0	0	45170	P1-63-18	0	-
1043	309.316406	309.569010	Eb3	55	80	0	0	45190	P1-63-19	0	-
1044	309.402344	309.569010	Eb2	47	80	0	0	45210	P1-63-20	0	-
1045	310.062500	310.699219	G4	79	80	0	0	45330	P1-63-7	0	-
1046	310.397135	310.457031	Eb3	42	80	0	0	45390	P1-63-22	0	-
1047	310.486979	310.628906	Eb2	51	80	0	0	45410	P1-63-23	0	-
1048	310.595052	310.789062	Eb3	66	80	0	0	45430	P1-63-24	0	-
1049	310.864583	311.079427	Eb2	41	80	0	0	45430	P1-63-24	0	-
1050	310.993490	312.799479	Eb5	93	80	0	0	45450	P1-64-2	0	-
1051	311.022135	311.649740	G4	66	80	0	0	45450	P1-64-1	0	-
1052	312.503906	313.239583	C5	90	80	0	0	45690	P1-64-5	0	-
1053	312.509115	313.158854	G4	72	80	0	0	45690	P1-64-4	0	-
1054	312.509115	313.259115	Eb4	74	80	0	0	45690	P1-64-3	0	-
1055	314.015625	316.098958	Bb4	91	80	0	0	45930	P1-64-8	0	-
1056	314.023438	315.438802	D4	72	80	0	0	45930	P1-64-6	0	-
1057	314.024740	315.438802	G4	77	80	0	0	45930	P1-64-7	0	-
1058	315.963542	318.109375	A4	50	80	0	0	46170	P1-65-3	0	-
1059	315.964844	317.979167	C4	37	80	0	0	46170	P1-65-1	0	-
1060	315.964844	315.979167	F3	37	80	0	0	46170	P1-65-2	0	-
1061	315.967448	318.250000	F4	40	80	0	0	46170	P1-65-2	0	-
1062	317.225260	317.369792	F3	38	80	0	0	46350	P1-65-15	0	-
1063	317.313802	317.479167	F2	38	80	0	0	46370	P1-65-16	0	-
1064	317.430990	317.718750	F3	37	80	0	0	46390	P1-65-17	0	-
1065	317.520833	317.579427	F2	28	80	0	0	46390	P1-65-17	0	-
1066	317.589844	317.809896	F2	20	80	0	0	46410	P1-65-18	0	-
1067	318.324219	318.848958	A4	52	80	0	0	46530	P1-65-6	0	-
1068	318.339844	318.769531	F4	33	80	0	0	46530	P1-65-5	0	-
1069	318.343750	318.718750	C4	35	80	0	0	46530	P1-65-4	0	-
1070	318.343750	318.609375	F3	28	80	0	0	46530	P1-65-5	0	-
1071	318.696615	318.878906	F6	54	80	0	0	46590	P1-65-20	0	-
1072	318.813802	318.919271	F5	49	80	0	0	46610	P1-65-21	0	-
1073	318.886719	319.408854	F6	48	80	0	0	46630	P1-65-22	0	-
1074	318.994792	320.079427	Bb4	64	80	0	0	46650	P1-65-9	0	-
1075	319.002604	319.149740	F5	50	80	0	0	46650	P1-65-23	0	-
1076	319.003906	319.649740	D4	41	80	0	0	46650	P1-65-7	0	-
1077	319.010417	319.509115	F4	37	80	0	0	46650	P1-65-8	0	-
1078	319.013021	319.019531	Bb3	37	80	0	0	46650	P1-65-9	0	-
1079	319.740885	320.348958	C5	68	80	0	0	46770	P1-65-12	0	-
1080	319.751302	320.449219	A4	49	80	0	0	46770	P1-65-10	0	-
1081	319.753906	320.348958	Eb4	48	80	0	0	46770	P1-65-10	0	-
1082	319.755208	320.348958	F4	42	80	0	0	46770	P1-65-11	0	-
1083	320.625000	322.098958	C5	64	80	0	0	46890	P1-66-2	0	-
1084	320.647135	321.549479	Eb4	45	80	0	0	46890	P1-66-1	0	-
1085	320.647135	322.158854	F4	41	80	0	0	46890	P1-66-16	0	-
1086	321.833333	322.222656	A4	59	80	0	0	47070	P1-66-4	0	-
1087	321.837240	321.915365	F3	40	80	0	0	47070	P1-66-3	0	-
1088	321.842448	322.069010	C#4	43	80	0	0	47070	P1-66-3	0	-
1089	321.944010	322.500000	F2	27	80	0	0	47090	P1-66-20	0	-
1090	322.045573	322.569010	F3	33	80	0	0	47110	P1-66-21	0	-
1091	322.213542	322.759115	Bb4	62	80	0	0	47130	P1-66-6	0	-
1092	322.217448	322.688802	D4	44	80	0	0	47130	P1-66-5	0	-
1093	322.942708	323.489583	Bb4	73	80	0	0	47250	P1-66-9	0	-
1094	322.954427	325.529948	D4	45	80	0	0	47250	P1-66-7	0	-
1095	322.954427	323.519531	F4	43	80	0	0	47250	P1-66-8	0	-
1096	323.346354	323.529948	F6	69	80	0	0	47310	P1-66-24	0	-
1097	323.463542	323.589844	F5	62	80	0	0	47330	P1-66-25	0	-
1098	323.544271	323.688802	F6	70	80	0	0	47350	P1-66-26	0	-
1099	323.606771	324.209635	C5	78	80	0	0	47370	P1-66-12	0	-
1100	323.611979	324.279948	A4	74	80	0	0	47370	P1-66-11	0	-
1101	323.614583	324.199219	F4	57	80	0	0	47370	P1-66-10	0	-
1102	323.618490	323.729167	F5	64	80	0	0	47370	P1-66-27	0	-
1103	324.316406	325.039062	D5	88	80	0	0	47490	P1-66-15	0	-
1104	324.329427	324.968750	Bb4	71	80	0	0	47490	P1-66-14	0	-
1105	324.332031	325.029948	F4	61	80	0	0	47490	P1-66-13	0	-
1106	325.093750	326.359375	D5	89	80	0	0	47610	P1-67-2	0	-
1107	325.104167	327.098958	F4	66	80	0	0	47610	P1-67-16	0	-
1108	325.104167	326.378906	Bb4	75	80	0	0	47610	P1-67-1	0	-
1109	326.227865	326.619792	B4	85	80	0	0	47790	P1-67-4	0	-
1110	326.234375	326.589844	G#4	78	80	0	0	47790	P1-67-3	0	-
1111	326.234375	326.325521	F3	61	80	0	0	47790	P1-67-20	0	-
1112	326.334635	326.519531	F2	65	80	0	0	47810	P1-67-21	0	-
1113	326.438802	326.819010	F3	72	80	0	0	47830	P1-67-22	0	-
1114	326.532552	326.839844	F2	65	80	0	0	47830	P1-67-22	0	-
1115	326.583333	327.049479	C5	85	80	0	0	47850	P1-67-6	0	-
1116	326.583333	327.059896	A4	75	80	0	0	47850	P1-67-5	0	-
1117	327.283854	327.889323	C5	88	80	0	0	47970	P1-67-9	0	-
1118	327.285156	327.829427	A4	86	80	0	0	47970	P1-67-8	0	-
1119	327.286458	327.859375	F4	76	80	0	0	47970	P1-67-7	0	-
1120	327.674479	327.848958	F6	94	80	0	0	48030	P1-67-25	0	-
1121	327.786458	327.855469	F5	88	80	0	0	48050	P1-67-26	0	-
1122	327.856771	327.968750	F6	94	80	0	0	48070	P1-67-27	0	-
1123	327.930990	328.479167	D5	101	80	0	0	48090	P1-67-12	0	-
1124	327.934896	328.479167	F4	89	80	0	0	48090	P1-67-10	0	-
1125	327.936198	328.649740	Bb4	94	80	0	0	48090	P1-67-11	0	-
1126	327.936198	328.489583	F5	98	80	0	0	48090	P1-67-28	0	-
1127	328.638021	329.309896	Eb5	107	80	0	0	48210	P1-67-15	0	-
1128	328.641927	329.269531	F4	99	80	0	0	48210	P1-67-13	0	-
1129	328.643229	329.179688	C5	100	80	0	0	48210	P1-67-14	0	-
1130	329.473958	330.279948	Eb5	104	80	0	0	48330	P1-68-2	0	-
1131	329.475260	330.389323	F4	92	80	0	0	48330	P1-68-18	0	-
1132	329.475260	330.059896	C5	93	80	0	0	48330	P1-68-1	0	-
1133	330.584635	330.766927	C#5	100	80	0	0	48510	P1-68-4	0	-
1134	330.593750	331.039062	A4	96	80	0	0	48510	P1-68-3	0	-
1135	330.608073	330.680990	F3	83	80	0	0	48510	P1-68-22	0	-
1136	330.713542	331.089844	F2	78	80	0	0	48530	P1-68-23	0	-
1137	330.807292	331.049479	F3	85	80	0	0	48550	P1-68-24	0	-
1138	330.924479	331.569010	D5	95	80	0	0	48570	P1-68-6	0	-
1139	330.925781	331.509115	Bb4	98	80	0	0	48570	P1-68-5	0	-
1140	331.641927	332.329427	D5	102	80	0	0	48690	P1-68-9	0	-
1141	331.644531	332.299479	Bb4	102	80	0	0	48690	P1-68-8	0	-
1142	331.644531	332.479167	F4	92	80	0	0	48690	P1-68-7	0	-
1143	332.058594	332.144531	F6	100	80	0	0	48750	P1-68-27	0	-
1144	332.165365	332.429688	F5	86	80	0	0	48770	P1-68-28	0	-
1145	332.246094	332.359375	F6	92	80	0	0	48790	P1-68-29	0	-
1146	332.351562	333.019531	E5	101	80	0	0	48810	P1-68-13	0	-
1147	332.352865	332.848958	Bb4	100	80	0	0	48810	P1-68-11	0	-
1148	332.352865	332.839844	Db5	97	80	0	0	48810	P1-68-12	0	-
1149	332.352865	332.968750	G4	100	80	0	0	48810	P1-68-10	0	-
1150	333.213542	333.628906	E5	102	80	0	0	48930	P1-68-17	0	-
1151	333.214844	334.039062	Bb4	103	80	0	0	48930	P1-68-15	0	-
1152	333.216146	334.128906	G4	99	80	0	0	48930	P1-68-14	0	-
1153	333.216146	334.029948	Db5	98	80	0	0	48930	P1-68-16	0	-
1154	333.555990	333.729167	F6	94	80	0	0	48990	P1-68-32	0	-
1155	333.653646	333.752604	F5	97	80	0	0	49010	P1-68-33	0	-
1156	333.736979	334.019531	F6	94	80	0	0	49030	P1-68-34	0	-
1157	334.049479	334.669271	F5	75	80	0	0	49050	P1-69-3	0	-
1158	334.055990	334.688802	A4	67	80	0	0	49050	P1-69-1	0	-
1159	334.067708	334.679688	C5	68	80	0	0	49050	P1-69-2	0	-
1160	335.001302	335.848958	C5	54	80	0	0	49170	P1-69-6	0	-
1161	335.007812	335.979167	A4	52	80	0	0	49170	P1-69-5	0	-
1162	335.014323	336.259115	F4	42	80	0	0	49170	P1-69-4	0	-
1163	335.406250	335.598958	F3	53	80	0	0	49230	P1-69-18	0	-
1164	335.575521	335.899740	F2	56	80	0	0	49260	P1-69-19	0	-
1165	335.783854	336.039062	F3	73	80	0	0	49290	P1-69-20	0	-
1166	336.415365	337.039062	C5	86	80	0	0	49410	P1-69-9	0	-
1167	336.416667	337.009115	A4	86	80	0	0	49410	P1-69-8	0	-
1168	336.420573	337.109375	F4	66	80	0	0	49410	P1-69-7	0	-
1169	336.752604	337.000000	F6	90	80	0	0	49470	P1-69-22	0	-
1170	336.880208	336.962240	F5	79	80	0	0	49500	P1-69-23	0	-
1171	337.095052	337.239583	F6	87	80	0	0	49530	P1-69-24	0	-
1172	337.098958	337.799479	E5	89	80	0	0	49530	P1-69-12	0	-
1173	337.102865	337.289062	E6	86	80	0	0	49530	P1-69-24	0	-
1174	337.106771	337.509115	Bb4	76	80	0	0	49530	P1-69-11	0	-
1175	337.106771	337.598958	G4	73	80	0	0	49530	P1-69-10	0	-
1176	337.944010	338.889323	C5	86	80	0	0	49650	P1-69-15	0	-
1177	337.945312	338.468750	Bb4	83	80	0	0	49650	P1-69-14	0	-
1178	337.947917	338.519531	G4	65	80	0	0	49650	P1-69-13	0	-
1179	338.703125	340.059896	F5	79	80	0	0	49770	P1-70-3	0	-
1180	338.710938	339.389323	A4	70	80	0	0	49770	P1-70-2	0	-
1181	338.713542	339.438802	F4	58	80	0	0	49770	P1-70-1	0	-
1182	339.625000	340.709635	A4	60	80	0	0	49890	P1-70-5	0	-
1183	339.625000	340.619792	C5	58	80	0	0	49890	P1-70-6	0	-
1184	339.627604	340.829427	F4	44	80	0	0	49890	P1-70-4	0	-
1185	340.023438	340.179688	F3	64	80	0	0	49950	P1-70-18	0	-
1186	340.182292	340.489583	F2	55	80	0	0	49980	P1-70-19	0	-
1187	340.382812	340.649740	F3	67	80	0	0	50010	P1-70-20	0	-
1188	341.087240	341.729167	C5	87	80	0	0	50130	P1-70-9	0	-
1189	341.092448	341.679688	A4	79	80	0	0	50130	P1-70-8	0	-
1190	341.093750	341.739583	F4	66	80	0	0	50130	P1-70-7	0	-
1191	341.429688	341.658854	F6	83	80	0	0	50190	P1-70-22	0	-
1192	341.565104	341.645833	F5	73	80	0	0	50220	P1-70-23	0	-
1193	341.776042	341.949219	F6	86	80	0	0	50250	P1-70-24	0	-
1194	341.787760	342.139323	E5	83	80	0	0	50250	P1-70-12	0	-
1195	341.789062	341.938802	E6	83	80	0	0	50250	P1-70-24	0	-
1196	341.804688	342.128906	Bb4	67	80	0	0	50250	P1-70-11	0	-
1197	341.805990	342.158854	G4	60	80	0	0	50250	P1-70-10	0	-
1198	342.643229	343.218750	Bb4	78	80	0	0	50370	P1-70-14	0	-
1199	342.643229	343.609375	C5	82	80	0	0	50370	P1-70-15	0	-
1200	342.644531	343.188802	G4	59	80	0	0	50370	P1-70-13	0	-
1201	343.434896	344.069010	F5	73	80	0	0	50490	P1-71-3	0	-
1202	343.451823	344.029948	A4	63	80	0	0	50490	P1-71-2	0	-
1203	343.451823	343.971354	F4	53	80	0	0	50490	P1-71-1	0	-
1204	344.217448	345.869792	C5	74	80	0	0	50610	P1-71-6	0	-
1205	344.229167	345.468750	F4	56	80	0	0	50610	P1-71-4	0	-
1206	344.230469	345.279948	A4	66	80	0	0	50610	P1-71-5	0	-
1207	344.609375	344.684896	F3	49	80	0	0	50670	P1-71-15	0	-
1208	344.753906	345.649740	F2	48	80	0	0	50700	P1-71-16	0	-
1209	344.929688	345.679688	F3	52	80	0	0	50730	P1-71-17	0	-
1210	345.720052	347.979167	A4	69	80	0	0	50850	P1-71-9	0	-
1211	345.735677	346.699219	C4	45	80	0	0	50850	P1-71-7	0	-
1212	345.740885	346.989583	F4	45	80	0	0	50850	P1-71-8	0	-
1213	346.101562	346.239583	F3	38	80	0	0	50910	P1-71-19	0	-
1214	346.244792	346.579427	F2	39	80	0	0	50940	P1-71-20	0	-
1215	346.433594	347.109375	F3	45	80	0	0	50970	P1-71-21	0	-
1216	347.265625	348.579427	F4	39	80	0	0	51090	P1-71-12	0	-
1217	347.283854	349.039062	C4	32	80	0	0	51090	P1-71-11	0	-
1218	347.285156	348.938802	A3	32	80	0	0	51090	P1-71-10	0	-
1219	347.691406	347.774740	F3	36	80	0	0	51150	P1-71-23	0	-
1220	347.834635	348.419271	F2	34	80	0	0	51180	P1-71-24	0	-
1221	348.031250	348.878906	F3	36	80	0	0	51210	P1-72-13	0	-
1222	348.809896	350.109375	F4	54	80	0	0	51330	P1-72-14	0	-
1223	349.572917	350.549479	E4	76	80	0	0	51450	P1-72-15	0	-
1224	350.367188	351.809896	F4	77	80	0	0	51570	P1-72-19	0	-
1225	350.373698	351.329427	Eb4	78	80	0	0	51570	P1-72-16	0	-
1226	351.132812	351.869792	D4	81	80	0	0	51690	P1-72-17	0	-
1227	351.526042	351.730469	G4	82	80	0	0	51750	P1-72-7	0	-
1228	351.708333	351.925781	A4	83	80	0	0	51780	P1-72-8	0	-
1229	351.894531	352.069010	Bb4	88	80	0	0	51810	P1-72-9	0	-
1230	351.901042	352.244792	C4	74	80	0	0	51810	P1-72-18	0	-
1231	351.902344	352.252604	Eb4	73	80	0	0	51810	P1-72-20	0	-
1232	352.055990	352.229167	C5	94	80	0	0	51840	P1-72-10	0	-
1233	352.217448	352.424479	D5	91	80	0	0	51870	P1-72-11	0	-
1234	352.386719	352.514323	Eb5	98	80	0	0	51900	P1-72-12	0	-
1235	352.665365	353.022135	Bb2	39	80	0	0	51930	P1-73-9	0	-
1236	352.794271	356.009115	F5	79	80	0	0	51930	P1-73-1	0	-
1237	353.671875	355.408854	Bb3	32	80	0	0	52050	P1-73-10	0	-
1238	354.513021	356.119792	Bb4	46	80	0	0	52170	P1-73-7	0	-
1239	354.522135	356.179688	D4	27	80	0	0	52170	P1-73-11	0	-
1240	354.528646	356.109375	F4	26	80	0	0	52170	P1-73-12	0	-
1241	355.416667	356.459635	Bb3	31	80	0	0	52290	P1-73-13	0	-
1242	356.035156	356.329427	D5	63	80	0	0	52380	P1-73-3	0	-
1243	356.257812	358.069010	Bb5	73	80	0	0	52410	P1-73-4	0	-
1244	356.286458	357.899740	Eb4	42	80	0	0	52410	P1-73-14	0	-
1245	356.287760	357.279948	G4	41	80	0	0	52410	P1-73-15	0	-
1246	356.291667	359.250000	Bb4	53	80	0	0	52410	P1-73-8	0	-
1247	357.199219	358.468750	Bb3	36	80	0	0	52530	P1-73-16	0	-
1248	357.776042	358.045573	G5	75	80	0	0	52620	P1-73-5	0	-
1249	358.023438	360.628906	F5	74	80	0	0	52650	P1-74-1	0	-
1250	358.054688	359.079427	D4	36	80	0	0	52650	P1-74-10	0	-
1251	358.057292	359.128906	F4	35	80	0	0	52650	P1-74-11	0	-
1252	358.843750	360.019531	Bb3	46	80	0	0	52770	P1-74-12	0	-
1253	359.618490	361.158854	Bb4	63	80	0	0	52890	P1-74-7	0	-
1254	359.625000	360.750000	D4	38	80	0	0	52890	P1-74-13	0	-
1255	359.627604	360.889323	F4	35	80	0	0	52890	P1-74-14	0	-
1256	360.488281	361.119792	Bb3	50	80	0	0	53010	P1-74-15	0	-
1257	361.054688	361.419271	D5	77	80	0	0	53100	P1-74-3	0	-
1258	361.296875	362.979167	Eb5	82	80	0	0	53130	P1-74-4	0	-
1259	361.316406	362.218750	Bb4	61	80	0	0	53130	P1-74-8	0	-
1260	361.325521	362.459635	G3	47	80	0	0	53130	P1-74-16	0	-
1261	361.325521	361.569010	Bb3	49	80	0	0	53130	P1-74-8	0	-
1262	362.069010	363.059896	G4	74	80	0	0	53250	P1-74-9	0	-
1263	362.085938	362.968750	Eb3	49	80	0	0	53250	P1-74-17	0	-
1264	362.626302	363.001302	C5	87	80	0	0	53340	P1-74-5	0	-
1265	362.933594	366.299479	Bb4	84	80	0	0	53370	P1-75-1	0	-
1266	362.936198	363.244792	F2	43	80	0	0	53370	P1-75-10	0	-
1267	363.714844	364.539062	D4	74	80	0	0	53490	P1-75-7	0	-
1268	363.721354	365.359375	F3	57	80	0	0	53490	P1-75-11	0	-
1269	364.533854	366.179688	F4	74	80	0	0	53610	P1-75-8	0	-
1270	364.544271	365.819010	Bb3	62	80	0	0	53610	P1-75-12	0	-
1271	364.545573	366.009115	D4	61	80	0	0	53610	P1-75-13	0	-
1272	365.373698	366.188802	F3	60	80	0	0	53730	P1-75-14	0	-
1273	366.187500	366.669271	D5	75	80	0	0	53850	P1-75-2	0	-
1274	366.194010	369.619792	F4	60	80	0	0	53850	P1-75-9	0	-
1275	366.195312	367.250000	A3	56	80	0	0	53850	P1-75-15	0	-
1276	366.195312	367.449219	C4	58	80	0	0	53850	P1-75-16	0	-
1277	366.203125	366.968750	F3	49	80	0	0	53850	P1-75-9	0	-
1278	366.626302	367.020833	C5	88	80	0	0	53910	P1-75-3	0	-
1279	366.975260	367.500000	Bb4	89	80	0	0	53970	P1-75-4	0	-
1280	366.984375	367.589844	F3	48	80	0	0	53970	P1-75-17	0	-
1281	367.373698	367.658854	C5	94	80	0	0	54030	P1-75-5	0	-
1282	367.596354	369.519531	Bb2	38	80	0	0	54090	P1-76-21	0	-
1283	367.834635	369.529948	C5	78	80	0	0	54090	P1-76-1	0	-
1284	367.834635	369.119792	A3	58	80	0	0	54090	P1-76-15	0	-
1285	367.839844	368.239583	F3	42	80	0	0	54090	P1-76-13	0	-
1286	368.776042	370.348958	F3	46	80	0	0	54210	P1-76-16	0	-
1287	369.381510	369.723958	C#5	64	80	0	0	54300	P1-76-2	0	-
1288	369.686198	370.489583	D5	54	80	0	0	54330	P1-76-3	0	-
1289	369.722656	370.348958	F4	25	80	0	0	54330	P1-76-3	0	-
1290	369.723958	370.979167	Bb3	33	80	0	0	54330	P1-76-17	0	-
1291	370.476562	371.339844	D3	54	80	0	0	54450	P1-76-18	0	-
1292	371.260417	371.983073	Eb3	63	80	0	0	54570	P1-76-19	0	-
1293	371.446615	371.718750	F4	72	80	0	0	54600	P1-76-6	0	-
1294	371.644531	371.722656	G4	77	80	0	0	54630	P1-76-7	0	-
1295	371.813802	371.885417	A4	83	80	0	0	54660	P1-76-8	0	-
1296	371.986979	372.044271	Bb4	84	80	0	0	54690	P1-76-9	0	-
1297	371.986979	372.567708	C3	63	80	0	0	54690	P1-76-20	0	-
1298	372.152344	372.216146	C5	92	80	0	0	54720	P1-76-10	0	-
1299	372.312500	372.372396	D5	86	80	0	0	54750	P1-76-11	0	-
1300	372.473958	372.574219	Eb5	93	80	0	0	54780	P1-76-12	0	-
1301	372.614583	373.619792	Bb2	46	80	0	0	54810	P1-77-9	0	-
1302	372.778646	374.649740	F5	70	80	0	0	54810	P1-77-1	0	-
1303	373.604167	375.279948	Bb3	49	80	0	0	54930	P1-77-10	0	-
1304	373.968750	374.579427	A4	63	80	0	0	54990	P1-77-7	0	-
1305	374.472656	377.500000	Bb4	58	80	0	0	55050	P1-77-8	0	-
1306	374.475260	375.739583	D4	37	80	0	0	55050	P1-77-11	0	-
1307	374.476562	375.619792	F4	38	80	0	0	55050	P1-77-12	0	-
1308	375.285156	376.609375	Bb3	48	80	0	0	55170	P1-77-13	0	-
1309	375.869792	376.179688	D5	71	80	0	0	55260	P1-77-3	0	-
1310	376.093750	377.968750	Bb5	78	80	0	0	55290	P1-77-4	0	-
1311	376.115885	377.049479	G4	44	80	0	0	55290	P1-77-15	0	-
1312	376.125000	377.479167	Eb4	44	80	0	0	55290	P1-77-14	0	-
1313	376.996094	378.329427	Bb3	50	80	0	0	55410	P1-77-16	0	-
1314	377.566406	377.843750	G5	73	80	0	0	55500	P1-77-5	0	-
1315	377.817708	380.359375	F5	71	80	0	0	55530	P1-78-1	0	-
1316	377.835938	379.149740	F4	40	80	0	0	55530	P1-78-12	0	-
1317	377.841146	379.089844	D4	39	80	0	0	55530	P1-78-11	0	-
1318	378.645833	380.239583	Bb3	47	80	0	0	55650	P1-78-13	0	-
1319	379.018229	379.569010	A4	64	80	0	0	55710	P1-78-7	0	-
1320	379.485677	380.889323	Bb4	64	80	0	0	55770	P1-78-8	0	-
1321	379.503906	380.468750	D4	43	80	0	0	55770	P1-78-14	0	-
1322	379.507812	380.750000	F4	42	80	0	0	55770	P1-78-15	0	-
1323	380.303385	381.049479	Bb3	61	80	0	0	55890	P1-78-16	0	-
1324	380.855469	381.127604	D5	80	80	0	0	55980	P1-78-3	0	-
1325	381.059896	381.679688	F5	83	80	0	0	56010	P1-78-4	0	-
1326	381.071615	381.889323	Bb4	72	80	0	0	56010	P1-78-9	0	-
1327	381.075521	382.039062	G3	60	80	0	0	56010	P1-78-17	0	-
1328	381.473958	382.209635	Eb5	91	80	0	0	56010	P1-78-4	0	-
1329	381.805990	382.609375	Eb3	70	80	0	0	56130	P1-78-18	0	-
1330	381.807292	382.378906	G4	82	80	0	0	56130	P1-78-10	0	-
1331	382.138021	382.729167	C5	99	80	0	0	56220	P1-78-5	0	-
1332	382.674479	384.649740	Bb4	91	80	0	0	56250	P1-79-1	0	-
1333	382.682292	383.299479	D4	71	80	0	0	56250	P1-79-3	0	-
1334	382.684896	385.229167	F3	66	80	0	0	56250	P1-79-14	0	-
1335	383.464844	384.069010	D4	85	80	0	0	56370	P1-79-5	0	-
1336	383.464844	384.759115	Bb3	83	80	0	0	56370	P1-79-4	0	-
1337	384.253906	385.179688	F4	87	80	0	0	56490	P1-79-7	0	-
1338	384.256510	384.759115	D4	84	80	0	0	56490	P1-79-6	0	-
1339	385.015625	385.429688	D4	85	80	0	0	56610	P1-79-9	0	-
1340	385.015625	385.429688	Bb3	85	80	0	0	56610	P1-79-8	0	-
1341	385.842448	388.489583	F4	89	80	0	0	56730	P1-79-2	0	-
1342	385.854167	386.639323	A3	87	80	0	0	56730	P1-79-10	0	-
1343	385.854167	387.169271	C4	84	80	0	0	56730	P1-79-11	0	-
1344	385.869792	387.500000	F2	68	80	0	0	56730	P1-79-16	0	-
1345	385.873698	387.429688	F1	70	80	0	0	56730	P1-79-15	0	-
1346	386.766927	387.500000	A3	78	80	0	0	56850	P1-79-13	0	-
1347	386.768229	387.329427	F3	74	80	0	0	56850	P1-79-12	0	-
1348	387.824219	388.216146	D4	42	80	0	0	56970	P1-80-3	0	-
1349	387.826823	388.408854	Bb3	40	80	0	0	56970	P1-80-2	0	-
1350	387.832031	388.217448	F3	38	80	0	0	56970	P1-80-1	0	-
1351	387.834635	388.209635	Bb2	40	80	0	0	56970	P1-80-2	0	-
1352	387.837240	388.250000	Bb1	35	80	0	0	56970	P1-80-8	0	-
1353	389.158854	389.222656	Bb2	48	80	0	0	57150	P1-80-10	0	-
1354	389.253906	389.378906	Bb1	50	80	0	0	57170	P1-80-11	0	-
1355	389.342448	389.385417	Bb2	54	80	0	0	57190	P1-80-12	0	-
1356	389.385417	389.429688	Bb1	47	80	0	0	57210	P1-80-13	0	-
1357	390.578125	390.625000	Bb2	38	80	0	0	57390	P1-80-15	0	-
1358	390.662760	390.712240	Bb1	47	80	0	0	57410	P1-80-16	0	-
1359	390.744792	390.805990	Bb2	49	80	0	0	57430	P1-80-17	0	-
1360	390.843750	390.894531	Bb1	50	80	0	0	57450	P1-80-18	0	-
1361	391.602865	392.158854	Bb3	51	80	0	0	57570	P1-80-7	0	-
1362	392.417969	394.079427	Bb3	55	80	0	0	57690	P1-81-1	0	-
1363	393.816406	393.929688	Bb2	37	80	0	0	57870	P1-81-6	0	-
1364	393.904948	394.279948	Bb1	41	80	0	0	57890	P1-81-7	0	-
1365	393.976562	394.098958	Bb2	60	80	0	0	57910	P1-81-8	0	-
1366	394.078125	396.459635	Cb4	54	80	0	0	57930	P1-81-2	0	-
1367	394.104167	397.500000	Ab3	43	80	0	0	57930	P1-81-18	0	-
1368	394.106771	396.329427	F3	41	80	0	0	57930	P1-81-17	0	-
1369	394.113281	396.919271	D3	42	80	0	0	57930	P1-81-16	0	-
1370	395.453125	395.510417	Bb2	42	80	0	0	58110	P1-81-11	0	-
1371	395.552083	395.750000	Bb1	36	80	0	0	58130	P1-81-12	0	-
1372	395.662760	397.319010	Bb2	51	80	0	0	58150	P1-81-13	0	-
1373	395.759115	397.500000	Bb1	43	80	0	0	58170	P1-81-14	0	-
1374	396.466146	397.289062	Cb4	62	80	0	0	58290	P1-81-3	0	-
1375	397.295573	398.859375	Cb4	68	80	0	0	58410	P1-82-1	0	-
1376	398.638021	398.759115	Bb2	47	80	0	0	58590	P1-82-9	0	-
1377	398.726562	398.919271	Bb1	47	80	0	0	58610	P1-82-10	0	-
1378	398.834635	398.919271	Bb2	44	80	0	0	58630	P1-82-11	0	-
1379	398.916667	401.069010	D4	69	80	0	0	58650	P1-82-5	0	-
1380	398.924479	399.468750	Bb1	50	80	0	0	58650	P1-82-12	0	-
1381	398.925781	399.269531	Bb2	52	80	0	0	58650	P1-82-12	0	-
1382	398.933594	401.408854	Ab3	53	80	0	0	58650	P1-82-3	0	-
1383	398.933594	399.979167	F3	52	80	0	0	58650	P1-82-2	0	-
1384	400.205729	400.309896	Bb2	45	80	0	0	58830	P1-82-14	0	-
1385	400.299479	400.509115	Bb1	44	80	0	0	58850	P1-82-15	0	-
1386	400.402344	401.729167	Bb2	55	80	0	0	58870	P1-82-16	0	-
1387	400.514323	401.759115	Bb1	46	80	0	0	58890	P1-82-17	0	-
1388	401.216146	401.779948	D4	76	80	0	0	59010	P1-82-6	0	-
1389	401.981771	403.389323	D4	80	80	0	0	59130	P1-83-1	0	-
1390	403.145833	403.319010	Bb2	46	80	0	0	59310	P1-83-12	0	-
1391	403.235677	404.479167	Bb1	55	80	0	0	59330	P1-83-13	0	-
1392	403.333333	404.188802	Bb2	63	80	0	0	59350	P1-83-14	0	-
1393	403.433594	404.658854	F4	79	80	0	0	59370	P1-83-5	0	-
1394	403.444010	404.500000	D4	59	80	0	0	59370	P1-83-4	0	-
1395	403.445312	404.250000	Cb4	66	80	0	0	59370	P1-83-3	0	-
1396	403.449219	404.549479	Ab3	66	80	0	0	59370	P1-83-2	0	-
1397	404.606771	404.675781	Bb2	55	80	0	0	59550	P1-83-17	0	-
1398	404.701823	405.529948	Bb1	51	80	0	0	59570	P1-83-18	0	-
1399	404.812500	405.459635	Bb2	64	80	0	0	59590	P1-83-19	0	-
1400	404.882812	406.628906	Ab4	97	80	0	0	59610	P1-83-9	0	-
1401	404.903646	406.309896	Cb4	75	80	0	0	59610	P1-83-6	0	-
1402	404.903646	406.809896	F4	72	80	0	0	59610	P1-83-8	0	-
1403	404.910156	407.039062	D4	62	80	0	0	59610	P1-83-7	0	-
1404	405.989583	406.057292	Bb2	63	80	0	0	59790	P1-83-22	0	-
1405	406.092448	406.289062	Bb1	66	80	0	0	59810	P1-83-23	0	-
1406	406.214844	407.218750	Bb2	59	80	0	0	59830	P1-83-24	0	-
1407	406.302083	407.059896	Bb1	71	80	0	0	59850	P1-84-10	0	-
1408	406.513021	407.789062	Cb5	97	80	0	0	59850	P1-84-1	0	-
1409	407.756510	407.834635	Ab3	51	80	0	0	60030	P1-84-12	0	-
1410	407.843750	408.019531	Bb2	58	80	0	0	60050	P1-84-13	0	-
1411	407.933594	408.609375	Ab3	67	80	0	0	60070	P1-84-14	0	-
1412	408.031250	408.739583	Bb2	61	80	0	0	60090	P1-84-15	0	-
1413	408.037760	409.529948	Ab4	72	80	0	0	60090	P1-84-7	0	-
1414	408.041667	409.329427	D4	54	80	0	0	60090	P1-84-5	0	-
1415	408.044271	409.369792	F4	57	80	0	0	60090	P1-84-6	0	-
1416	409.263021	409.337240	Ab3	46	80	0	0	60270	P1-84-17	0	-
1417	409.356771	409.559896	Bb2	53	80	0	0	60290	P1-84-18	0	-
1418	409.464844	409.979167	Ab3	56	80	0	0	60310	P1-84-19	0	-
1419	409.565104	411.839844	Bb2	45	80	0	0	60330	P1-84-20	0	-
1420	409.609375	411.348958	Bb4	79	80	0	0	60330	P1-84-2	0	-
1421	409.623698	411.729167	D4	51	80	0	0	60330	P1-84-8	0	-
1422	409.625000	411.438802	F4	50	80	0	0	60330	P1-84-9	0	-
1423	409.984375	411.149740	G#3	35	80	0	0	60450	P1-84-3	0	-
1424	410.356771	411.598958	Ab4	88	80	0	0	60450	P1-84-3	0	-
1425	411.302083	412.899740	F#4	74	80	0	0	60570	P1-85-1	0	-
1426	412.580729	412.739583	Bb2	46	80	0	0	60750	P1-85-9	0	-
1427	412.675781	412.869792	Bb1	46	80	0	0	60770	P1-85-10	0	-
1428	412.790365	413.549479	Bb2	41	80	0	0	60790	P1-85-11	0	-
1429	412.855469	415.329427	G4	66	80	0	0	60810	P1-85-2	0	-
1430	412.876302	415.399740	Eb4	47	80	0	0	60810	P1-85-6	0	-
1431	412.878906	413.658854	Bb1	46	80	0	0	60810	P1-85-12	0	-
1432	412.881510	413.609375	Bb3	51	80	0	0	60810	P1-85-5	0	-
1433	414.078125	414.188802	Bb2	55	80	0	0	60990	P1-85-14	0	-
1434	414.170573	414.339844	Bb1	49	80	0	0	61010	P1-85-15	0	-
1435	414.253906	415.169271	Bb2	58	80	0	0	61030	P1-85-16	0	-
1436	414.346354	414.839844	Bb1	54	80	0	0	61050	P1-85-17	0	-
1437	415.013021	415.968750	Bb4	96	80	0	0	61170	P1-85-3	0	-
1438	415.899740	417.158854	Eb5	103	80	0	0	61290	P1-86-1	0	-
1439	417.123698	417.210938	Bb3	82	80	0	0	61470	P1-86-11	0	-
1440	417.210938	418.299479	Bb2	72	80	0	0	61490	P1-86-12	0	-
1441	417.305990	418.369792	Bb3	85	80	0	0	61510	P1-86-13	0	-
1442	417.391927	419.718750	A4	81	80	0	0	61530	P1-86-5	0	-
1443	417.393229	421.119792	Eb4	82	80	0	0	61530	P1-86-7	0	-
1444	417.393229	421.119792	Gb4	80	80	0	0	61530	P1-86-8	0	-
1445	418.628906	418.839844	Bb3	62	80	0	0	61710	P1-86-16	0	-
1446	418.734375	420.949219	Bb2	59	80	0	0	61730	P1-86-17	0	-
1447	418.847656	420.908854	Bb3	59	80	0	0	61750	P1-86-18	0	-
1448	418.916667	420.579427	C5	88	80	0	0	61770	P1-86-2	0	-
1449	419.731771	421.109375	A4	94	80	0	0	61890	P1-86-3	0	-
1450	420.587240	422.569010	C5	92	80	0	0	62010	P1-87-1	0	-
1451	421.893229	422.069010	Bb2	52	80	0	0	62190	P1-87-12	0	-
1452	421.983073	422.169271	Bb1	58	80	0	0	62210	P1-87-13	0	-
1453	422.075521	422.649740	Bb2	57	80	0	0	62230	P1-87-14	0	-
1454	422.149740	424.039062	Bb4	87	80	0	0	62250	P1-87-2	0	-
1455	422.164062	422.908854	D4	69	80	0	0	62250	P1-87-6	0	-
1456	422.174479	422.779948	Bb1	54	80	0	0	62250	P1-87-15	0	-
1457	422.175781	423.519531	F4	58	80	0	0	62250	P1-87-7	0	-
1458	423.341146	423.404948	Bb2	64	80	0	0	62430	P1-87-17	0	-
1459	423.441406	424.479167	Bb1	64	80	0	0	62450	P1-87-18	0	-
1460	423.532552	425.218750	Bb2	71	80	0	0	62470	P1-87-19	0	-
1461	423.604167	426.000000	Ab4	96	80	0	0	62490	P1-87-9	0	-
1462	423.604167	425.718750	F4	83	80	0	0	62490	P1-87-8	0	-
1463	424.303385	425.479167	D5	100	80	0	0	62610	P1-87-4	0	-
1464	425.037760	425.989583	F5	102	80	0	0	62730	P1-88-1	0	-
1465	425.867188	426.419271	Eb5	104	80	0	0	62850	P1-88-2	0	-
1466	426.295573	426.459635	Bb3	81	80	0	0	62910	P1-88-18	0	-
1467	426.406250	427.699219	Bb2	60	80	0	0	62950	P1-88-20	0	-
1468	426.472656	427.549479	Bb3	78	80	0	0	62970	P1-88-7	0	-
1469	426.506510	427.079427	Bb4	96	80	0	0	62970	P1-88-7	0	-
1470	426.509115	427.389323	G4	91	80	0	0	62970	P1-88-6	0	-
1471	427.334635	428.279948	A4	92	80	0	0	63090	P1-88-9	0	-
1472	427.334635	428.649740	Gb4	93	80	0	0	63090	P1-88-8	0	-
1473	427.772135	427.968750	Bb3	84	80	0	0	63150	P1-88-23	0	-
1474	427.864583	428.089844	Bb2	65	80	0	0	63150	P1-88-23	0	-
1475	427.980469	429.039062	Bb3	78	80	0	0	63150	P1-88-23	0	-
1476	428.100260	429.579427	Bb2	70	80	0	0	63190	P1-88-25	0	-
1477	428.101562	429.229167	C5	87	80	0	0	63210	P1-88-3	0	-
1478	428.101562	428.779948	Eb4	90	80	0	0	63210	P1-88-10	0	-
1479	428.998698	429.819010	A4	83	80	0	0	63330	P1-88-4	0	-
1480	429.000000	429.500000	C4	72	80	0	0	63330	P1-88-13	0	-
1481	429.003906	429.799479	Gb4	73	80	0	0	63330	P1-88-15	0	-
1482	429.005208	429.649740	Eb4	65	80	0	0	63330	P1-88-14	0	-
1483	429.471354	429.669271	Bb3	60	80	0	0	63390	P1-88-28	0	-
1484	429.585938	429.979167	Bb2	54	80	0	0	63410	P1-88-29	0	-
1485	429.714844	429.979167	Bb3	72	80	0	0	63430	P1-88-30	0	-
1486	429.954427	432.500000	Bb4	69	80	0	0	63450	P1-89-3	0	-
1487	429.977865	431.639323	F4	47	80	0	0	63450	P1-89-2	0	-
1488	429.984375	430.319010	D4	52	80	0	0	63450	P1-89-1	0	-
1489	429.985677	431.688802	D3	50	80	0	0	63450	P1-89-15	0	-
1490	429.985677	432.279948	Bb3	49	80	0	0	63450	P1-89-3	0	-
1491	429.992188	433.089844	Bb2	45	80	0	0	63450	P1-89-22	0	-
1492	431.604167	432.079427	Eb3	63	80	0	0	63660	P1-89-17	0	-
1493	431.610677	432.089844	C3	50	80	0	0	63660	P1-89-16	0	-
1494	431.903646	434.079427	F3	66	80	0	0	63690	P1-89-19	0	-
1495	431.945312	433.799479	D3	53	80	0	0	63690	P1-89-18	0	-
1496	433.803385	435.569010	Eb3	58	80	0	0	63930	P1-89-21	0	-
1497	433.804688	435.539062	C3	50	80	0	0	63930	P1-89-20	0	-
1498	434.041667	434.195312	F4	60	80	0	0	63960	P1-89-7	0	-
1499	434.243490	434.345052	E4	61	80	0	0	63990	P1-89-8	0	-
1500	434.442708	434.514323	F4	66	80	0	0	64020	P1-89-9	0	-
1501	434.621094	434.694010	G4	79	80	0	0	64050	P1-89-10	0	-
1502	434.803385	434.876302	A4	81	80	0	0	64080	P1-89-11	0	-
1503	434.997396	435.101562	Bb4	82	80	0	0	64110	P1-89-12	0	-
1504	435.201823	435.533854	C5	84	80	0	0	64140	P1-89-13	0	-
1505	435.523438	437.098958	D5	79	80	0	0	64170	P1-90-2	0	-
1506	435.544271	437.079427	Bb4	60	80	0	0	64170	P1-90-1	0	-
1507	435.545573	437.009115	Bb2	51	80	0	0	64170	P1-90-11	0	-
1508	435.546875	436.628906	Bb3	55	80	0	0	64170	P1-90-1	0	-
1509	435.546875	438.709635	F4	51	80	0	0	64170	P1-90-9	0	-
1510	437.035156	437.589844	Eb5	88	80	0	0	64380	P1-90-4	0	-
1511	437.039062	437.649740	C5	75	80	0	0	64380	P1-90-3	0	-
1512	437.345052	439.348958	F5	80	80	0	0	64410	P1-90-6	0	-
1513	437.347656	438.869792	D5	74	80	0	0	64410	P1-90-5	0	-
1514	439.265625	441.039062	Eb5	71	80	0	0	64650	P1-90-8	0	-
1515	439.274740	440.389323	C5	54	80	0	0	64650	P1-90-7	0	-
1516	439.285156	442.188802	F4	39	80	0	0	64650	P1-90-10	0	-
1517	439.502604	439.605469	F3	51	80	0	0	64680	P1-90-16	0	-
1518	439.723958	439.822917	E3	55	80	0	0	64710	P1-90-17	0	-
1519	439.919271	440.007812	F3	62	80	0	0	64740	P1-90-18	0	-
1520	440.100260	440.173177	G3	66	80	0	0	64770	P1-90-19	0	-
1521	440.279948	440.372396	A3	67	80	0	0	64800	P1-90-20	0	-
1522	440.475260	440.563802	Bb3	68	80	0	0	64830	P1-90-21	0	-
1523	440.654948	440.979167	C4	73	80	0	0	64860	P1-90-22	0	-
1524	440.954427	442.628906	D4	73	80	0	0	64890	P1-91-8	0	-
1525	440.963542	442.009115	Bb4	60	80	0	0	64890	P1-91-2	0	-
1526	440.967448	442.609375	Bb3	56	80	0	0	64890	P1-91-7	0	-
1527	442.524740	442.949219	Eb4	82	80	0	0	65100	P1-91-10	0	-
1528	442.527344	442.878906	C4	69	80	0	0	65100	P1-91-9	0	-
1529	442.796875	447.500000	F4	84	80	0	0	65130	P1-91-12	0	-
1530	442.830729	447.500000	D4	78	80	0	0	65130	P1-91-11	0	-
1531	444.520833	447.188802	Bb1	64	80	0	0	65370	P1-91-13	0	-
1532	446.984375	451.109375	A1	35	80	0	0	65610	P1-92-2	0	-
1533	452.535156	453.059896	C6	53	80	0	0	66330	P1-93-1	0	-
1534	453.014323	453.229167	D6	67	80	0	0	66420	P1-93-6	0	-
1535	453.166667	453.277344	C6	75	80	0	0	66430	P1-93-7	0	-
1536	453.273438	453.459635	B5	84	80	0	0	66440	P1-93-8	0	-
1537	453.384115	454.049479	C6	89	80	0	0	66450	P1-93-2	0	-
1538	453.934896	454.286458	D6	98	80	0	0	66540	P1-93-3	0	-
1539	454.236979	455.188802	Eb6	97	80	0	0	66570	P1-93-4	0	-
1540	455.802083	458.209635	Gb4	79	80	0	0	66810	P1-93-5	0	-
1541	455.812500	457.509115	Eb4	67	80	0	0	66810	P1-93-13	0	-
1542	455.813802	457.489583	C4	64	80	0	0	66810	P1-93-12	0	-
1543	455.817708	457.908854	Bb3	68	80	0	0	66810	P1-93-11	0	-
1544	458.014323	461.079427	F4	46	80	0	0	67050	P1-94-1	0	-
1545	458.032552	461.149740	Eb4	45	80	0	0	67050	P1-94-18	0	-
1546	458.039062	461.419271	A3	37	80	0	0	67050	P1-94-16	0	-
1547	458.041667	461.949219	C4	36	80	0	0	67050	P1-94-17	0	-
1548	460.904948	461.182292	G4	38	80	0	0	67530	P1-94-2	0	-
1549	461.212240	461.378906	F4	42	80	0	0	67547	P1-94-3	0	-
1550	461.411458	461.819010	E4	52	80	0	0	67564	P1-94-4	0	-
1551	461.585938	461.734375	F4	56	80	0	0	67581	P1-94-5	0	-
1552	461.735677	461.863281	G4	58	80	0	0	67598	P1-94-6	0	-
1553	461.894531	461.994792	A4	67	80	0	0	67615	P1-94-7	0	-
1554	462.029948	462.075521	Bb4	68	80	0	0	67632	P1-94-8	0	-
1555	462.151042	462.253906	C5	68	80	0	0	67649	P1-94-9	0	-
1556	462.268229	462.351562	D5	70	80	0	0	67666	P1-94-10	0	-
1557	462.360677	462.414062	Eb5	79	80	0	0	67683	P1-94-11	0	-
1558	462.473958	462.565104	F5	81	80	0	0	67700	P1-94-12	0	-
1559	462.565104	462.632812	G5	73	80	0	0	67717	P1-94-13	0	-
1560	462.652344	462.733073	A5	79	80	0	0	67734	P1-94-14	0	-
1561	462.735677	462.808594	Bb5	85	80	0	0	67751	P1-94-15	0	-
1562	462.843750	463.319010	C6	77	80	0	0	67770	P1-95-1	0	-
1563	463.303385	463.401042	D6	76	80	0	0	67860	P1-95-8	0	-
1564	463.401042	463.483073	C6	81	80	0	0	67870	P1-95-9	0	-
1565	463.476562	463.593750	B5	92	80	0	0	67880	P1-95-10	0	-
1566	463.565104	464.209635	C6	99	80	0	0	67890	P1-95-2	0	-
1567	464.093750	464.385417	D6	101	80	0	0	67980	P1-95-3	0	-
1568	464.351562	465.089844	Eb6	99	80	0	0	68010	P1-95-4	0	-
1569	465.994792	467.839844	Eb5	90	80	0	0	68250	P1-95-7	0	-
1570	465.998698	468.029948	A4	85	80	0	0	68250	P1-95-5	0	-
1571	466.003906	467.949219	C5	79	80	0	0	68250	P1-95-6	0	-
1572	466.006510	467.438802	Eb4	78	80	0	0	68250	P1-95-16	0	-
1573	466.007812	467.500000	C4	70	80	0	0	68250	P1-95-15	0	-
1574	466.014323	467.949219	F#3	69	80	0	0	68250	P1-95-14	0	-
1575	467.872396	469.128906	D5	62	80	0	0	68490	P1-96-2	0	-
1576	467.881510	468.809896	Bb4	53	80	0	0	68490	P1-96-1	0	-
1577	467.902344	468.929688	G3	42	80	0	0	68490	P1-96-11	0	-
1578	467.904948	468.829427	Bb3	43	80	0	0	68490	P1-96-12	0	-
1579	467.904948	468.779948	D4	38	80	0	0	68490	P1-96-13	0	-
1580	469.429688	472.500000	G5	100	80	0	0	68730	P1-96-4	0	-
1581	470.123698	470.699219	Db4	93	80	0	0	68850	P1-96-18	0	-
1582	470.125000	470.799479	E3	83	80	0	0	68850	P1-96-16	0	-
1583	470.125000	470.639323	Bb3	87	80	0	0	68850	P1-96-17	0	-
1584	471.014323	471.089844	G4	84	80	0	0	68970	P1-96-7	0	-
1585	471.014323	471.468750	Bb4	89	80	0	0	68970	P1-96-8	0	-
1586	471.014323	471.569010	Db5	88	80	0	0	68970	P1-96-9	0	-
1587	473.201823	475.250000	F5	81	80	0	0	69210	P1-97-1	0	-
1588	474.188802	474.989583	F3	29	80	0	0	69330	P1-97-13	0	-
1589	474.190104	474.639323	D4	31	80	0	0	69330	P1-97-15	0	-
1590	474.191406	474.529948	Bb3	30	80	0	0	69330	P1-97-14	0	-
1591	474.981771	475.166667	D5	41	80	0	0	69450	P1-97-6	0	-
1592	474.988281	475.167969	Bb4	38	80	0	0	69450	P1-97-5	0	-
1593	474.989583	475.147135	F4	26	80	0	0	69450	P1-97-4	0	-
1594	474.993490	475.239583	Bb3	28	80	0	0	69450	P1-97-5	0	-
1595	475.003906	475.132812	F3	24	80	0	0	69450	P1-97-4	0	-
1596	475.783854	475.979167	F2	30	80	0	0	69570	P1-97-18	0	-
1597	475.783854	475.934896	F1	29	80	0	0	69570	P1-97-17	0	-
1598	476.656250	477.479167	A4	39	80	0	0	69690	P1-97-10	0	-
1599	476.664062	477.539062	C4	29	80	0	0	69690	P1-97-8	0	-
1600	476.665365	477.239583	Eb4	34	80	0	0	69690	P1-97-9	0	-
1601	477.565104	477.677083	F2	34	80	0	0	69810	P1-97-20	0	-
1602	477.565104	477.680990	F3	33	80	0	0	69810	P1-97-21	0	-
1603	478.644531	479.128906	Bb4	38	80	0	0	69930	P1-98-3	0	-
1604	478.654948	478.994792	D4	26	80	0	0	69930	P1-98-2	0	-
1605	478.661458	478.992188	Bb3	25	80	0	0	69930	P1-98-1	0	-
1606	478.671875	479.039062	Bb2	24	80	0	0	69930	P1-98-15	0	-
1607	478.674479	478.989583	Bb1	20	80	0	0	69930	P1-98-14	0	-
1608	479.585938	480.649740	F5	50	80	0	0	70050	P1-98-5	0	-
1609	479.623698	481.348958	F4	24	80	0	0	70050	P1-98-4	0	-
1610	480.476562	481.438802	D5	69	80	0	0	70170	P1-98-7	0	-
1611	480.505208	482.479167	D4	38	80	0	0	70170	P1-98-6	0	-
1612	481.313802	482.329427	Cb5	71	80	0	0	70290	P1-98-9	0	-
1613	481.328125	482.128906	Cb4	57	80	0	0	70290	P1-98-8	0	-
1614	482.125000	482.959635	Bb4	85	80	0	0	70410	P1-98-11	0	-
1615	482.135417	482.938802	Bb3	70	80	0	0	70410	P1-98-10	0	-
1616	482.895833	483.649740	Ab4	96	80	0	0	70530	P1-98-13	0	-
1617	482.902344	483.359375	Ab3	85	80	0	0	70530	P1-98-12	0	-
1618	483.170573	483.699219	Bb1	48	80	0	0	70650	P1-99-15	0	-
1619	483.756510	484.819010	G4	86	80	0	0	70650	P1-99-2	0	-
1620	483.773438	485.799479	G3	71	80	0	0	70650	P1-99-1	0	-
1621	483.785156	487.489583	Bb2	51	80	0	0	70650	P1-99-16	0	-
1622	484.656250	485.389323	Bb4	84	80	0	0	70770	P1-99-4	0	-
1623	484.665365	486.139323	Bb3	68	80	0	0	70770	P1-99-3	0	-
1624	485.500000	486.869792	Eb4	77	80	0	0	70890	P1-99-6	0	-
1625	486.352865	487.339844	G4	82	80	0	0	71010	P1-99-8	0	-
1626	486.364583	487.569010	G3	50	80	0	0	71010	P1-99-7	0	-
1627	487.255208	489.419271	C4	59	80	0	0	71130	P1-99-10	0	-
1628	487.261719	489.279948	C3	44	80	0	0	71130	P1-99-9	0	-
1629	488.164062	489.229167	F4	55	80	0	0	71250	P1-99-12	0	-
1630	488.178385	489.500000	F3	40	80	0	0	71250	P1-99-11	0	-
1631	488.595052	489.529948	Eb4	70	80	0	0	71310	P1-99-14	0	-
1632	488.601562	489.479167	Eb3	49	80	0	0	71310	P1-99-13	0	-
1633	489.143229	490.438802	D4	62	80	0	0	71370	P1-100-1	0	-
1634	489.175781	492.500000	D3	40	80	0	0	71370	P1-100-5	0	-
1635	489.178385	492.500000	Bb2	38	80	0	0	71370	P1-100-19	0	-
1636	489.993490	492.069010	F4	80	80	0	0	71490	P1-100-6	0	-
1637	490.843750	492.039062	D4	81	80	0	0	71610	P1-100-7	0	-
1638	491.644531	492.829427	D5	83	80	0	0	71730	P1-100-3	0	-
1639	491.647135	492.649740	Cb4	71	80	0	0	71730	P1-100-8	0	-
1640	492.441406	493.839844	Bb3	90	80	0	0	71850	P1-100-9	0	-
1641	493.011719	493.109375	Eb5	67	80	0	0	71970	P1-100-11	0	-
1642	493.114583	493.192708	D5	77	80	0	0	71970	P1-100-4	0	-
1643	493.194010	493.255208	Eb5	71	80	0	0	71970	P1-100-11	0	-
1644	493.283854	493.337240	D5	65	80	0	0	71970	P1-100-4	0	-
1645	493.287760	494.059896	Ab3	69	80	0	0	71970	P1-100-10	0	-
1646	493.348958	493.415365	Eb5	84	80	0	0	72000	P1-100-13	0	-
1647	493.417969	493.485677	D5	85	80	0	0	72015	P1-100-14	0	-
1648	493.494792	493.628906	Eb5	84	80	0	0	72030	P1-100-15	0	-
1649	493.571615	493.714844	D5	82	80	0	0	72045	P1-100-16	0	-
1650	493.686198	494.029948	C5	91	80	0	0	72075	P1-100-4	0	-
1651	493.915365	494.438802	D5	98	80	0	0	72075	P1-100-4	0	-
1652	494.214844	495.369792	F5	92	80	0	0	72090	P1-101-1	0	-
1653	494.248698	496.729167	G3	68	80	0	0	72090	P1-101-16	0	-
1654	494.250000	497.059896	Bb2	56	80	0	0	72090	P1-101-15	0	-
1655	495.184896	496.869792	Eb5	80	80	0	0	72210	P1-101-2	0	-
1656	495.191406	496.489583	Bb3	72	80	0	0	72210	P1-101-17	0	-
1657	496.026042	497.438802	Eb3	65	80	0	0	72330	P1-101-18	0	-
1658	496.877604	498.658854	Eb5	87	80	0	0	72450	P1-101-4	0	-
1659	496.894531	498.809896	G3	52	80	0	0	72450	P1-101-19	0	-
1660	497.820312	499.500000	C3	53	80	0	0	72570	P1-101-20	0	-
1661	498.501302	498.571615	Bb4	61	80	0	0	72690	P1-101-7	0	-
1662	498.605469	498.658854	A4	60	80	0	0	72690	P1-101-5	0	-
1663	498.683594	498.731771	Bb4	69	80	0	0	72690	P1-101-7	0	-
1664	498.763021	499.829427	F3	49	80	0	0	72690	P1-101-21	0	-
1665	498.764323	498.805990	A4	63	80	0	0	72690	P1-101-5	0	-
1666	498.843750	498.894531	Bb4	66	80	0	0	72705	P1-101-5	0	-
1667	498.930990	498.972656	A4	64	80	0	0	72705	P1-101-8	0	-
1668	498.996094	499.041667	Bb4	68	80	0	0	72720	P1-101-9	0	-
1669	499.082031	499.134115	A4	72	80	0	0	72735	P1-101-10	0	-
1670	499.164062	499.221354	Bb4	65	80	0	0	72750	P1-101-11	0	-
1671	499.165365	499.750000	Eb3	46	80	0	0	72750	P1-101-22	0	-
1672	499.240885	499.319010	A4	68	80	0	0	72765	P1-101-12	0	-
1673	499.367188	499.436198	G4	65	80	0	0	72795	P1-101-5	0	-
1674	499.493490	499.664062	A4	71	80	0	0	72795	P1-101-5	0	-
1675	499.700521	500.979167	Bb4	58	80	0	0	72810	P1-102-1	0	-
1676	499.735677	500.739583	Bb3	33	80	0	0	72810	P1-102-1	0	-
1677	499.751302	501.179688	D3	30	80	0	0	72810	P1-102-13	0	-
1678	499.752604	501.559896	Bb2	32	80	0	0	72810	P1-102-22	0	-
1679	500.632812	501.305990	F3	44	80	0	0	72930	P1-102-14	0	-
1680	501.188802	501.809896	A4	73	80	0	0	72990	P1-102-3	0	-
1681	501.194010	501.789062	Eb3	41	80	0	0	72990	P1-102-15	0	-
1682	501.747396	503.019531	Bb4	57	80	0	0	73050	P1-102-4	0	-
1683	501.783854	502.519531	Bb3	30	80	0	0	73050	P1-102-4	0	-
1684	501.785156	502.819010	D3	29	80	0	0	73050	P1-102-16	0	-
1685	501.787760	503.459635	Bb2	30	80	0	0	73050	P1-102-23	0	-
1686	502.736979	503.419271	F3	45	80	0	0	73170	P1-102-17	0	-
1687	503.282552	503.929688	A4	65	80	0	0	73230	P1-102-6	0	-
1688	503.283854	503.949219	C5	66	80	0	0	73230	P1-102-7	0	-
1689	503.285156	503.929688	Eb3	39	80	0	0	73230	P1-102-18	0	-
1690	503.903646	505.259115	D5	49	80	0	0	73290	P1-102-9	0	-
1691	503.907552	505.199219	Bb4	47	80	0	0	73290	P1-102-8	0	-
1692	503.923177	505.279948	D3	31	80	0	0	73290	P1-102-19	0	-
1693	503.924479	506.000000	Bb2	28	80	0	0	73290	P1-102-24	0	-
1694	503.929688	503.938802	F3	26	80	0	0	73410	P1-102-20	0	-
1695	504.930990	505.679688	F3	41	80	0	0	73410	P1-102-20	0	-
1696	505.576823	506.799479	A5	68	80	0	0	73470	P1-102-12	0	-
1697	505.583333	506.679688	C5	56	80	0	0	73470	P1-102-11	0	-
1698	505.585938	507.539062	Eb3	35	80	0	0	73470	P1-102-21	0	-
1699	506.531250	508.029948	Bb5	87	80	0	0	73530	P1-103-2	0	-
1700	506.542969	507.559896	D5	65	80	0	0	73530	P1-103-1	0	-
1701	506.565104	507.079427	Bb3	37	80	0	0	73530	P1-103-8	0	-
1702	506.565104	507.919271	Bb2	38	80	0	0	73530	P1-103-8	0	-
1703	507.859375	510.009115	D6	95	80	0	0	73650	P1-103-3	0	-
1704	509.790365	510.378906	C6	82	80	0	0	73740	P1-103-4	0	-
1705	510.523438	514.348958	C6	62	80	0	0	73770	P1-103-5	0	-
1706	514.277344	516.869792	Bb5	41	80	0	0	74010	P1-103-6	0	-
1707	516.335938	521.239583	Bb1	25	80	0	0	74130	P1-103-13	0	-
1708	516.337240	516.609375	Bb2	23	80	0	0	74130	P1-103-13	0	-
