//Version: ScorePerfmMatch_v170503
// Score: /Users/toddywang/Documents/VsCodeProjects/xmltoexp/ATEPP-1.2/ATEPP-1.2/Ludwig_van_Beethoven/Piano_Sonata_No._17_in_D_Minor,_Op._31_No._2_"Tempest"/II._Adagio/score_hmm.txt
// Perfm: /Users/toddywang/Documents/VsCodeProjects/xmltoexp/ATEPP-1.2/ATEPP-1.2/Ludwig_van_Beethoven/Piano_Sonata_No._17_in_D_Minor,_Op._31_No._2_"Tempest"/II._Adagio/08365_spr.txt
0	1.519531	6.549479	Bb1	23	80	0	0	0	P1-1-4	0	0
1	1.830729	6.559896	F2	36	80	0	0	0	P1-1-5	0	-
2	2.088542	6.519531	Bb2	43	80	0	0	0	P1-1-6	0	-
3	2.294271	5.000000	D3	43	80	0	0	0	P1-1-7	0	-
4	2.467448	4.869792	F3	52	80	0	0	0	P1-1-8	0	-
5	2.688802	4.119792	Bb3	50	80	0	0	0	P1-1-9	0	-
6	6.244792	7.658854	D5	60	80	0	0	720	P1-2-1	0	-
7	7.455729	7.696615	Eb5	52	80	0	0	930	P1-2-2	0	-
8	7.666667	8.061198	F5	53	80	0	0	960	P1-2-3	0	-
9	9.080729	10.968750	Bb3	44	80	0	0	1200	P1-2-6	0	-
10	9.100260	9.848958	F3	35	80	0	0	1200	P1-2-5	0	-
11	9.111979	9.839844	D3	31	80	0	0	1200	P1-2-4	0	-
12	9.164062	10.688802	F2	30	80	0	0	1200	P1-2-10	0	-
13	9.165365	10.598958	Bb1	32	80	0	0	1200	P1-2-9	0	-
14	9.166667	9.839844	Bb2	30	80	0	0	1200	P1-2-11	0	-
15	10.755208	12.938802	A3	37	80	0	0	1440	P1-3-3	0	-
16	10.779948	13.009115	F3	25	80	0	0	1440	P1-3-2	0	-
17	10.796875	13.069010	Eb3	22	80	0	0	1440	P1-3-1	0	-
18	10.832031	14.729167	F2	23	80	0	0	1440	P1-3-5	0	-
19	14.554688	15.829427	A5	62	80	0	0	2160	P1-4-1	0	-
20	15.738281	16.019531	Bb5	56	80	0	0	2370	P1-4-2	0	-
21	15.910156	16.337240	C6	55	80	0	0	2400	P1-4-3	0	-
22	17.385417	19.449219	Eb4	55	80	0	0	2640	P1-4-5	0	-
23	17.404948	18.299479	C4	35	80	0	0	2640	P1-4-4	0	-
24	17.449219	22.500000	F3	30	80	0	0	2640	P1-4-9	0	-
25	17.459635	19.158854	A2	34	80	0	0	2640	P1-4-8	0	-
26	19.127604	20.929688	D4	41	80	0	0	2880	P1-5-2	0	-
27	19.138021	21.559896	Bb3	31	80	0	0	2880	P1-5-1	0	-
28	19.226562	22.500000	Bb2	29	80	0	0	2880	P1-5-13	0	-
29	21.410156	21.809896	D4	43	80	0	0	3360	P1-5-3	0	-
30	21.697917	21.959635	F4	50	80	0	0	3390	P1-5-4	0	-
31	21.845052	21.955729	Eb4	58	80	0	0	3420	P1-5-5	0	-
32	21.985677	22.209635	D4	57	80	0	0	3450	P1-5-6	0	-
33	22.114583	22.259115	Eb4	69	80	0	0	3480	P1-5-7	0	-
34	22.244792	22.326823	F4	68	80	0	0	3510	P1-5-8	0	-
35	22.348958	22.427083	G4	65	80	0	0	3540	P1-5-9	0	-
36	22.445312	22.529948	A4	68	80	0	0	3570	P1-5-10	0	-
37	22.531250	22.606771	Bb4	67	80	0	0	3600	P1-5-11	0	-
38	22.635417	22.761719	C5	75	80	0	0	3630	P1-5-12	0	-
39	22.744792	23.959635	D5	67	80	0	0	3690	P1-6-1	0	-
40	23.826823	24.119792	Eb5	66	80	0	0	3900	P1-6-2	0	-
41	24.018229	25.529948	F5	56	80	0	0	3930	P1-6-3	0	-
42	25.542969	26.429688	F5	84	80	0	0	4170	P1-6-4	0	-
43	25.585938	26.658854	Ab4	59	80	0	0	4170	P1-6-5	0	-
44	25.649740	27.079427	B3	32	80	0	0	4170	P1-6-8	0	-
45	25.652344	26.799479	D3	33	80	0	0	4170	P1-6-9	0	-
46	27.264323	29.209635	F5	55	80	0	0	4410	P1-7-1	0	-
47	27.281250	29.419271	G4	37	80	0	0	4410	P1-7-6	0	-
48	27.300781	28.809896	B3	32	80	0	0	4410	P1-7-10	0	-
49	27.307292	29.449219	Eb3	26	80	0	0	4410	P1-7-15	0	-
50	28.697917	29.468750	Eb5	63	80	0	0	4650	P1-7-2	0	-
51	28.761719	29.429688	C4	39	80	0	0	4650	P1-7-11	0	-
52	29.373698	30.199219	D5	70	80	0	0	4770	P1-7-3	0	-
53	29.384115	29.804688	Bb4	61	80	0	0	4770	P1-7-7	0	-
54	29.429688	29.959635	D4	40	80	0	0	4770	P1-7-12	0	-
55	29.440104	30.079427	F3	47	80	0	0	4770	P1-7-16	0	-
56	30.067708	30.529948	C5	83	80	0	0	4890	P1-7-4	0	-
57	30.113281	30.484375	Bb4	64	80	0	0	4890	P1-7-8	0	-
58	30.135417	30.609375	Eb4	52	80	0	0	4890	P1-7-13	0	-
59	30.147135	30.839844	G3	44	80	0	0	4890	P1-7-17	0	-
60	30.765625	31.569010	C5	81	80	0	0	5010	P1-7-5	0	-
61	30.805990	33.628906	Bb4	58	80	0	0	5010	P1-7-9	0	-
62	30.842448	31.239583	E4	48	80	0	0	5010	P1-7-14	0	-
63	30.852865	31.699219	G3	37	80	0	0	5010	P1-7-18	0	-
64	31.602865	33.500000	E4	39	80	0	0	5130	P1-8-19	0	-
65	31.608073	34.688802	F3	33	80	0	0	5130	P1-8-23	0	-
66	31.713542	31.868490	C5	56	80	0	0	5145	P1-8-12	0	-
67	31.901042	31.972656	D5	62	80	0	0	5160	P1-8-13	0	-
68	32.003906	32.053385	C5	68	80	0	0	5175	P1-8-14	0	-
69	32.082031	32.130208	D5	59	80	0	0	5190	P1-8-15	0	-
70	32.154948	32.212240	C5	68	80	0	0	5205	P1-8-16	0	-
71	32.235677	32.286458	B4	58	80	0	0	5220	P1-8-17	0	-
72	32.321615	32.425781	C5	59	80	0	0	5235	P1-8-18	0	-
73	32.463542	33.459635	D5	52	80	0	0	5250	P1-8-4	0	-
74	32.873698	33.158854	C5	43	80	0	0	5310	P1-8-5	0	-
75	33.548177	34.649740	C5	38	80	0	0	5370	P1-8-6	0	-
76	33.553385	34.639323	A4	30	80	0	0	5370	P1-8-10	0	-
77	33.610677	34.628906	F4	25	80	0	0	5370	P1-8-20	0	-
78	35.863281	36.389323	F3	61	80	0	0	5670	P1-8-26	0	-
79	36.322917	36.848958	Eb3	48	80	0	0	5730	P1-8-27	0	-
80	36.325521	36.819010	G3	60	80	0	0	5730	P1-8-28	0	-
81	36.761719	37.759115	A3	66	80	0	0	5790	P1-8-30	0	-
82	36.796875	37.679688	C3	47	80	0	0	5790	P1-8-29	0	-
83	37.574219	40.769531	Bb3	47	80	0	0	5850	P1-9-1	0	-
84	37.604167	38.589844	D3	39	80	0	0	5850	P1-9-3	0	-
85	37.614583	41.069010	Bb2	41	80	0	0	5850	P1-9-2	0	-
86	37.622396	40.729167	Bb1	37	80	0	0	5850	P1-9-10	0	-
87	38.958333	39.279948	Eb3	53	80	0	0	6060	P1-9-5	0	-
88	38.962240	39.239583	C3	48	80	0	0	6060	P1-9-4	0	-
89	39.171875	40.188802	F3	47	80	0	0	6090	P1-9-7	0	-
90	39.182292	40.179688	D3	40	80	0	0	6090	P1-9-6	0	-
91	40.463542	40.848958	F3	31	80	0	0	6330	P1-9-9	0	-
92	40.467448	40.878906	D3	27	80	0	0	6330	P1-9-8	0	-
93	41.794271	42.209635	D5	56	80	0	0	6570	P1-10-1	0	-
94	41.851562	43.789062	F3	36	80	0	0	6570	P1-10-13	0	-
95	41.854167	43.989583	Bb2	39	80	0	0	6570	P1-10-11	0	-
96	41.854167	43.625000	D3	34	80	0	0	6570	P1-10-12	0	-
97	42.162760	42.243490	Eb5	54	80	0	0	6660	P1-10-8	0	-
98	42.244792	42.307292	D5	69	80	0	0	6670	P1-10-9	0	-
99	42.334635	42.529948	C5	70	80	0	0	6680	P1-10-10	0	-
100	42.414062	43.169271	D5	80	80	0	0	6690	P1-10-2	0	-
101	42.976562	43.209635	Eb5	70	80	0	0	6780	P1-10-3	0	-
102	43.139323	43.688802	F5	57	80	0	0	6810	P1-10-4	0	-
103	44.553385	46.139323	Bb3	68	80	0	0	7050	P1-10-7	0	-
104	44.575521	45.468750	F3	45	80	0	0	7050	P1-10-6	0	-
105	44.582031	44.628906	Bb2	48	80	0	0	7050	P1-10-15	0	-
106	44.584635	45.378906	D3	44	80	0	0	7050	P1-10-5	0	-
107	44.584635	44.639323	Bb1	42	80	0	0	7050	P1-10-14	0	-
108	44.640625	45.378906	Bb2	35	80	0	0	7050	P1-10-15	0	-
109	44.645833	45.539062	Bb1	35	80	0	0	7050	P1-10-14	0	-
110	46.062500	49.429688	A3	77	80	0	0	7290	P1-11-1	0	-
111	46.100260	49.559896	C3	55	80	0	0	7290	P1-11-2	0	-
112	46.101562	47.579427	Eb3	49	80	0	0	7290	P1-11-3	0	-
113	46.186198	49.468750	F2	48	80	0	0	7290	P1-11-11	0	-
114	46.188802	49.179688	F1	52	80	0	0	7290	P1-11-10	0	-
115	47.401042	47.729167	F3	65	80	0	0	7500	P1-11-5	0	-
116	47.403646	47.649740	D3	55	80	0	0	7500	P1-11-4	0	-
117	47.557292	48.589844	Gb3	65	80	0	0	7530	P1-11-7	0	-
118	47.585938	48.878906	Eb3	47	80	0	0	7530	P1-11-6	0	-
119	48.885417	49.718750	Gb3	59	80	0	0	7770	P1-11-9	0	-
120	48.885417	49.989583	Eb3	55	80	0	0	7770	P1-11-8	0	-
121	49.872396	51.679688	F2	65	80	0	0	8010	P1-12-10	0	-
122	50.223958	50.479167	C6	77	80	0	0	8010	P1-12-1	0	-
123	50.304688	51.679688	Gb3	54	80	0	0	8010	P1-12-12	0	-
124	50.311198	51.729167	Eb3	59	80	0	0	8010	P1-12-11	0	-
125	50.490885	50.669271	C6	46	80	0	0	8010	P1-12-1	0	-
126	50.628906	50.759115	D6	70	80	0	0	8100	P1-12-7	0	-
127	50.714844	50.869792	C6	71	80	0	0	8110	P1-12-8	0	-
128	50.783854	50.894531	B5	76	80	0	0	8120	P1-12-9	0	-
129	50.875000	51.688802	C6	80	80	0	0	8130	P1-12-2	0	-
130	51.464844	51.919271	D6	73	80	0	0	8220	P1-12-3	0	-
131	51.625000	53.119792	Eb6	75	80	0	0	8250	P1-12-4	0	-
132	53.122396	54.500000	Gb4	78	80	0	0	8490	P1-12-6	0	-
133	53.151042	54.158854	Eb4	53	80	0	0	8490	P1-12-5	0	-
134	53.204427	54.039062	C4	40	80	0	0	8490	P1-12-15	0	-
135	53.212240	54.000000	Bb3	42	80	0	0	8490	P1-12-14	0	-
136	54.852865	56.709635	F4	59	80	0	0	8730	P1-13-1	0	-
137	54.876302	56.229167	Eb4	54	80	0	0	8730	P1-13-2	0	-
138	54.946615	56.259115	C4	34	80	0	0	8730	P1-13-7	0	-
139	54.949219	56.269531	A3	33	80	0	0	8730	P1-13-6	0	-
140	56.165365	56.609375	D4	45	80	0	0	8940	P1-13-9	0	-
141	56.166667	56.589844	B3	45	80	0	0	8940	P1-13-8	0	-
142	56.350260	57.500000	Eb4	55	80	0	0	8970	P1-13-11	0	-
143	56.355469	57.500000	C4	44	80	0	0	8970	P1-13-10	0	-
144	57.704427	58.609375	Eb4	69	80	0	0	9210	P1-13-13	0	-
145	57.708333	58.559896	C4	62	80	0	0	9210	P1-13-12	0	-
146	59.192708	59.584635	C6	82	80	0	0	9450	P1-14-1	0	-
147	59.247396	61.438802	Eb4	60	80	0	0	9450	P1-14-10	0	-
148	59.256510	61.319010	C4	54	80	0	0	9450	P1-14-12	0	-
149	59.257812	61.309896	F3	55	80	0	0	9450	P1-14-15	0	-
150	59.593750	59.759115	D6	74	80	0	0	9540	P1-14-7	0	-
151	59.674479	59.764323	C6	78	80	0	0	9550	P1-14-8	0	-
152	59.752604	59.889323	B5	86	80	0	0	9560	P1-14-9	0	-
153	59.843750	60.679688	C6	84	80	0	0	9570	P1-14-2	0	-
154	60.445312	60.979167	D6	79	80	0	0	9660	P1-14-3	0	-
155	60.602865	63.250000	Eb6	77	80	0	0	9690	P1-14-4	0	-
156	60.654948	61.889323	A3	52	80	0	0	9690	P1-14-13	0	-
157	62.128906	63.959635	Eb5	65	80	0	0	9930	P1-14-6	0	-
158	62.162760	63.968750	A4	47	80	0	0	9930	P1-14-5	0	-
159	62.223958	63.128906	C4	38	80	0	0	9930	P1-14-14	0	-
160	62.225260	63.119792	Eb4	41	80	0	0	9930	P1-14-11	0	-
161	62.231771	63.250000	F#3	33	80	0	0	9930	P1-14-16	0	-
162	63.868490	64.623698	D5	51	80	0	0	10170	P1-15-2	0	-
163	63.907552	64.604167	D4	24	80	0	0	10170	P1-15-12	0	-
164	63.914062	64.938802	G4	23	80	0	0	10170	P1-15-10	0	-
165	63.915365	64.899740	Bb3	29	80	0	0	10170	P1-15-11	0	-
166	65.662760	69.209635	G5	97	80	0	0	10410	P1-15-4	0	-
167	67.039062	67.369792	Db5	81	80	0	0	10650	P1-15-8	0	-
168	67.041667	67.348958	Bb4	74	80	0	0	10650	P1-15-7	0	-
169	67.045573	67.329427	G4	68	80	0	0	10650	P1-15-6	0	-
170	67.096354	67.299479	E3	52	80	0	0	10650	P1-15-15	0	-
171	67.096354	67.214844	Db4	53	80	0	0	10650	P1-15-17	0	-
172	67.096354	67.348958	Bb3	60	80	0	0	10650	P1-15-16	0	-
173	68.923177	70.537760	F5	67	80	0	0	10890	P1-16-1	0	-
174	70.246094	70.536458	D5	45	80	0	0	11130	P1-16-6	0	-
175	70.251302	70.559896	Bb4	37	80	0	0	11130	P1-16-5	0	-
176	70.255208	70.544271	F4	29	80	0	0	11130	P1-16-4	0	-
177	70.317708	70.574219	F3	18	80	0	0	11130	P1-16-13	0	-
178	70.322917	70.575521	Bb3	26	80	0	0	11130	P1-16-14	0	-
179	71.585938	71.863281	A4	39	80	0	0	11370	P1-16-10	0	-
180	71.593750	71.876302	Eb4	35	80	0	0	11370	P1-16-9	0	-
181	71.593750	71.850260	C4	31	80	0	0	11370	P1-16-8	0	-
182	71.625000	71.834635	F2	28	80	0	0	11370	P1-16-17	0	-
183	71.625000	71.869792	F3	24	80	0	0	11370	P1-16-18	0	-
184	72.903646	73.489583	Bb4	39	80	0	0	11610	P1-17-3	0	-
185	72.915365	73.489583	D4	33	80	0	0	11610	P1-17-2	0	-
186	72.945312	73.500000	Bb3	26	80	0	0	11610	P1-17-1	0	-
187	72.953125	73.429688	Bb2	27	80	0	0	11610	P1-17-8	0	-
188	72.953125	73.429688	Bb1	28	80	0	0	11610	P1-17-7	0	-
189	74.041667	74.095052	Bb2	45	80	0	0	11790	P1-17-10	0	-
190	74.127604	74.250000	Bb1	44	80	0	0	11810	P1-17-11	0	-
191	74.212240	74.279948	Bb2	51	80	0	0	11830	P1-17-12	0	-
192	74.287760	74.378906	Bb1	46	80	0	0	11850	P1-17-13	0	-
193	75.321615	75.438802	Bb2	47	80	0	0	12030	P1-17-15	0	-
194	75.404948	75.859375	Bb1	41	80	0	0	12050	P1-17-16	0	-
195	75.490885	75.669271	Bb2	43	80	0	0	12070	P1-17-17	0	-
196	76.734375	76.829427	Bb2	38	80	0	0	12270	P1-17-20	0	-
197	76.812500	77.109375	Bb1	45	80	0	0	12290	P1-17-21	0	-
198	76.921875	77.209635	Bb2	49	80	0	0	12310	P1-17-22	0	-
199	77.035156	78.658854	Eb4	69	80	0	0	12330	P1-18-3	0	-
200	77.061198	77.989583	Bb3	44	80	0	0	12330	P1-18-2	0	-
201	77.063802	78.299479	G3	38	80	0	0	12330	P1-18-1	0	-
202	78.304688	80.059896	D4	57	80	0	0	12570	P1-18-6	0	-
203	78.316406	79.929688	F3	44	80	0	0	12570	P1-18-4	0	-
204	78.325521	79.250000	Bb3	50	80	0	0	12570	P1-18-5	0	-
205	79.597656	80.919271	C#4	65	80	0	0	12810	P1-18-9	0	-
206	79.604167	80.750000	Bb3	57	80	0	0	12810	P1-18-9	0	-
207	79.626302	80.658854	E3	42	80	0	0	12810	P1-18-7	0	-
208	80.932292	82.679688	C#4	67	80	0	0	13050	P1-19-3	0	-
209	80.932292	82.399740	Bb3	59	80	0	0	13050	P1-19-3	0	-
210	80.933594	82.209635	E3	51	80	0	0	13050	P1-19-1	0	-
211	82.101562	82.279948	Bb2	40	80	0	0	13230	P1-19-11	0	-
212	82.186198	82.369792	Bb1	45	80	0	0	13250	P1-19-12	0	-
213	82.285156	82.750000	Bb2	40	80	0	0	13270	P1-19-13	0	-
214	82.377604	84.468750	D4	52	80	0	0	13290	P1-19-6	0	-
215	82.378906	83.412760	F3	40	80	0	0	13290	P1-19-4	0	-
216	82.384115	82.419271	Bb1	43	80	0	0	13290	P1-19-14	0	-
217	82.404948	83.709635	Bb3	36	80	0	0	13290	P1-19-5	0	-
218	82.433594	82.649740	Bb1	35	80	0	0	13290	P1-19-14	0	-
219	83.424479	83.526042	Bb2	52	80	0	0	13470	P1-19-16	0	-
220	83.539062	83.593750	Bb1	43	80	0	0	13490	P1-19-17	0	-
221	83.621094	83.705729	Bb2	48	80	0	0	13510	P1-19-18	0	-
222	83.718750	83.908854	Bb1	47	80	0	0	13530	P1-19-19	0	-
223	84.800781	84.929688	Bb2	38	80	0	0	13710	P1-19-21	0	-
224	84.884115	85.039062	Bb1	53	80	0	0	13730	P1-19-22	0	-
225	84.979167	85.158854	Bb2	54	80	0	0	13750	P1-19-23	0	-
226	85.135417	86.250000	C4	65	80	0	0	13770	P1-20-10	0	-
227	85.162760	85.559896	Bb3	55	80	0	0	13770	P1-20-10	0	-
228	85.164062	88.059896	G3	43	80	0	0	13770	P1-20-2	0	-
229	85.165365	87.949219	Eb3	45	80	0	0	13770	P1-20-1	0	-
230	85.240885	85.309896	Bb1	44	80	0	0	13770	P1-20-15	0	-
231	86.191406	86.438802	D4	65	80	0	0	13920	P1-20-12	0	-
232	86.305990	86.393229	C4	67	80	0	0	13950	P1-20-13	0	-
233	86.395833	86.799479	B3	75	80	0	0	13980	P1-20-14	0	-
234	86.536458	87.529948	C4	75	80	0	0	14010	P1-20-6	0	-
235	87.195312	88.609375	Eb4	73	80	0	0	14130	P1-20-7	0	-
236	87.872396	88.859375	C4	63	80	0	0	14250	P1-20-8	0	-
237	87.959635	89.468750	Eb3	44	80	0	0	14250	P1-20-3	0	-
238	87.962240	88.938802	Gb3	45	80	0	0	14250	P1-20-4	0	-
239	88.542969	89.128906	A3	67	80	0	0	14370	P1-20-9	0	-
240	89.408854	91.009115	C4	66	80	0	0	14490	P1-21-4	0	-
241	89.472656	90.769531	A3	42	80	0	0	14490	P1-21-3	0	-
242	89.476562	91.049479	Gb3	42	80	0	0	14490	P1-21-2	0	-
243	89.476562	90.669271	Eb3	43	80	0	0	14490	P1-21-1	0	-
244	90.639323	90.829427	Bb2	57	80	0	0	14670	P1-21-12	0	-
245	90.765625	91.000000	Bb1	43	80	0	0	14690	P1-21-13	0	-
246	90.835938	91.438802	Bb2	43	80	0	0	14710	P1-21-14	0	-
247	90.934896	93.309896	Bb3	50	80	0	0	14730	P1-21-7	0	-
248	90.938802	92.479167	F3	44	80	0	0	14730	P1-21-6	0	-
249	90.938802	92.408854	D3	41	80	0	0	14730	P1-21-5	0	-
250	91.010417	91.305990	Bb1	42	80	0	0	14730	P1-21-15	0	-
251	91.985677	92.149740	Bb2	43	80	0	0	14910	P1-21-17	0	-
252	92.074219	92.229167	Bb1	43	80	0	0	14930	P1-21-18	0	-
253	92.157552	92.429688	Bb2	46	80	0	0	14950	P1-21-19	0	-
254	92.243490	92.460938	Bb1	43	80	0	0	14970	P1-21-20	0	-
255	93.393229	93.444010	Bb2	43	80	0	0	15150	P1-21-22	0	-
256	93.493490	94.229167	Bb1	41	80	0	0	15170	P1-21-23	0	-
257	93.584635	94.239583	Bb2	49	80	0	0	15190	P1-21-24	0	-
258	93.710938	95.169271	Bb4	76	80	0	0	15210	P1-22-2	0	-
259	93.726562	94.500000	D4	55	80	0	0	15210	P1-22-1	0	-
260	95.014323	96.609375	G4	79	80	0	0	15450	P1-22-5	0	-
261	95.042969	95.929688	D4	55	80	0	0	15450	P1-22-4	0	-
262	95.044271	96.438802	Bb3	50	80	0	0	15450	P1-22-3	0	-
263	96.345052	98.369792	F4	77	80	0	0	15690	P1-22-8	0	-
264	96.354167	98.128906	D4	63	80	0	0	15690	P1-22-7	0	-
265	96.360677	97.789062	A3	62	80	0	0	15690	P1-22-6	0	-
266	97.929688	99.605469	E4	48	80	0	0	15930	P1-23-3	0	-
267	97.955729	99.759115	C4	38	80	0	0	15930	P1-23-2	0	-
268	97.958333	99.709635	G3	31	80	0	0	15930	P1-23-1	0	-
269	99.053385	99.134115	C3	29	80	0	0	16110	P1-23-15	0	-
270	99.121094	99.229167	C2	49	80	0	0	16130	P1-23-16	0	-
271	99.296875	99.519531	C2	54	80	0	0	16170	P1-23-18	0	-
272	99.923177	100.539062	E4	61	80	0	0	16290	P1-23-6	0	-
273	99.957031	100.429688	C4	43	80	0	0	16290	P1-23-5	0	-
274	99.963542	100.529948	G3	41	80	0	0	16290	P1-23-4	0	-
275	100.274740	100.333333	C6	62	80	0	0	16350	P1-23-20	0	-
276	100.355469	100.399740	C5	62	80	0	0	16370	P1-23-21	0	-
277	100.450521	100.505208	C6	62	80	0	0	16390	P1-23-22	0	-
278	100.522135	101.209635	F4	67	80	0	0	16410	P1-23-9	0	-
279	100.523438	100.609375	C5	62	80	0	0	16410	P1-23-23	0	-
280	100.536458	100.979167	C4	49	80	0	0	16410	P1-23-8	0	-
281	100.553385	101.119792	A3	44	80	0	0	16410	P1-23-7	0	-
282	101.143229	101.489583	G4	68	80	0	0	16530	P1-23-12	0	-
283	101.165365	101.639323	C4	50	80	0	0	16530	P1-23-11	0	-
284	101.166667	101.507812	Bb3	48	80	0	0	16530	P1-23-10	0	-
285	101.835938	103.009115	G4	54	80	0	0	16650	P1-24-3	0	-
286	101.843750	102.769531	C4	42	80	0	0	16650	P1-24-2	0	-
287	101.843750	102.468750	Bb3	39	80	0	0	16650	P1-24-1	0	-
288	102.742188	103.033854	E4	59	80	0	0	16830	P1-24-6	0	-
289	102.766927	103.059896	G#3	43	80	0	0	16830	P1-24-4	0	-
290	102.770833	103.000000	C3	43	80	0	0	16830	P1-24-21	0	-
291	102.777344	103.519531	C4	38	80	0	0	16830	P1-24-5	0	-
292	102.864583	103.039062	C2	50	80	0	0	16850	P1-24-22	0	-
293	103.050781	103.179688	C2	52	80	0	0	16890	P1-24-24	0	-
294	103.052083	103.539062	F4	59	80	0	0	16890	P1-24-9	0	-
295	103.055990	103.500000	A3	48	80	0	0	16890	P1-24-7	0	-
296	103.636719	104.229167	F4	75	80	0	0	17010	P1-24-12	0	-
297	103.645833	104.079427	A3	65	80	0	0	17010	P1-24-10	0	-
298	103.645833	104.059896	C4	69	80	0	0	17010	P1-24-11	0	-
299	103.979167	104.069010	C6	59	80	0	0	17070	P1-24-26	0	-
300	104.045573	104.097656	C5	75	80	0	0	17090	P1-24-27	0	-
301	104.125000	104.239583	C6	73	80	0	0	17110	P1-24-28	0	-
302	104.200521	104.621094	G4	76	80	0	0	17130	P1-24-15	0	-
303	104.213542	104.699219	C5	76	80	0	0	17130	P1-24-29	0	-
304	104.216146	104.878906	E4	70	80	0	0	17130	P1-24-14	0	-
305	104.233073	104.649740	C4	58	80	0	0	17130	P1-24-13	0	-
306	104.824219	105.299479	A4	74	80	0	0	17250	P1-24-18	0	-
307	104.826823	105.329427	F4	74	80	0	0	17250	P1-24-17	0	-
308	104.845052	105.279948	C4	59	80	0	0	17250	P1-24-16	0	-
309	105.513021	106.789062	A4	76	80	0	0	17370	P1-25-2	0	-
310	105.526042	106.539062	F4	58	80	0	0	17370	P1-25-1	0	-
311	105.533854	107.179688	C4	50	80	0	0	17370	P1-25-16	0	-
312	106.492188	106.829427	F#4	73	80	0	0	17550	P1-25-4	0	-
313	106.501302	106.584635	C3	54	80	0	0	17550	P1-25-20	0	-
314	106.505208	106.839844	D#4	56	80	0	0	17550	P1-25-3	0	-
315	106.591146	106.649740	C2	66	80	0	0	17570	P1-25-21	0	-
316	106.683594	106.859375	C3	65	80	0	0	17590	P1-25-22	0	-
317	106.761719	106.968750	C2	76	80	0	0	17610	P1-25-23	0	-
318	106.765625	107.289062	G4	66	80	0	0	17610	P1-25-6	0	-
319	106.772135	107.229167	E4	72	80	0	0	17610	P1-25-5	0	-
320	107.382812	107.889323	G4	81	80	0	0	17730	P1-25-9	0	-
321	107.386719	108.019531	E4	73	80	0	0	17730	P1-25-8	0	-
322	107.391927	107.889323	C4	66	80	0	0	17730	P1-25-7	0	-
323	107.756510	107.889323	C6	70	80	0	0	17790	P1-25-25	0	-
324	107.835938	107.938802	C5	74	80	0	0	17810	P1-25-26	0	-
325	107.903646	108.009115	C6	84	80	0	0	17830	P1-25-27	0	-
326	107.994792	108.658854	C5	75	80	0	0	17850	P1-25-28	0	-
327	107.994792	108.688802	A4	85	80	0	0	17850	P1-25-12	0	-
328	108.014323	108.598958	C4	69	80	0	0	17850	P1-25-10	0	-
329	108.015625	108.679688	F4	72	80	0	0	17850	P1-25-11	0	-
330	108.596354	109.139323	Bb4	81	80	0	0	17970	P1-25-15	0	-
331	108.604167	109.149740	G4	74	80	0	0	17970	P1-25-14	0	-
332	108.606771	109.269531	C4	64	80	0	0	17970	P1-25-13	0	-
333	109.319010	110.449219	Bb4	86	80	0	0	18090	P1-26-2	0	-
334	109.334635	110.459635	G4	79	80	0	0	18090	P1-26-1	0	-
335	109.342448	111.049479	C4	66	80	0	0	18090	P1-26-18	0	-
336	110.321615	110.688802	G#4	80	80	0	0	18270	P1-26-4	0	-
337	110.333333	110.459635	C3	58	80	0	0	18270	P1-26-22	0	-
338	110.334635	110.639323	E4	68	80	0	0	18270	P1-26-3	0	-
339	110.414062	110.535156	C2	65	80	0	0	18290	P1-26-23	0	-
340	110.507812	110.718750	C3	72	80	0	0	18310	P1-26-24	0	-
341	110.623698	110.789062	C2	73	80	0	0	18330	P1-26-25	0	-
342	110.626302	111.149740	A4	78	80	0	0	18330	P1-26-6	0	-
343	110.627604	111.158854	F4	73	80	0	0	18330	P1-26-5	0	-
344	111.244792	111.669271	A4	84	80	0	0	18450	P1-26-9	0	-
345	111.255208	111.688802	F4	79	80	0	0	18450	P1-26-8	0	-
346	111.263021	111.609375	C4	77	80	0	0	18450	P1-26-7	0	-
347	111.598958	111.759115	C6	86	80	0	0	18510	P1-26-27	0	-
348	111.684896	111.751302	C5	89	80	0	0	18530	P1-26-28	0	-
349	111.768229	111.938802	C6	86	80	0	0	18550	P1-26-29	0	-
350	111.834635	112.218750	B4	93	80	0	0	18570	P1-26-13	0	-
351	111.865885	112.399740	C5	94	80	0	0	18570	P1-26-30	0	-
352	111.871094	112.399740	D4	75	80	0	0	18570	P1-26-10	0	-
353	111.872396	112.389323	F4	75	80	0	0	18570	P1-26-11	0	-
354	111.873698	112.399740	Ab4	78	80	0	0	18570	P1-26-12	0	-
355	112.490885	112.959635	B4	88	80	0	0	18690	P1-26-17	0	-
356	112.522135	113.218750	Ab4	77	80	0	0	18690	P1-26-16	0	-
357	112.527344	113.429688	D4	68	80	0	0	18690	P1-26-14	0	-
358	112.528646	113.229167	F4	73	80	0	0	18690	P1-26-15	0	-
359	112.854167	113.029948	C6	76	80	0	0	18750	P1-26-32	0	-
360	112.963542	113.087240	C5	84	80	0	0	18770	P1-26-33	0	-
361	113.091146	113.169271	C6	89	80	0	0	18790	P1-26-34	0	-
362	113.488281	113.878906	C5	74	80	0	0	18810	P1-27-3	0	-
363	113.523438	113.878906	E4	42	80	0	0	18810	P1-27-1	0	-
364	113.524740	113.908854	G4	48	80	0	0	18810	P1-27-2	0	-
365	114.210938	115.188802	G4	56	80	0	0	18930	P1-27-6	0	-
366	114.216146	115.128906	E4	50	80	0	0	18930	P1-27-5	0	-
367	114.230469	115.169271	C4	38	80	0	0	18930	P1-27-4	0	-
368	114.514323	114.639323	C3	51	80	0	0	18990	P1-27-18	0	-
369	114.626302	114.878906	C2	58	80	0	0	19020	P1-27-19	0	-
370	114.777344	114.908854	C3	58	80	0	0	19050	P1-27-20	0	-
371	115.313802	115.979167	E4	78	80	0	0	19170	P1-27-8	0	-
372	115.313802	116.009115	G4	84	80	0	0	19170	P1-27-9	0	-
373	115.342448	115.959635	C4	51	80	0	0	19170	P1-27-7	0	-
374	115.621094	115.722656	C6	74	80	0	0	19230	P1-27-22	0	-
375	115.720052	115.949219	C5	82	80	0	0	19260	P1-27-23	0	-
376	115.894531	116.479167	B4	79	80	0	0	19290	P1-27-12	0	-
377	115.920573	116.339844	F4	58	80	0	0	19290	P1-27-11	0	-
378	115.924479	116.378906	D4	49	80	0	0	19290	P1-27-10	0	-
379	116.540365	117.692708	G4	68	80	0	0	19410	P1-27-15	0	-
380	116.552083	117.449219	F4	63	80	0	0	19410	P1-27-14	0	-
381	116.563802	117.309896	D4	52	80	0	0	19410	P1-27-13	0	-
382	117.247396	118.079427	C5	58	80	0	0	19530	P1-28-3	0	-
383	117.282552	117.696615	E4	44	80	0	0	19530	P1-28-2	0	-
384	117.283854	117.701823	C4	38	80	0	0	19530	P1-28-1	0	-
385	118.006510	118.989583	G4	49	80	0	0	19650	P1-28-6	0	-
386	118.024740	118.989583	E4	50	80	0	0	19650	P1-28-5	0	-
387	118.026042	118.968750	C4	34	80	0	0	19650	P1-28-4	0	-
388	118.343750	118.411458	C3	35	80	0	0	19710	P1-28-18	0	-
389	118.436198	118.609375	C2	51	80	0	0	19740	P1-28-19	0	-
390	118.596354	118.635417	C3	45	80	0	0	19770	P1-28-20	0	-
391	119.171875	119.628906	G4	53	80	0	0	19890	P1-28-9	0	-
392	119.173177	119.829427	E4	63	80	0	0	19890	P1-28-8	0	-
393	119.192708	120.279948	C4	43	80	0	0	19890	P1-28-7	0	-
394	119.502604	119.750000	C6	63	80	0	0	19950	P1-28-22	0	-
395	119.625000	119.859375	C5	53	80	0	0	19980	P1-28-23	0	-
396	119.792969	120.389323	B4	51	80	0	0	20010	P1-28-12	0	-
397	119.805990	120.218750	F4	34	80	0	0	20010	P1-28-11	0	-
398	119.813802	120.269531	D4	32	80	0	0	20010	P1-28-10	0	-
399	119.871094	120.149740	C6	50	80	0	0	20010	P1-28-24	0	-
400	120.440104	121.523438	G4	52	80	0	0	20130	P1-28-15	0	-
401	120.451823	121.229167	F4	48	80	0	0	20130	P1-28-14	0	-
402	120.460938	121.139323	D4	39	80	0	0	20130	P1-28-13	0	-
403	121.148438	121.250000	D4	38	80	0	0	20250	P1-29-1	0	-
404	121.154948	122.139323	C5	57	80	0	0	20250	P1-29-3	0	-
405	121.216146	121.532552	E4	39	80	0	0	20250	P1-29-2	0	-
406	121.222656	121.609375	C4	30	80	0	0	20250	P1-29-1	0	-
407	121.864583	123.218750	G4	57	80	0	0	20370	P1-29-6	0	-
408	121.871094	122.878906	E4	48	80	0	0	20370	P1-29-5	0	-
409	121.873698	122.839844	C4	39	80	0	0	20370	P1-29-4	0	-
410	122.214844	122.359375	C3	42	80	0	0	20430	P1-29-15	0	-
411	122.335938	122.529948	C2	50	80	0	0	20460	P1-29-16	0	-
412	122.494792	122.539062	C3	43	80	0	0	20490	P1-29-17	0	-
413	123.221354	125.709635	E4	52	80	0	0	20610	P1-29-9	0	-
414	123.234375	124.188802	G3	35	80	0	0	20610	P1-29-7	0	-
415	123.236979	124.218750	C4	37	80	0	0	20610	P1-29-8	0	-
416	123.563802	123.739583	C3	41	80	0	0	20670	P1-29-19	0	-
417	123.705729	124.049479	C2	38	80	0	0	20700	P1-29-20	0	-
418	123.895833	124.049479	C3	33	80	0	0	20730	P1-29-21	0	-
419	124.572917	125.729167	C4	37	80	0	0	20850	P1-29-12	0	-
420	124.574219	125.718750	E3	33	80	0	0	20850	P1-29-10	0	-
421	124.576823	125.669271	G3	29	80	0	0	20850	P1-29-11	0	-
422	125.002604	125.269531	C3	35	80	0	0	20910	P1-29-23	0	-
423	125.164062	125.529948	C2	40	80	0	0	20940	P1-29-24	0	-
424	125.373698	125.423177	C3	39	80	0	0	20970	P1-30-13	0	-
425	126.161458	127.339844	C4	47	80	0	0	21090	P1-30-14	0	-
426	126.872396	127.889323	B3	70	80	0	0	21210	P1-30-15	0	-
427	127.738281	129.009115	C4	60	80	0	0	21330	P1-30-19	0	-
428	127.819010	128.609375	Bb3	59	80	0	0	21330	P1-30-16	0	-
429	128.515625	129.250000	A3	58	80	0	0	21450	P1-30-17	0	-
430	128.832031	129.109375	D4	63	80	0	0	21510	P1-30-7	0	-
431	128.996094	129.044271	E4	71	80	0	0	21540	P1-30-8	0	-
432	129.170573	129.235677	F4	70	80	0	0	21570	P1-30-9	0	-
433	129.186198	129.553385	Bb3	62	80	0	0	21570	P1-30-20	0	-
434	129.191406	129.554688	G3	59	80	0	0	21570	P1-30-18	0	-
435	129.317708	129.371094	G4	83	80	0	0	21600	P1-30-10	0	-
436	129.483073	129.565104	A4	77	80	0	0	21630	P1-30-11	0	-
437	129.664062	129.763021	Bb4	79	80	0	0	21660	P1-30-12	0	-
438	130.082031	132.799479	C5	64	80	0	0	21690	P1-31-1	0	-
439	130.132812	130.360677	F2	34	80	0	0	21690	P1-31-9	0	-
440	130.725260	131.609375	F3	41	80	0	0	21810	P1-31-10	0	-
441	131.351562	134.688802	F4	42	80	0	0	21930	P1-31-7	0	-
442	131.394531	132.399740	C4	36	80	0	0	21930	P1-31-12	0	-
443	131.404948	132.429688	A3	29	80	0	0	21930	P1-31-11	0	-
444	131.994792	133.169271	F3	31	80	0	0	22050	P1-31-13	0	-
445	132.458333	133.049479	A4	64	80	0	0	22140	P1-31-3	0	-
446	132.644531	134.309896	F5	72	80	0	0	22170	P1-31-4	0	-
447	132.714844	133.549479	Bb3	34	80	0	0	22170	P1-31-14	0	-
448	132.721354	133.718750	D4	38	80	0	0	22170	P1-31-15	0	-
449	133.350260	134.289062	F3	32	80	0	0	22290	P1-31-16	0	-
450	133.813802	134.250000	D5	61	80	0	0	22380	P1-31-5	0	-
451	133.980469	136.848958	C5	63	80	0	0	22410	P1-32-1	0	-
452	134.046875	134.869792	C4	41	80	0	0	22410	P1-32-11	0	-
453	134.048177	135.000000	A3	40	80	0	0	22410	P1-32-10	0	-
454	134.682292	135.699219	F3	33	80	0	0	22530	P1-32-12	0	-
455	135.283854	136.539062	F4	40	80	0	0	22650	P1-32-7	0	-
456	135.345052	136.128906	C4	30	80	0	0	22650	P1-32-14	0	-
457	135.348958	136.619792	A3	30	80	0	0	22650	P1-32-13	0	-
458	135.973958	136.609375	F3	33	80	0	0	22770	P1-32-15	0	-
459	136.441406	136.938802	A4	66	80	0	0	22860	P1-32-3	0	-
460	136.652344	138.069010	Bb4	74	80	0	0	22890	P1-32-4	0	-
461	136.705729	137.509115	F4	42	80	0	0	22890	P1-32-8	0	-
462	136.714844	137.479167	D3	39	80	0	0	22890	P1-32-16	0	-
463	137.313802	138.089844	D4	46	80	0	0	23010	P1-32-9	0	-
464	137.334635	137.639323	Bb2	32	80	0	0	23010	P1-32-17	0	-
465	137.791667	138.109375	G4	67	80	0	0	23100	P1-32-5	0	-
466	138.014323	140.869792	F4	70	80	0	0	23130	P1-33-1	0	-
467	138.057292	138.378906	C2	45	80	0	0	23130	P1-33-10	0	-
468	138.727865	139.188802	A3	40	80	0	0	23250	P1-33-7	0	-
469	138.733073	139.019531	C4	38	80	0	0	23250	P1-33-11	0	-
470	138.735677	139.500000	C3	41	80	0	0	23250	P1-33-11	0	-
471	139.391927	139.878906	C4	39	80	0	0	23370	P1-33-8	0	-
472	139.411458	140.209635	A3	42	80	0	0	23370	P1-33-13	0	-
473	139.415365	140.209635	F3	34	80	0	0	23370	P1-33-12	0	-
474	140.054688	141.239583	C3	43	80	0	0	23490	P1-33-14	0	-
475	140.563802	141.459635	E3	36	80	0	0	23610	P1-33-15	0	-
476	140.625000	141.459635	G3	42	80	0	0	23610	P1-33-16	0	-
477	140.708333	141.549479	A4	56	80	0	0	23610	P1-33-2	0	-
478	140.753906	141.679688	C4	32	80	0	0	23610	P1-33-9	0	-
479	141.084635	141.509115	G4	68	80	0	0	23670	P1-33-3	0	-
480	141.423177	142.069010	F4	75	80	0	0	23730	P1-33-4	0	-
481	141.446615	142.408854	C3	40	80	0	0	23730	P1-33-17	0	-
482	141.739583	142.039062	G4	78	80	0	0	23790	P1-33-5	0	-
483	142.164062	143.658854	G4	65	80	0	0	23850	P1-34-1	0	-
484	142.218750	143.500000	C4	39	80	0	0	23850	P1-34-13	0	-
485	142.222656	145.188802	F2	37	80	0	0	23850	P1-34-21	0	-
486	142.942708	143.949219	C3	34	80	0	0	23970	P1-34-16	0	-
487	143.500000	143.769531	G#4	56	80	0	0	24060	P1-34-2	0	-
488	143.673177	145.519531	A4	47	80	0	0	24090	P1-34-3	0	-
489	143.695312	144.859375	C4	39	80	0	0	24090	P1-34-3	0	-
490	143.746094	144.919271	F3	28	80	0	0	24090	P1-34-17	0	-
491	144.483073	145.359375	A2	57	80	0	0	24210	P1-34-18	0	-
492	145.187500	145.962240	Bb2	61	80	0	0	24330	P1-34-19	0	-
493	145.355469	145.429688	C4	54	80	0	0	24360	P1-34-6	0	-
494	145.511719	145.553385	D4	68	80	0	0	24390	P1-34-7	0	-
495	145.674479	145.712240	E4	78	80	0	0	24420	P1-34-8	0	-
496	145.845052	146.532552	G2	61	80	0	0	24450	P1-34-20	0	-
497	145.851562	145.903646	F4	77	80	0	0	24450	P1-34-9	0	-
498	145.985677	146.036458	G4	81	80	0	0	24480	P1-34-10	0	-
499	146.135417	146.191406	A4	82	80	0	0	24510	P1-34-11	0	-
500	146.291667	146.345052	Bb4	83	80	0	0	24540	P1-34-12	0	-
501	146.565104	149.348958	C5	73	80	0	0	24570	P1-35-1	0	-
502	146.619792	146.949219	F2	42	80	0	0	24570	P1-35-9	0	-
503	147.294271	148.319010	F3	44	80	0	0	24690	P1-35-10	0	-
504	147.578125	148.049479	E4	49	80	0	0	24750	P1-35-7	0	-
505	147.942708	151.899740	F4	46	80	0	0	24810	P1-35-8	0	-
506	147.976562	148.869792	C4	38	80	0	0	24810	P1-35-12	0	-
507	147.983073	149.158854	A3	36	80	0	0	24810	P1-35-11	0	-
508	148.592448	149.589844	F3	42	80	0	0	24930	P1-35-13	0	-
509	149.136719	149.529948	A4	54	80	0	0	25020	P1-35-3	0	-
510	149.330729	150.929688	F5	58	80	0	0	25050	P1-35-4	0	-
511	149.372396	150.479167	D4	33	80	0	0	25050	P1-35-15	0	-
512	149.380208	150.319010	Bb3	31	80	0	0	25050	P1-35-14	0	-
513	150.156250	150.979167	F3	29	80	0	0	25170	P1-35-16	0	-
514	150.713542	151.009115	D5	52	80	0	0	25260	P1-35-5	0	-
515	150.865885	153.419271	C5	56	80	0	0	25290	P1-36-1	0	-
516	150.904948	151.809896	C4	35	80	0	0	25290	P1-36-13	0	-
517	150.906250	151.859375	A3	34	80	0	0	25290	P1-36-12	0	-
518	151.541667	152.369792	F3	40	80	0	0	25410	P1-36-14	0	-
519	151.824219	152.359375	E4	46	80	0	0	25470	P1-36-8	0	-
520	152.205729	153.489583	F4	43	80	0	0	25530	P1-36-9	0	-
521	152.231771	153.269531	C4	37	80	0	0	25530	P1-36-16	0	-
522	152.235677	153.269531	A3	35	80	0	0	25530	P1-36-15	0	-
523	152.863281	153.419271	F3	54	80	0	0	25650	P1-36-17	0	-
524	153.395833	153.829427	A4	60	80	0	0	25740	P1-36-3	0	-
525	153.623698	154.529948	C5	74	80	0	0	25770	P1-36-4	0	-
526	153.645833	154.449219	F3	42	80	0	0	25770	P1-36-10	0	-
527	153.664062	154.468750	F4	43	80	0	0	25770	P1-36-10	0	-
528	153.725260	154.299479	D3	30	80	0	0	25770	P1-36-18	0	-
529	154.041667	154.809896	Bb4	69	80	0	0	25830	P1-36-5	0	-
530	154.294271	155.149740	Bb2	39	80	0	0	25890	P1-36-19	0	-
531	154.407552	155.250000	D4	48	80	0	0	25890	P1-36-11	0	-
532	154.691406	155.239583	G4	59	80	0	0	25950	P1-36-6	0	-
533	155.111979	157.459635	F4	64	80	0	0	26010	P1-37-1	0	-
534	155.115885	155.628906	A3	51	80	0	0	26010	P1-37-3	0	-
535	155.204427	157.579427	C3	29	80	0	0	26010	P1-37-14	0	-
536	155.813802	156.489583	A3	48	80	0	0	26130	P1-37-5	0	-
537	155.815104	156.699219	F3	40	80	0	0	26130	P1-37-4	0	-
538	156.501302	157.319010	C4	63	80	0	0	26250	P1-37-7	0	-
539	156.503906	156.908854	A3	53	80	0	0	26250	P1-37-6	0	-
540	157.164062	157.869792	A3	75	80	0	0	26370	P1-37-9	0	-
541	157.166667	157.848958	F3	66	80	0	0	26370	P1-37-8	0	-
542	157.903646	159.529948	C4	80	80	0	0	26490	P1-37-2	0	-
543	157.925781	159.000000	G3	59	80	0	0	26490	P1-37-11	0	-
544	157.927083	158.468750	E3	56	80	0	0	26490	P1-37-10	0	-
545	158.035156	158.639323	C2	53	80	0	0	26490	P1-37-15	0	-
546	158.622396	159.209635	E3	49	80	0	0	26610	P1-37-13	0	-
547	158.645833	159.369792	C3	49	80	0	0	26610	P1-37-12	0	-
548	158.652344	159.429688	C2	45	80	0	0	26610	P1-37-12	0	-
549	159.425781	160.339844	A3	34	80	0	0	26730	P1-38-3	0	-
550	159.428385	160.319010	F3	32	80	0	0	26730	P1-38-2	0	-
551	159.505208	160.259115	F2	28	80	0	0	26730	P1-38-9	0	-
552	159.509115	160.449219	F1	32	80	0	0	26730	P1-38-8	0	-
553	160.593750	160.699219	F2	41	80	0	0	26910	P1-38-11	0	-
554	160.674479	160.839844	F1	43	80	0	0	26930	P1-38-12	0	-
555	160.765625	160.869792	F2	38	80	0	0	26950	P1-38-13	0	-
556	160.846354	161.348958	F1	43	80	0	0	26970	P1-38-14	0	-
557	162.027344	162.158854	F2	34	80	0	0	27150	P1-38-16	0	-
558	162.110677	162.299479	F1	44	80	0	0	27170	P1-38-17	0	-
559	162.213542	162.500000	F2	39	80	0	0	27190	P1-38-18	0	-
560	162.304688	162.949219	F1	48	80	0	0	27210	P1-38-19	0	-
561	162.954427	163.466146	F4	53	80	0	0	27330	P1-38-7	0	-
562	163.661458	165.389323	F4	59	80	0	0	27450	P1-39-1	0	-
563	164.964844	165.049479	F2	52	80	0	0	27630	P1-39-10	0	-
564	165.072917	165.750000	F1	50	80	0	0	27650	P1-39-11	0	-
565	165.143229	165.299479	F2	52	80	0	0	27670	P1-39-12	0	-
566	165.265625	167.329427	Gb4	69	80	0	0	27690	P1-39-2	0	-
567	165.274740	168.750000	Eb4	60	80	0	0	27690	P1-39-7	0	-
568	165.282552	168.819010	A3	52	80	0	0	27690	P1-39-5	0	-
569	165.286458	168.039062	C4	52	80	0	0	27690	P1-39-6	0	-
570	165.308594	165.679688	F2	49	80	0	0	27690	P1-39-13	0	-
571	166.399740	166.489583	F2	46	80	0	0	27870	P1-39-15	0	-
572	166.502604	166.658854	F1	49	80	0	0	27890	P1-39-16	0	-
573	166.563802	166.639323	F2	53	80	0	0	27910	P1-39-17	0	-
574	166.665365	166.722656	F1	54	80	0	0	27930	P1-39-18	0	-
575	167.342448	168.049479	Gb4	76	80	0	0	28050	P1-39-3	0	-
576	168.062500	172.218750	Gb4	86	80	0	0	28170	P1-40-1	0	-
577	169.234375	169.285156	F2	71	80	0	0	28350	P1-40-10	0	-
578	169.330729	169.489583	F1	61	80	0	0	28370	P1-40-11	0	-
579	169.428385	169.509115	F2	61	80	0	0	28390	P1-40-12	0	-
580	169.544271	171.619792	A4	78	80	0	0	28410	P1-40-6	0	-
581	169.559896	172.500000	Eb4	68	80	0	0	28410	P1-40-5	0	-
582	169.565104	172.500000	C4	64	80	0	0	28410	P1-40-4	0	-
583	169.587240	169.688802	F1	63	80	0	0	28410	P1-40-13	0	-
584	170.696615	170.829427	F2	63	80	0	0	28590	P1-40-15	0	-
585	170.778646	170.919271	F1	71	80	0	0	28610	P1-40-16	0	-
586	170.875000	170.938802	F2	69	80	0	0	28630	P1-40-17	0	-
587	170.968750	171.019531	F1	73	80	0	0	28650	P1-40-18	0	-
588	171.631510	172.259115	A4	88	80	0	0	28770	P1-40-7	0	-
589	172.324219	175.859375	A4	95	80	0	0	28890	P1-41-1	0	-
590	173.441406	173.598958	F2	69	80	0	0	29070	P1-41-10	0	-
591	173.524740	173.799479	F1	76	80	0	0	29090	P1-41-11	0	-
592	173.606771	173.899740	F2	75	80	0	0	29110	P1-41-12	0	-
593	173.712240	175.750000	C5	100	80	0	0	29130	P1-41-6	0	-
594	173.734375	176.089844	Gb4	81	80	0	0	29130	P1-41-5	0	-
595	173.734375	175.869792	Eb4	81	80	0	0	29130	P1-41-4	0	-
596	173.805990	174.049479	F1	50	80	0	0	29130	P1-41-13	0	-
597	174.854167	175.000000	F2	71	80	0	0	29310	P1-41-15	0	-
598	174.944010	175.079427	F1	78	80	0	0	29330	P1-41-16	0	-
599	175.009115	175.139323	F2	80	80	0	0	29350	P1-41-17	0	-
600	175.092448	175.649740	F1	78	80	0	0	29370	P1-41-18	0	-
601	175.755208	176.139323	C5	101	80	0	0	29490	P1-41-7	0	-
602	176.457031	177.500000	C5	105	80	0	0	29610	P1-42-1	0	-
603	177.365885	179.093750	Eb5	99	80	0	0	29730	P1-42-2	0	-
604	177.890625	178.016927	A3	52	80	0	0	29790	P1-42-20	0	-
605	177.891927	178.005208	C4	56	80	0	0	29790	P1-42-21	0	-
606	178.026042	178.076823	F3	60	80	0	0	29810	P1-42-22	0	-
607	178.177083	178.225260	C4	56	80	0	0	29830	P1-42-24	0	-
608	178.365885	178.582031	F3	50	80	0	0	29850	P1-42-25	0	-
609	178.954427	179.519531	D5	64	80	0	0	29910	P1-42-4	0	-
610	179.223958	179.526042	C5	73	80	0	0	29940	P1-42-5	0	-
611	179.446615	179.725260	Bb4	75	80	0	0	29970	P1-42-6	0	-
612	179.622396	179.878906	A4	80	80	0	0	30000	P1-42-7	0	-
613	179.796875	179.973958	G4	79	80	0	0	30030	P1-42-8	0	-
614	179.977865	180.308594	F4	80	80	0	0	30060	P1-42-9	0	-
615	180.183594	180.553385	E4	70	80	0	0	30090	P1-42-10	0	-
616	180.372396	180.545573	Eb4	69	80	0	0	30120	P1-42-11	0	-
617	180.574219	180.783854	D4	56	80	0	0	30150	P1-42-12	0	-
618	180.803385	181.096354	C4	50	80	0	0	30180	P1-42-13	0	-
619	181.046875	181.434896	Bb3	54	80	0	0	30210	P1-42-14	0	-
620	181.334635	181.865885	A3	56	80	0	0	30240	P1-42-15	0	-
621	181.700521	183.000000	Eb4	48	80	0	0	30270	P1-42-16	0	-
622	182.110677	182.519531	A3	35	80	0	0	30300	P1-42-17	0	-
623	182.796875	186.000000	Bb1	32	80	0	0	30330	P1-43-2	0	-
624	182.799479	186.489583	Bb2	35	80	0	0	30330	P1-43-3	0	-
625	182.959635	186.098958	Bb3	49	80	0	0	30330	P1-43-1	0	-
626	182.970052	184.319010	D3	37	80	0	0	30330	P1-43-8	0	-
627	184.229167	184.559896	Eb3	48	80	0	0	30540	P1-43-5	0	-
628	184.424479	185.438802	F3	45	80	0	0	30570	P1-43-6	0	-
629	185.765625	189.179688	F3	29	80	0	0	30810	P1-43-7	0	-
630	187.067708	187.529948	D5	58	80	0	0	31050	P1-44-1	0	-
631	187.122396	189.309896	Bb2	39	80	0	0	31050	P1-44-10	0	-
632	187.126302	189.218750	D3	31	80	0	0	31050	P1-44-11	0	-
633	187.488281	187.574219	Eb5	54	80	0	0	31140	P1-44-7	0	-
634	187.571615	187.635417	D5	62	80	0	0	31150	P1-44-8	0	-
635	187.666667	188.000000	C5	63	80	0	0	31160	P1-44-9	0	-
636	187.747396	188.569010	D5	80	80	0	0	31170	P1-44-2	0	-
637	188.328125	188.523438	Eb5	63	80	0	0	31260	P1-44-3	0	-
638	188.515625	189.039062	F5	56	80	0	0	31290	P1-44-4	0	-
639	189.882812	191.628906	Bb3	53	80	0	0	31530	P1-44-6	0	-
640	189.904948	190.829427	F3	42	80	0	0	31530	P1-44-14	0	-
641	189.910156	190.729167	D3	38	80	0	0	31530	P1-44-5	0	-
642	189.959635	190.739583	Bb2	36	80	0	0	31530	P1-44-15	0	-
643	189.962240	190.750000	Bb1	37	80	0	0	31530	P1-44-13	0	-
644	191.404948	194.539062	A3	57	80	0	0	31770	P1-45-2	0	-
645	191.414062	194.649740	Eb3	40	80	0	0	31770	P1-45-3	0	-
646	191.498698	194.449219	F2	35	80	0	0	31770	P1-45-8	0	-
647	192.704427	193.289062	F3	39	80	0	0	31980	P1-45-4	0	-
648	192.873698	193.799479	Gb3	36	80	0	0	32010	P1-45-5	0	-
649	194.147135	194.628906	Gb3	36	80	0	0	32250	P1-45-6	0	-
650	195.497396	195.949219	A5	64	80	0	0	32490	P1-46-1	0	-
651	195.566406	196.938802	Gb3	34	80	0	0	32490	P1-46-13	0	-
652	195.567708	197.399740	C4	38	80	0	0	32490	P1-46-10	0	-
653	195.571615	197.479167	Eb4	37	80	0	0	32490	P1-46-11	0	-
654	195.916667	196.069010	Bb5	57	80	0	0	32580	P1-46-7	0	-
655	195.984375	196.158854	A5	72	80	0	0	32590	P1-46-8	0	-
656	196.096354	196.500000	G5	70	80	0	0	32600	P1-46-9	0	-
657	196.171875	196.761719	A5	67	80	0	0	32610	P1-46-2	0	-
658	196.744792	196.921875	Bb5	63	80	0	0	32700	P1-46-3	0	-
659	196.895833	197.309896	C6	57	80	0	0	32730	P1-46-4	0	-
660	196.907552	197.639323	F3	32	80	0	0	32730	P1-46-14	0	-
661	198.279948	199.968750	Eb4	72	80	0	0	32970	P1-46-6	0	-
662	198.334635	199.199219	C4	41	80	0	0	32970	P1-46-5	0	-
663	198.343750	199.069010	F3	37	80	0	0	32970	P1-46-12	0	-
664	198.354167	199.299479	A2	39	80	0	0	32970	P1-46-15	0	-
665	200.071615	203.348958	D4	64	80	0	0	33210	P1-47-2	0	-
666	200.080729	203.218750	Ab3	52	80	0	0	33210	P1-47-3	0	-
667	200.105469	203.299479	F3	45	80	0	0	33210	P1-47-1	0	-
668	200.166667	203.139323	Bb2	44	80	0	0	33210	P1-47-8	0	-
669	200.174479	202.378906	Bb1	42	80	0	0	33210	P1-47-7	0	-
670	201.404948	201.669271	Bb3	50	80	0	0	33420	P1-47-4	0	-
671	201.532552	202.889323	Cb4	67	80	0	0	33450	P1-47-5	0	-
672	202.903646	203.339844	Cb4	62	80	0	0	33690	P1-47-6	0	-
673	204.282552	204.759115	D5	69	80	0	0	33930	P1-48-1	0	-
674	204.325521	206.848958	Ab4	51	80	0	0	33930	P1-48-11	0	-
675	204.326823	207.309896	F4	55	80	0	0	33930	P1-48-10	0	-
676	204.326823	206.158854	Cb4	52	80	0	0	33930	P1-48-13	0	-
677	204.686198	204.786458	Eb5	66	80	0	0	34020	P1-48-7	0	-
678	204.768229	204.929688	D5	79	80	0	0	34030	P1-48-8	0	-
679	204.854167	205.089844	C5	86	80	0	0	34040	P1-48-9	0	-
680	204.937500	207.199219	D5	86	80	0	0	34050	P1-48-2	0	-
681	205.569010	205.908854	Eb5	90	80	0	0	34140	P1-48-3	0	-
682	205.753906	207.369792	F5	88	80	0	0	34170	P1-48-4	0	-
683	205.792969	207.098958	Bb3	51	80	0	0	34170	P1-48-14	0	-
684	207.384115	209.209635	F5	81	80	0	0	34410	P1-48-6	0	-
685	207.397135	208.500000	Ab4	67	80	0	0	34410	P1-48-5	0	-
686	207.434896	207.859375	D4	45	80	0	0	34410	P1-48-15	0	-
687	207.437500	208.500000	Bb3	48	80	0	0	34410	P1-48-12	0	-
688	207.444010	208.479167	D3	41	80	0	0	34410	P1-48-15	0	-
689	209.217448	210.859375	F5	55	80	0	0	34650	P1-49-1	0	-
690	209.225260	211.289062	G4	41	80	0	0	34650	P1-49-6	0	-
691	209.273438	210.059896	Bb3	31	80	0	0	34650	P1-49-10	0	-
692	209.278646	211.329427	Eb3	27	80	0	0	34650	P1-49-16	0	-
693	209.941406	210.696615	B3	53	80	0	0	34770	P1-49-11	0	-
694	210.615885	211.339844	Eb5	57	80	0	0	34890	P1-49-2	0	-
695	210.690104	211.199219	C4	29	80	0	0	34890	P1-49-12	0	-
696	211.282552	212.039062	D5	68	80	0	0	35010	P1-49-3	0	-
697	211.287760	211.718750	Bb4	56	80	0	0	35010	P1-49-7	0	-
698	211.329427	211.959635	F3	42	80	0	0	35010	P1-49-17	0	-
699	211.333333	211.859375	D4	37	80	0	0	35010	P1-49-13	0	-
700	211.946615	212.389323	C5	82	80	0	0	35130	P1-49-4	0	-
701	211.962240	212.438802	Bb4	69	80	0	0	35130	P1-49-8	0	-
702	212.023438	212.438802	Eb4	44	80	0	0	35130	P1-49-14	0	-
703	212.026042	212.549479	G3	42	80	0	0	35130	P1-49-18	0	-
704	212.674479	213.289062	C5	69	80	0	0	35250	P1-49-5	0	-
705	212.686198	213.569010	Bb4	63	80	0	0	35250	P1-49-9	0	-
706	212.743490	213.628906	E4	51	80	0	0	35250	P1-49-15	0	-
707	212.756510	214.218750	G3	39	80	0	0	35250	P1-49-19	0	-
708	213.580729	213.710938	C5	47	80	0	0	35370	P1-50-1	0	-
709	213.580729	215.128906	Bb4	44	80	0	0	35370	P1-50-18	0	-
710	213.635417	215.239583	E4	36	80	0	0	35370	P1-50-28	0	-
711	213.638021	216.579427	F3	36	80	0	0	35370	P1-50-32	0	-
712	213.729167	213.809896	D5	63	80	0	0	35400	P1-50-22	0	-
713	213.838542	213.902344	C5	67	80	0	0	35415	P1-50-23	0	-
714	213.923177	214.139323	D5	67	80	0	0	35445	P1-50-1	0	-
715	213.994792	214.054688	C5	66	80	0	0	35475	P1-50-27	0	-
716	214.085938	214.165365	B4	57	80	0	0	35490	P1-50-2	0	-
717	214.192708	214.330729	C5	54	80	0	0	35490	P1-50-3	0	-
718	214.373698	215.299479	D5	53	80	0	0	35490	P1-50-4	0	-
719	214.812500	215.039062	C5	44	80	0	0	35550	P1-50-5	0	-
720	215.484375	216.519531	C5	35	80	0	0	35610	P1-50-6	0	-
721	215.513021	216.529948	A4	27	80	0	0	35610	P1-50-19	0	-
722	215.533854	216.519531	F4	25	80	0	0	35610	P1-50-29	0	-
723	217.635417	218.026042	F3	44	80	0	0	35880	P1-50-9	0	-
724	217.924479	218.184896	G3	53	80	0	0	35910	P1-50-10	0	-
725	218.127604	218.300781	F3	58	80	0	0	35940	P1-50-11	0	-
726	218.316406	218.489583	E3	54	80	0	0	35970	P1-50-12	0	-
727	218.498698	218.643229	F3	49	80	0	0	36000	P1-50-13	0	-
728	218.726562	218.875000	G3	46	80	0	0	36030	P1-50-15	0	-
729	218.738281	219.049479	Eb3	40	80	0	0	36030	P1-50-14	0	-
730	218.927083	219.408854	A3	51	80	0	0	36060	P1-50-17	0	-
731	218.976562	219.059896	C3	24	80	0	0	36060	P1-50-16	0	-
732	219.395833	221.158854	Bb3	46	80	0	0	36090	P1-51-1	0	-
733	219.411458	220.059896	D3	35	80	0	0	36090	P1-51-3	0	-
734	219.421875	220.269531	Bb2	39	80	0	0	36090	P1-51-2	0	-
735	219.496094	220.158854	Bb1	39	80	0	0	36090	P1-51-10	0	-
736	220.695312	220.949219	Eb3	46	80	0	0	36300	P1-51-5	0	-
737	220.696615	220.925781	C3	44	80	0	0	36300	P1-51-4	0	-
738	220.942708	222.098958	F3	43	80	0	0	36330	P1-51-7	0	-
739	220.949219	222.199219	D3	44	80	0	0	36330	P1-51-6	0	-
740	221.104167	221.281250	Bb5	51	80	0	0	36360	P1-51-13	0	-
741	221.286458	221.411458	D6	55	80	0	0	36390	P1-51-14	0	-
742	221.437500	221.649740	Bb5	59	80	0	0	36420	P1-51-15	0	-
743	221.643229	221.764323	F5	49	80	0	0	36450	P1-51-16	0	-
744	221.778646	221.902344	Bb5	63	80	0	0	36480	P1-51-17	0	-
745	221.945312	222.111979	D5	58	80	0	0	36510	P1-51-18	0	-
746	222.122396	222.309896	F5	54	80	0	0	36540	P1-51-19	0	-
747	222.299479	222.500000	Bb4	42	80	0	0	36570	P1-51-20	0	-
748	222.309896	223.239583	F3	48	80	0	0	36570	P1-51-9	0	-
749	222.319010	223.658854	D3	40	80	0	0	36570	P1-51-8	0	-
750	222.459635	222.779948	D5	56	80	0	0	36600	P1-51-21	0	-
751	222.643229	222.809896	F4	46	80	0	0	36630	P1-51-22	0	-
752	222.777344	223.019531	Bb4	54	80	0	0	36660	P1-51-23	0	-
753	222.955729	223.084635	D4	48	80	0	0	36690	P1-51-24	0	-
754	223.122396	223.449219	F4	52	80	0	0	36720	P1-51-25	0	-
755	223.278646	223.500000	Bb3	46	80	0	0	36750	P1-51-26	0	-
756	223.425781	223.750000	D4	49	80	0	0	36780	P1-51-27	0	-
757	223.626302	223.908854	F3	45	80	0	0	36810	P1-52-9	0	-
758	223.627604	224.319010	D5	74	80	0	0	36810	P1-52-1	0	-
759	223.773438	223.875000	Bb3	44	80	0	0	36840	P1-52-10	0	-
760	223.934896	224.229167	D3	54	80	0	0	36870	P1-52-11	0	-
761	224.134115	224.359375	F3	57	80	0	0	36900	P1-52-12	0	-
762	224.298177	224.589844	Bb2	49	80	0	0	36900	P1-52-12	0	-
763	224.410156	224.485677	Eb5	63	80	0	0	36900	P1-52-6	0	-
764	224.436198	224.709635	D3	46	80	0	0	36900	P1-52-12	0	-
765	224.483073	224.526042	D5	69	80	0	0	36910	P1-52-7	0	-
766	224.535156	224.968750	C5	71	80	0	0	36930	P1-52-2	0	-
767	224.604167	224.929688	F2	56	80	0	0	36990	P1-52-15	0	-
768	224.604167	224.779948	D5	76	80	0	0	37020	P1-52-3	0	-
769	224.756510	225.009115	Bb2	57	80	0	0	37020	P1-52-16	0	-
770	224.760417	225.359375	Eb5	76	80	0	0	37020	P1-52-3	0	-
771	224.917969	225.199219	D2	57	80	0	0	37050	P1-52-17	0	-
772	225.005208	226.029948	F5	74	80	0	0	37050	P1-52-4	0	-
773	225.166667	225.459635	Bb1	52	80	0	0	37080	P1-52-18	0	-
774	225.347656	225.679688	D2	48	80	0	0	37110	P1-52-19	0	-
775	225.501302	225.627604	F2	48	80	0	0	37140	P1-52-20	0	-
776	225.644531	225.949219	Bb2	54	80	0	0	37170	P1-52-21	0	-
777	225.798177	226.619792	D2	59	80	0	0	37200	P1-52-22	0	-
778	225.964844	226.489583	F2	58	80	0	0	37230	P1-52-23	0	-
779	226.104167	226.369792	Bb2	55	80	0	0	37260	P1-52-24	0	-
780	226.248698	226.699219	D3	41	80	0	0	37290	P1-52-25	0	-
781	226.303385	227.718750	Bb3	74	80	0	0	37290	P1-52-5	0	-
782	226.471354	226.859375	Bb2	47	80	0	0	37320	P1-52-26	0	-
783	226.664062	226.785156	F2	52	80	0	0	37350	P1-52-27	0	-
784	226.795573	227.149740	D2	60	80	0	0	37380	P1-52-28	0	-
785	226.975260	227.569010	Bb2	56	80	0	0	37410	P1-52-29	0	-
786	227.110677	227.289062	F2	60	80	0	0	37440	P1-52-30	0	-
787	227.266927	227.519531	D2	65	80	0	0	37470	P1-52-31	0	-
788	227.397135	227.628906	Bb1	66	80	0	0	37500	P1-52-32	0	-
789	227.664062	230.709635	A3	82	80	0	0	37530	P1-53-1	0	-
790	227.704427	228.479167	C3	60	80	0	0	37530	P1-53-2	0	-
791	227.709635	228.899740	Eb3	52	80	0	0	37530	P1-53-3	0	-
792	227.735677	228.389323	F1	61	80	0	0	37530	P1-53-10	0	-
793	228.882812	229.109375	F3	65	80	0	0	37740	P1-53-5	0	-
794	228.884115	229.109375	D3	57	80	0	0	37740	P1-53-4	0	-
795	229.071615	230.239583	Gb3	70	80	0	0	37770	P1-53-7	0	-
796	229.075521	230.188802	Eb3	62	80	0	0	37770	P1-53-6	0	-
797	229.246094	229.406250	C6	61	80	0	0	37800	P1-53-13	0	-
798	229.395833	229.628906	Eb6	62	80	0	0	37830	P1-53-14	0	-
799	229.566406	229.759115	C6	57	80	0	0	37860	P1-53-15	0	-
800	229.736979	229.850260	A5	48	80	0	0	37890	P1-53-16	0	-
801	229.871094	230.109375	C6	64	80	0	0	37920	P1-53-17	0	-
802	230.013021	230.259115	Gb5	65	80	0	0	37950	P1-53-18	0	-
803	230.190104	230.509115	A5	53	80	0	0	37980	P1-53-19	0	-
804	230.360677	231.079427	Gb3	47	80	0	0	38010	P1-53-9	0	-
805	230.361979	230.989583	Eb3	48	80	0	0	38010	P1-53-8	0	-
806	230.372396	230.378906	Eb5	54	80	0	0	38010	P1-53-20	0	-
807	230.505208	231.158854	Gb5	63	80	0	0	38040	P1-53-21	0	-
808	230.664062	230.776042	C5	49	80	0	0	38070	P1-53-22	0	-
809	230.802083	231.079427	Eb5	56	80	0	0	38100	P1-53-23	0	-
810	230.959635	231.128906	A4	53	80	0	0	38130	P1-53-24	0	-
811	231.140625	231.509115	C5	54	80	0	0	38160	P1-53-25	0	-
812	231.296875	231.420573	Gb4	51	80	0	0	38190	P1-53-26	0	-
813	231.442708	231.779948	A4	43	80	0	0	38220	P1-53-27	0	-
814	231.604167	232.229167	C6	82	80	0	0	38250	P1-54-1	0	-
815	231.614583	231.829427	Eb4	51	80	0	0	38250	P1-54-11	0	-
816	231.760417	231.891927	Gb4	58	80	0	0	38280	P1-54-12	0	-
817	231.942708	232.169271	C4	47	80	0	0	38310	P1-54-13	0	-
818	232.063802	232.269531	Eb4	54	80	0	0	38340	P1-54-14	0	-
819	232.225260	232.519531	A3	55	80	0	0	38340	P1-54-14	0	-
820	232.321615	232.419271	D6	75	80	0	0	38340	P1-54-8	0	-
821	232.375000	232.589844	C4	48	80	0	0	38340	P1-54-14	0	-
822	232.375000	232.500000	C6	77	80	0	0	38350	P1-54-9	0	-
823	232.429688	232.535156	B5	80	80	0	0	38360	P1-54-10	0	-
824	232.514323	232.694010	C6	84	80	0	0	38370	P1-54-2	0	-
825	232.518229	232.779948	Gb3	53	80	0	0	38430	P1-54-17	0	-
826	232.671875	232.933594	D6	90	80	0	0	38460	P1-54-3	0	-
827	232.692708	233.019531	A3	53	80	0	0	38460	P1-54-18	0	-
828	232.889323	233.769531	C3	47	80	0	0	38490	P1-54-19	0	-
829	232.890625	233.979167	Eb6	90	80	0	0	38490	P1-54-4	0	-
830	233.049479	233.369792	Gb3	50	80	0	0	38520	P1-54-20	0	-
831	233.227865	233.819010	Eb3	62	80	0	0	38550	P1-54-21	0	-
832	233.402344	233.552083	A3	64	80	0	0	38580	P1-54-22	0	-
833	233.554688	233.809896	Gb3	69	80	0	0	38610	P1-54-23	0	-
834	233.695312	233.908854	C4	70	80	0	0	38640	P1-54-24	0	-
835	233.842448	234.169271	A3	79	80	0	0	38670	P1-54-25	0	-
836	233.977865	234.369792	Gb3	85	80	0	0	38700	P1-54-26	0	-
837	234.162760	235.959635	Gb4	89	80	0	0	38730	P1-54-7	0	-
838	234.165365	235.359375	Eb4	81	80	0	0	38730	P1-54-6	0	-
839	234.169271	235.098958	C4	68	80	0	0	38730	P1-54-5	0	-
840	234.324219	234.609375	Eb3	67	80	0	0	38760	P1-54-28	0	-
841	234.479167	235.419271	Bb2	75	80	0	0	38790	P1-54-29	0	-
842	234.641927	234.908854	Gb3	78	80	0	0	38820	P1-54-30	0	-
843	234.786458	234.955729	Eb3	72	80	0	0	38850	P1-54-31	0	-
844	234.941406	235.289062	Bb3	84	80	0	0	38880	P1-54-32	0	-
845	235.095052	235.479167	Gb3	84	80	0	0	38910	P1-54-33	0	-
846	235.230469	235.559896	Eb3	80	80	0	0	38940	P1-54-34	0	-
847	235.489583	237.938802	F4	81	80	0	0	38970	P1-55-1	0	-
848	235.513021	236.389323	Eb4	76	80	0	0	38970	P1-55-6	0	-
849	235.515625	235.908854	C4	66	80	0	0	38970	P1-55-5	0	-
850	235.602865	235.989583	A2	56	80	0	0	38970	P1-55-15	0	-
851	236.184896	236.500000	C4	66	80	0	0	39090	P1-55-8	0	-
852	236.190104	236.729167	A3	64	80	0	0	39090	P1-55-7	0	-
853	236.734375	236.899740	D4	61	80	0	0	39180	P1-55-10	0	-
854	236.734375	236.889323	B3	66	80	0	0	39180	P1-55-9	0	-
855	236.904948	238.009115	Eb4	58	80	0	0	39210	P1-55-12	0	-
856	236.907552	237.869792	C4	49	80	0	0	39210	P1-55-11	0	-
857	237.075521	237.240885	C6	56	80	0	0	39240	P1-55-18	0	-
858	237.235677	237.372396	Eb6	54	80	0	0	39270	P1-55-19	0	-
859	237.384115	237.505208	C6	60	80	0	0	39300	P1-55-20	0	-
860	237.532552	237.682292	A5	60	80	0	0	39330	P1-55-21	0	-
861	237.688802	237.815104	C6	65	80	0	0	39360	P1-55-22	0	-
862	237.848958	237.960938	Eb5	61	80	0	0	39390	P1-55-23	0	-
863	237.986979	238.289062	A5	60	80	0	0	39420	P1-55-24	0	-
864	238.115885	238.598958	Eb4	65	80	0	0	39450	P1-55-14	0	-
865	238.119792	238.699219	C4	62	80	0	0	39450	P1-55-13	0	-
866	238.169271	238.389323	C5	56	80	0	0	39450	P1-55-25	0	-
867	238.315104	238.699219	Eb5	62	80	0	0	39480	P1-55-26	0	-
868	238.470052	238.688802	A4	52	80	0	0	39510	P1-55-27	0	-
869	238.636719	238.848958	C5	53	80	0	0	39540	P1-55-28	0	-
870	238.774740	239.109375	Eb4	60	80	0	0	39570	P1-55-29	0	-
871	238.925781	239.079427	A4	50	80	0	0	39600	P1-55-30	0	-
872	239.087240	239.419271	C6	81	80	0	0	39630	P1-55-4	0	-
873	239.100260	239.389323	C4	50	80	0	0	39630	P1-55-31	0	-
874	239.223958	239.609375	Eb4	55	80	0	0	39660	P1-55-32	0	-
875	239.389323	239.699219	A3	50	80	0	0	39690	P1-56-11	0	-
876	239.425781	240.188802	C6	88	80	0	0	39690	P1-56-1	0	-
877	239.595052	239.742188	C4	60	80	0	0	39720	P1-56-12	0	-
878	239.739583	239.886719	F3	73	80	0	0	39750	P1-56-13	0	-
879	239.894531	240.059896	A3	72	80	0	0	39780	P1-56-14	0	-
880	240.050781	240.161458	C3	63	80	0	0	39780	P1-56-14	0	-
881	240.156250	240.348958	D6	78	80	0	0	39780	P1-56-8	0	-
882	240.173177	240.348958	F3	60	80	0	0	39780	P1-56-14	0	-
883	240.204427	240.309896	C6	73	80	0	0	39790	P1-56-9	0	-
884	240.248698	240.354167	B5	87	80	0	0	39800	P1-56-10	0	-
885	240.322917	240.501302	C6	91	80	0	0	39810	P1-56-2	0	-
886	240.338542	240.476562	A2	66	80	0	0	39870	P1-56-17	0	-
887	240.477865	240.700521	D6	94	80	0	0	39900	P1-56-3	0	-
888	240.500000	240.779948	C3	69	80	0	0	39900	P1-56-18	0	-
889	240.662760	241.199219	Eb6	93	80	0	0	39930	P1-56-4	0	-
890	240.664062	240.968750	F2	75	80	0	0	39930	P1-56-19	0	-
891	240.830729	241.000000	A2	69	80	0	0	39960	P1-56-20	0	-
892	240.988281	241.319010	C2	69	80	0	0	39990	P1-56-21	0	-
893	241.104167	241.408854	F2	79	80	0	0	40020	P1-56-22	0	-
894	241.269531	241.619792	A1	79	80	0	0	40050	P1-56-23	0	-
895	241.412760	241.848958	C2	82	80	0	0	40080	P1-56-24	0	-
896	241.572917	242.169271	F1	89	80	0	0	40110	P1-56-25	0	-
897	241.684896	241.929688	A1	81	80	0	0	40140	P1-56-26	0	-
898	241.882812	243.279948	Eb5	99	80	0	0	40170	P1-56-7	0	-
899	241.884115	243.209635	C5	94	80	0	0	40170	P1-56-6	0	-
900	241.885417	243.098958	A4	88	80	0	0	40170	P1-56-5	0	-
901	242.061198	242.339844	F#1	81	80	0	0	40200	P1-56-28	0	-
902	242.201823	242.468750	A1	75	80	0	0	40230	P1-56-29	0	-
903	242.352865	242.949219	C2	85	80	0	0	40260	P1-56-30	0	-
904	242.492188	242.769531	F#2	86	80	0	0	40290	P1-56-31	0	-
905	242.653646	242.798177	A2	85	80	0	0	40320	P1-56-32	0	-
906	242.816406	243.000000	C3	83	80	0	0	40350	P1-56-33	0	-
907	242.941406	243.089844	F#3	78	80	0	0	40380	P1-56-34	0	-
908	243.147135	245.289062	D5	69	80	0	0	40410	P1-57-2	0	-
909	243.151042	244.408854	Bb4	66	80	0	0	40410	P1-57-1	0	-
910	243.287760	243.658854	G1	66	80	0	0	40440	P1-57-11	0	-
911	243.460938	243.639323	Bb1	70	80	0	0	40470	P1-57-12	0	-
912	243.615885	243.769531	D2	69	80	0	0	40500	P1-57-13	0	-
913	243.764323	244.119792	G2	67	80	0	0	40530	P1-57-14	0	-
914	243.915365	244.319010	Bb2	75	80	0	0	40560	P1-57-15	0	-
915	244.070312	244.389323	D3	81	80	0	0	40590	P1-57-16	0	-
916	244.197917	244.539062	G3	86	80	0	0	40620	P1-57-17	0	-
917	244.375000	246.339844	G5	100	80	0	0	40650	P1-57-4	0	-
918	244.549479	244.733073	E2	80	80	0	0	40680	P1-57-19	0	-
919	244.714844	244.929688	G2	79	80	0	0	40710	P1-57-20	0	-
920	244.891927	245.035156	Bb2	79	80	0	0	40740	P1-57-21	0	-
921	245.044271	245.183594	E3	77	80	0	0	40770	P1-57-22	0	-
922	245.186198	245.330729	G3	84	80	0	0	40800	P1-57-23	0	-
923	245.333333	245.463542	Bb3	91	80	0	0	40830	P1-57-24	0	-
924	245.483073	245.651042	G3	80	80	0	0	40860	P1-57-25	0	-
925	245.656250	246.109375	Db4	80	80	0	0	40890	P1-57-26	0	-
926	245.714844	246.669271	Db5	84	80	0	0	40890	P1-57-8	0	-
927	245.714844	246.649740	Bb4	75	80	0	0	40890	P1-57-7	0	-
928	245.716146	246.218750	G4	73	80	0	0	40890	P1-57-6	0	-
929	245.863281	245.980469	Bb3	77	80	0	0	40920	P1-57-27	0	-
930	246.007812	246.179688	G3	73	80	0	0	40950	P1-57-28	0	-
931	246.162760	246.343750	E3	83	80	0	0	40980	P1-57-29	0	-
932	246.334635	246.505208	Db3	72	80	0	0	41010	P1-57-30	0	-
933	246.509115	246.683594	Bb2	79	80	0	0	41040	P1-57-31	0	-
934	246.679688	246.856771	G2	81	80	0	0	41070	P1-57-32	0	-
935	246.845052	247.019531	E2	83	80	0	0	41100	P1-57-33	0	-
936	247.140625	249.169271	F5	78	80	0	0	41130	P1-58-1	0	-
937	247.343750	247.536458	F2	55	80	0	0	41160	P1-58-13	0	-
938	247.549479	247.764323	Bb2	41	80	0	0	41190	P1-58-14	0	-
939	247.700521	247.777344	D3	41	80	0	0	41220	P1-58-15	0	-
940	247.832031	247.963542	F3	47	80	0	0	41250	P1-58-16	0	-
941	247.986979	248.113281	D3	40	80	0	0	41280	P1-58-17	0	-
942	248.143229	248.235677	Bb2	47	80	0	0	41310	P1-58-18	0	-
943	248.276042	248.416667	F2	53	80	0	0	41340	P1-58-19	0	-
944	248.466146	249.369792	D5	57	80	0	0	41370	P1-58-10	0	-
945	248.486979	249.329427	F4	50	80	0	0	41370	P1-58-8	0	-
946	248.656250	248.807292	F2	45	80	0	0	41400	P1-58-21	0	-
947	248.794271	248.946615	Bb2	52	80	0	0	41430	P1-58-22	0	-
948	248.962240	249.070312	D3	46	80	0	0	41460	P1-58-23	0	-
949	249.113281	249.226562	F3	44	80	0	0	41490	P1-58-24	0	-
950	249.255208	249.364583	D3	46	80	0	0	41520	P1-58-25	0	-
951	249.404948	249.579427	Bb2	61	80	0	0	41550	P1-58-26	0	-
952	249.535156	249.848958	F2	53	80	0	0	41580	P1-58-27	0	-
953	249.725260	251.139323	A4	49	80	0	0	41610	P1-58-5	0	-
954	249.744792	250.466146	F4	50	80	0	0	41610	P1-58-4	0	-
955	249.744792	249.919271	Eb3	46	80	0	0	41610	P1-58-28	0	-
956	249.746094	250.929688	C4	40	80	0	0	41610	P1-58-2	0	-
957	249.910156	250.339844	C3	43	80	0	0	41640	P1-58-29	0	-
958	250.052083	250.125000	A2	48	80	0	0	41670	P1-58-30	0	-
959	250.158854	250.343750	F2	58	80	0	0	41700	P1-58-31	0	-
960	250.345052	250.464844	Eb2	58	80	0	0	41730	P1-58-32	0	-
961	250.489583	250.622396	C2	50	80	0	0	41760	P1-58-33	0	-
962	250.640625	250.746094	A1	50	80	0	0	41790	P1-58-34	0	-
963	250.770833	251.039062	F1	49	80	0	0	41820	P1-58-35	0	-
964	251.005208	251.649740	Bb4	47	80	0	0	41850	P1-59-4	0	-
965	251.007812	251.639323	F4	44	80	0	0	41850	P1-59-3	0	-
966	251.013021	251.589844	D4	41	80	0	0	41850	P1-59-2	0	-
967	251.022135	251.479167	Bb2	46	80	0	0	41850	P1-59-1	0	-
968	251.023438	251.509115	Bb1	46	80	0	0	41850	P1-59-8	0	-
969	252.106771	252.174479	Bb2	56	80	0	0	42030	P1-59-10	0	-
970	252.205729	252.282552	Bb1	43	80	0	0	42050	P1-59-11	0	-
971	252.302083	252.361979	Bb2	51	80	0	0	42070	P1-59-12	0	-
972	252.411458	252.694010	Bb1	44	80	0	0	42090	P1-59-13	0	-
973	253.486979	253.554688	Bb2	51	80	0	0	42270	P1-59-15	0	-
974	253.593750	253.653646	Bb1	40	80	0	0	42290	P1-59-16	0	-
975	253.673177	253.743490	Bb2	46	80	0	0	42310	P1-59-17	0	-
976	253.791667	254.229167	Bb1	42	80	0	0	42330	P1-59-18	0	-
977	254.941406	255.049479	Bb2	48	80	0	0	42510	P1-59-20	0	-
978	255.023438	255.289062	Bb1	48	80	0	0	42530	P1-59-21	0	-
979	255.121094	255.658854	Bb2	55	80	0	0	42550	P1-59-22	0	-
980	255.265625	257.019531	F4	75	80	0	0	42570	P1-60-3	0	-
981	255.287760	256.169271	D4	51	80	0	0	42570	P1-60-1	0	-
982	255.290365	256.649740	Ab3	53	80	0	0	42570	P1-60-1	0	-
983	255.295573	255.609375	Bb1	46	80	0	0	42570	P1-60-10	0	-
984	255.295573	256.218750	Bb3	54	80	0	0	42570	P1-60-2	0	-
985	256.589844	258.279948	Eb4	71	80	0	0	42810	P1-60-6	0	-
986	256.595052	257.938802	G3	52	80	0	0	42810	P1-60-4	0	-
987	256.595052	257.679688	Bb3	56	80	0	0	42810	P1-60-5	0	-
988	257.884115	259.299479	D4	57	80	0	0	43050	P1-60-9	0	-
989	257.893229	259.069010	Bb3	50	80	0	0	43050	P1-60-8	0	-
990	257.904948	259.089844	F#3	47	80	0	0	43050	P1-60-7	0	-
991	259.304688	260.878906	D4	53	80	0	0	43290	P1-61-3	0	-
992	259.315104	260.628906	Bb3	49	80	0	0	43290	P1-61-2	0	-
993	259.324219	260.559896	F#3	44	80	0	0	43290	P1-61-1	0	-
994	260.437500	260.559896	Bb2	37	80	0	0	43470	P1-61-11	0	-
995	260.516927	260.750000	Bb1	47	80	0	0	43490	P1-61-12	0	-
996	260.621094	260.889323	Bb2	43	80	0	0	43510	P1-61-13	0	-
997	260.734375	262.938802	Eb4	56	80	0	0	43530	P1-61-6	0	-
998	260.744792	262.859375	Bb3	45	80	0	0	43530	P1-61-5	0	-
999	260.747396	262.139323	G3	39	80	0	0	43530	P1-61-4	0	-
1000	260.761719	261.029948	Bb1	41	80	0	0	43530	P1-61-14	0	-
1001	261.811198	261.919271	Bb2	43	80	0	0	43710	P1-61-16	0	-
1002	261.885417	261.947917	Bb1	48	80	0	0	43730	P1-61-17	0	-
1003	261.977865	262.098958	Bb2	41	80	0	0	43750	P1-61-18	0	-
1004	262.071615	262.299479	Bb1	50	80	0	0	43770	P1-61-19	0	-
1005	263.255208	263.315104	Bb2	49	80	0	0	43950	P1-61-21	0	-
1006	263.342448	263.709635	Bb1	56	80	0	0	43970	P1-61-22	0	-
1007	263.433594	263.628906	Bb2	62	80	0	0	43990	P1-61-23	0	-
1008	263.549479	265.389323	Ab4	79	80	0	0	44010	P1-62-3	0	-
1009	263.572917	264.968750	F4	70	80	0	0	44010	P1-62-2	0	-
1010	263.574219	264.729167	Bb3	56	80	0	0	44010	P1-62-1	0	-
1011	263.579427	263.589844	D4	49	80	0	0	44010	P1-62-1	0	-
1012	264.876302	266.658854	G4	83	80	0	0	44250	P1-62-6	0	-
1013	264.886719	266.438802	Eb4	74	80	0	0	44250	P1-62-5	0	-
1014	264.895833	265.878906	Bb3	69	80	0	0	44250	P1-62-4	0	-
1015	266.091146	267.339844	F#4	86	80	0	0	44490	P1-62-9	0	-
1016	266.102865	267.199219	D4	70	80	0	0	44490	P1-62-8	0	-
1017	266.115885	267.079427	Bb3	63	80	0	0	44490	P1-62-7	0	-
1018	267.454427	268.919271	F#4	72	80	0	0	44730	P1-63-2	0	-
1019	267.457031	268.959635	D4	63	80	0	0	44730	P1-63-1	0	-
1020	267.463542	268.569010	Bb3	57	80	0	0	44730	P1-63-8	0	-
1021	268.545573	268.658854	Eb3	53	80	0	0	44910	P1-63-12	0	-
1022	268.634115	269.032552	Eb2	58	80	0	0	44930	P1-63-13	0	-
1023	268.731771	268.949219	Eb3	57	80	0	0	44950	P1-63-14	0	-
1024	268.819010	270.569010	G4	55	80	0	0	44970	P1-63-4	0	-
1025	268.829427	270.289062	Bb3	48	80	0	0	44970	P1-63-3	0	-
1026	268.832031	271.079427	Eb4	49	80	0	0	44970	P1-63-3	0	-
1027	269.878906	270.039062	Eb3	61	80	0	0	45150	P1-63-17	0	-
1028	269.993490	270.065104	Eb2	55	80	0	0	45170	P1-63-18	0	-
1029	270.048177	270.319010	Eb3	53	80	0	0	45190	P1-63-19	0	-
1030	270.162760	270.222656	Eb2	58	80	0	0	45210	P1-63-20	0	-
1031	270.755208	271.229167	G4	86	80	0	0	45330	P1-63-7	0	-
1032	271.128906	271.229167	Eb3	60	80	0	0	45390	P1-63-22	0	-
1033	271.220052	271.479167	Eb2	64	80	0	0	45410	P1-63-23	0	-
1034	271.303385	271.519531	Eb3	66	80	0	0	45430	P1-63-24	0	-
1035	271.402344	272.799479	Eb5	91	80	0	0	45450	P1-64-2	0	-
1036	271.415365	272.489583	G4	77	80	0	0	45450	P1-64-1	0	-
1037	271.523438	271.669271	Eb2	51	80	0	0	45450	P1-64-9	0	-
1038	271.529948	271.639323	Eb3	53	80	0	0	45450	P1-64-1	0	-
1039	272.679688	274.169271	C5	91	80	0	0	45690	P1-64-5	0	-
1040	272.705729	273.628906	G4	65	80	0	0	45690	P1-64-4	0	-
1041	272.710938	273.649740	Eb4	62	80	0	0	45690	P1-64-3	0	-
1042	274.003906	275.489583	Bb4	79	80	0	0	45930	P1-64-8	0	-
1043	274.042969	275.869792	G4	60	80	0	0	45930	P1-64-7	0	-
1044	274.054688	274.848958	D4	53	80	0	0	45930	P1-64-6	0	-
1045	275.813802	277.619792	A4	39	80	0	0	46170	P1-65-3	0	-
1046	275.813802	277.589844	F4	40	80	0	0	46170	P1-65-2	0	-
1047	275.839844	277.459635	C4	32	80	0	0	46170	P1-65-1	0	-
1048	276.925781	277.019531	F3	36	80	0	0	46350	P1-65-15	0	-
1049	277.003906	277.149740	F2	34	80	0	0	46370	P1-65-16	0	-
1050	277.083333	277.149740	F3	47	80	0	0	46390	P1-65-17	0	-
1051	277.201823	277.339844	F2	44	80	0	0	46410	P1-65-18	0	-
1052	277.760417	278.218750	A4	54	80	0	0	46530	P1-65-6	0	-
1053	277.774740	278.188802	F4	51	80	0	0	46530	P1-65-5	0	-
1054	277.792969	278.109375	C4	43	80	0	0	46530	P1-65-4	0	-
1055	278.105469	278.239583	F6	53	80	0	0	46590	P1-65-20	0	-
1056	278.190104	278.269531	F5	60	80	0	0	46610	P1-65-21	0	-
1057	278.252604	278.419271	F6	65	80	0	0	46630	P1-65-22	0	-
1058	278.320312	278.949219	Bb4	57	80	0	0	46650	P1-65-9	0	-
1059	278.334635	278.769531	D4	42	80	0	0	46650	P1-65-7	0	-
1060	278.334635	278.572917	F4	47	80	0	0	46650	P1-65-8	0	-
1061	278.342448	278.398438	F5	64	80	0	0	46650	P1-65-23	0	-
1062	278.911458	279.289062	C5	70	80	0	0	46770	P1-65-12	0	-
1063	278.937500	279.339844	Eb4	46	80	0	0	46770	P1-65-10	0	-
1064	278.940104	279.359375	F4	47	80	0	0	46770	P1-65-11	0	-
1065	279.584635	280.378906	C5	60	80	0	0	46890	P1-66-2	0	-
1066	279.588542	280.309896	Eb4	52	80	0	0	46890	P1-66-1	0	-
1067	279.591146	281.250000	F4	51	80	0	0	46890	P1-66-16	0	-
1068	280.493490	280.878906	A4	48	80	0	0	47070	P1-66-4	0	-
1069	280.509115	280.729167	C#4	39	80	0	0	47070	P1-66-3	0	-
1070	280.524740	280.619792	F3	34	80	0	0	47070	P1-66-3	0	-
1071	280.611979	280.692708	F2	57	80	0	0	47090	P1-66-20	0	-
1072	280.747396	280.863281	F3	39	80	0	0	47110	P1-66-21	0	-
1073	280.807292	280.875000	F2	52	80	0	0	47130	P1-66-22	0	-
1074	280.811198	281.065104	Bb4	55	80	0	0	47130	P1-66-6	0	-
1075	280.815104	281.063802	D4	47	80	0	0	47130	P1-66-5	0	-
1076	281.371094	281.789062	Bb4	62	80	0	0	47250	P1-66-9	0	-
1077	281.395833	281.789062	D4	49	80	0	0	47250	P1-66-7	0	-
1078	281.397135	281.779948	F4	49	80	0	0	47250	P1-66-8	0	-
1079	281.683594	281.743490	F6	70	80	0	0	47310	P1-66-24	0	-
1080	281.766927	281.878906	F5	74	80	0	0	47330	P1-66-25	0	-
1081	281.854167	282.009115	F6	66	80	0	0	47350	P1-66-26	0	-
1082	281.901042	282.309896	C5	84	80	0	0	47370	P1-66-12	0	-
1083	281.920573	282.489583	A4	69	80	0	0	47370	P1-66-11	0	-
1084	281.927083	282.359375	F4	61	80	0	0	47370	P1-66-10	0	-
1085	281.941406	282.059896	F5	71	80	0	0	47370	P1-66-27	0	-
1086	282.463542	282.919271	D5	82	80	0	0	47490	P1-66-15	0	-
1087	282.471354	282.816406	Bb4	68	80	0	0	47490	P1-66-14	0	-
1088	282.476562	282.938802	F4	64	80	0	0	47490	P1-66-13	0	-
1089	283.152344	284.279948	D5	69	80	0	0	47610	P1-67-2	0	-
1090	283.166667	284.029948	Bb4	57	80	0	0	47610	P1-67-1	0	-
1091	283.174479	284.639323	F4	43	80	0	0	47610	P1-67-16	0	-
1092	284.067708	284.369792	B4	65	80	0	0	47790	P1-67-4	0	-
1093	284.074219	284.138021	F3	49	80	0	0	47790	P1-67-20	0	-
1094	284.083333	284.339844	G#4	59	80	0	0	47790	P1-67-3	0	-
1095	284.164062	284.279948	F2	61	80	0	0	47830	P1-67-22	0	-
1096	284.354167	284.628906	C5	71	80	0	0	47850	P1-67-6	0	-
1097	284.361979	284.759115	A4	65	80	0	0	47850	P1-67-5	0	-
1098	284.373698	284.434896	F2	58	80	0	0	47850	P1-67-23	0	-
1099	284.890625	285.269531	C5	77	80	0	0	47970	P1-67-9	0	-
1100	284.920573	285.408854	A4	60	80	0	0	47970	P1-67-8	0	-
1101	284.924479	285.369792	F4	57	80	0	0	47970	P1-67-7	0	-
1102	285.233073	285.348958	F6	80	80	0	0	48030	P1-67-25	0	-
1103	285.319010	285.372396	F5	70	80	0	0	48050	P1-67-26	0	-
1104	285.386719	285.500000	F6	78	80	0	0	48070	P1-67-27	0	-
1105	285.454427	286.029948	D5	87	80	0	0	48090	P1-67-12	0	-
1106	285.459635	286.089844	Bb4	79	80	0	0	48090	P1-67-11	0	-
1107	285.463542	286.059896	F4	82	80	0	0	48090	P1-67-10	0	-
1108	285.493490	285.839844	F5	78	80	0	0	48090	P1-67-28	0	-
1109	286.063802	286.669271	Eb5	91	80	0	0	48210	P1-67-15	0	-
1110	286.066406	286.628906	C5	83	80	0	0	48210	P1-67-14	0	-
1111	286.070312	286.839844	F4	75	80	0	0	48210	P1-67-13	0	-
1112	286.845052	288.209635	Eb5	89	80	0	0	48330	P1-68-2	0	-
1113	286.848958	287.718750	C5	86	80	0	0	48330	P1-68-1	0	-
1114	286.854167	288.449219	F4	73	80	0	0	48330	P1-68-18	0	-
1115	287.834635	288.179688	C#5	79	80	0	0	48510	P1-68-4	0	-
1116	287.850260	288.289062	A4	69	80	0	0	48510	P1-68-3	0	-
1117	287.858073	287.917969	F3	63	80	0	0	48510	P1-68-22	0	-
1118	287.936198	288.074219	F2	80	80	0	0	48530	P1-68-23	0	-
1119	288.044271	288.149740	F3	74	80	0	0	48550	P1-68-24	0	-
1120	288.139323	288.529948	Bb4	82	80	0	0	48570	P1-68-5	0	-
1121	288.141927	288.279948	F2	93	80	0	0	48570	P1-68-25	0	-
1122	288.143229	288.500000	D5	82	80	0	0	48570	P1-68-6	0	-
1123	288.695312	289.239583	D5	89	80	0	0	48690	P1-68-9	0	-
1124	288.700521	289.188802	Bb4	87	80	0	0	48690	P1-68-8	0	-
1125	288.703125	289.169271	F4	86	80	0	0	48690	P1-68-7	0	-
1126	289.035156	289.102865	F6	84	80	0	0	48750	P1-68-27	0	-
1127	289.123698	289.205729	F5	84	80	0	0	48770	P1-68-28	0	-
1128	289.197917	289.289062	F6	88	80	0	0	48790	P1-68-29	0	-
1129	289.292969	289.774740	E5	99	80	0	0	48810	P1-68-13	0	-
1130	289.300781	289.598958	F5	98	80	0	0	48810	P1-68-30	0	-
1131	289.302083	289.772135	Bb4	85	80	0	0	48810	P1-68-11	0	-
1132	289.303385	289.764323	Db5	86	80	0	0	48810	P1-68-12	0	-
1133	289.304688	289.765625	G4	81	80	0	0	48810	P1-68-10	0	-
1134	289.884115	290.408854	E5	98	80	0	0	48930	P1-68-17	0	-
1135	289.891927	290.649740	Db5	89	80	0	0	48930	P1-68-16	0	-
1136	289.894531	290.699219	Bb4	87	80	0	0	48930	P1-68-15	0	-
1137	289.897135	290.979167	G4	82	80	0	0	48930	P1-68-14	0	-
1138	290.195312	290.279948	F6	82	80	0	0	48990	P1-68-32	0	-
1139	290.304688	290.421875	F5	81	80	0	0	49010	P1-68-33	0	-
1140	290.414062	290.519531	F6	85	80	0	0	49030	P1-68-34	0	-
1141	290.792969	291.139323	F5	68	80	0	0	49050	P1-69-3	0	-
1142	290.815104	291.188802	C5	57	80	0	0	49050	P1-69-2	0	-
1143	290.825521	291.164062	A4	48	80	0	0	49050	P1-69-1	0	-
1144	291.483073	292.489583	C5	74	80	0	0	49170	P1-69-6	0	-
1145	291.484375	292.500000	A4	64	80	0	0	49170	P1-69-5	0	-
1146	291.494792	292.489583	F4	63	80	0	0	49170	P1-69-4	0	-
1147	291.804688	291.884115	F3	56	80	0	0	49230	P1-69-18	0	-
1148	291.920573	291.985677	F2	62	80	0	0	49260	P1-69-19	0	-
1149	292.078125	292.125000	F3	63	80	0	0	49290	P1-69-20	0	-
1150	292.606771	293.000000	C5	74	80	0	0	49410	P1-69-9	0	-
1151	292.614583	293.069010	A4	57	80	0	0	49410	P1-69-8	0	-
1152	292.625000	292.919271	F4	53	80	0	0	49410	P1-69-7	0	-
1153	292.904948	293.109375	F6	75	80	0	0	49470	P1-69-22	0	-
1154	293.035156	293.279948	F5	71	80	0	0	49500	P1-69-23	0	-
1155	293.209635	293.938802	E5	71	80	0	0	49530	P1-69-12	0	-
1156	293.231771	293.639323	Bb4	48	80	0	0	49530	P1-69-11	0	-
1157	293.236979	293.688802	G4	39	80	0	0	49530	P1-69-10	0	-
1158	293.813802	294.669271	C5	63	80	0	0	49650	P1-69-15	0	-
1159	293.824219	294.250000	Bb4	52	80	0	0	49650	P1-69-14	0	-
1160	293.832031	294.519531	G4	47	80	0	0	49650	P1-69-13	0	-
1161	294.555990	295.269531	F5	62	80	0	0	49770	P1-70-3	0	-
1162	294.593750	295.013021	A4	38	80	0	0	49770	P1-70-2	0	-
1163	294.593750	295.016927	F4	37	80	0	0	49770	P1-70-1	0	-
1164	295.394531	296.369792	C5	55	80	0	0	49890	P1-70-6	0	-
1165	295.430990	296.240885	F4	37	80	0	0	49890	P1-70-4	0	-
1166	295.432292	296.243490	A4	39	80	0	0	49890	P1-70-5	0	-
1167	295.734375	295.800781	F3	42	80	0	0	49950	P1-70-18	0	-
1168	295.837240	295.894531	F2	59	80	0	0	49980	P1-70-19	0	-
1169	295.994792	296.040365	F3	53	80	0	0	50010	P1-70-20	0	-
1170	296.584635	296.979167	C5	65	80	0	0	50130	P1-70-9	0	-
1171	296.585938	297.188802	A4	55	80	0	0	50130	P1-70-8	0	-
1172	296.589844	296.919271	F4	47	80	0	0	50130	P1-70-7	0	-
1173	296.903646	297.149740	F6	72	80	0	0	50190	P1-70-22	0	-
1174	297.032552	297.359375	F5	71	80	0	0	50220	P1-70-23	0	-
1175	297.201823	298.019531	E5	62	80	0	0	50250	P1-70-12	0	-
1176	297.204427	297.669271	Bb4	47	80	0	0	50250	P1-70-11	0	-
1177	297.216146	297.750000	G4	41	80	0	0	50250	P1-70-10	0	-
1178	297.222656	297.289062	E6	55	80	0	0	50250	P1-70-24	0	-
1179	297.894531	298.709635	C5	63	80	0	0	50370	P1-70-15	0	-
1180	297.903646	298.235677	Bb4	55	80	0	0	50370	P1-70-14	0	-
1181	297.932292	298.242188	G4	50	80	0	0	50370	P1-70-13	0	-
1182	298.563802	299.179688	F5	67	80	0	0	50490	P1-71-3	0	-
1183	298.593750	298.933594	A4	49	80	0	0	50490	P1-71-2	0	-
1184	298.595052	298.932292	F4	41	80	0	0	50490	P1-71-1	0	-
1185	299.285156	300.658854	C5	59	80	0	0	50610	P1-71-6	0	-
1186	299.289062	300.147135	A4	51	80	0	0	50610	P1-71-5	0	-
1187	299.294271	300.151042	F4	51	80	0	0	50610	P1-71-4	0	-
1188	299.673177	299.722656	F3	48	80	0	0	50670	P1-71-15	0	-
1189	299.786458	299.839844	F2	61	80	0	0	50700	P1-71-16	0	-
1190	299.933594	300.059896	F3	54	80	0	0	50730	P1-71-17	0	-
1191	300.579427	302.609375	A4	47	80	0	0	50850	P1-71-9	0	-
1192	300.582031	301.729167	F4	41	80	0	0	50850	P1-71-8	0	-
1193	300.623698	301.518229	C4	35	80	0	0	50850	P1-71-7	0	-
1194	300.984375	301.044271	F3	34	80	0	0	50910	P1-71-19	0	-
1195	301.104167	301.279948	F2	39	80	0	0	50940	P1-71-20	0	-
1196	301.244792	301.294271	F3	38	80	0	0	50970	P1-71-21	0	-
1197	301.932292	303.750000	F4	45	80	0	0	51090	P1-71-12	0	-
1198	301.934896	303.959635	A3	44	80	0	0	51090	P1-71-10	0	-
1199	301.936198	305.069010	C4	44	80	0	0	51090	P1-71-11	0	-
1200	302.411458	302.639323	F3	38	80	0	0	51150	P1-71-23	0	-
1201	302.583333	303.128906	F2	26	80	0	0	51180	P1-71-24	0	-
1202	302.786458	303.089844	F3	33	80	0	0	51210	P1-72-13	0	-
1203	303.763021	305.218750	F4	69	80	0	0	51330	P1-72-14	0	-
1204	304.825521	305.979167	E4	77	80	0	0	51450	P1-72-15	0	-
1205	305.653646	307.319010	F4	71	80	0	0	51570	P1-72-19	0	-
1206	305.716146	306.658854	Eb4	69	80	0	0	51570	P1-72-16	0	-
1207	306.462240	307.175781	D4	53	80	0	0	51690	P1-72-17	0	-
1208	306.845052	306.949219	G4	66	80	0	0	51750	P1-72-7	0	-
1209	307.000000	307.169271	A4	76	80	0	0	51780	P1-72-8	0	-
1210	307.162760	307.329427	Bb4	78	80	0	0	51810	P1-72-9	0	-
1211	307.178385	307.492188	C4	60	80	0	0	51810	P1-72-18	0	-
1212	307.187500	307.523438	Eb4	60	80	0	0	51810	P1-72-20	0	-
1213	307.320312	307.381510	C5	89	80	0	0	51840	P1-72-10	0	-
1214	307.500000	307.552083	D5	75	80	0	0	51870	P1-72-11	0	-
1215	307.666667	308.348958	Eb5	77	80	0	0	51900	P1-72-12	0	-
1216	308.055990	310.859375	F5	76	80	0	0	51930	P1-73-1	0	-
1217	308.138021	308.709635	Bb2	37	80	0	0	51930	P1-73-9	0	-
1218	308.748698	309.669271	Bb3	38	80	0	0	52050	P1-73-10	0	-
1219	309.394531	312.869792	Bb4	46	80	0	0	52170	P1-73-7	0	-
1220	309.444010	310.619792	D4	35	80	0	0	52170	P1-73-11	0	-
1221	309.445312	310.739583	F4	36	80	0	0	52170	P1-73-12	0	-
1222	310.084635	310.889323	Bb3	34	80	0	0	52290	P1-73-13	0	-
1223	310.574219	310.938802	D5	62	80	0	0	52380	P1-73-3	0	-
1224	310.714844	312.169271	Bb5	75	80	0	0	52410	P1-73-4	0	-
1225	310.774740	311.589844	G4	44	80	0	0	52410	P1-73-15	0	-
1226	310.779948	312.169271	Eb4	52	80	0	0	52410	P1-73-14	0	-
1227	311.384115	312.259115	Bb3	46	80	0	0	52530	P1-73-16	0	-
1228	311.915365	312.209635	G5	66	80	0	0	52620	P1-73-5	0	-
1229	312.070312	314.779948	F5	63	80	0	0	52650	P1-74-1	0	-
1230	312.115885	312.968750	F4	36	80	0	0	52650	P1-74-11	0	-
1231	312.115885	312.929688	D4	38	80	0	0	52650	P1-74-10	0	-
1232	312.723958	313.699219	Bb3	38	80	0	0	52770	P1-74-12	0	-
1233	313.356771	314.239583	Bb4	44	80	0	0	52890	P1-74-7	0	-
1234	313.393229	314.218750	F4	32	80	0	0	52890	P1-74-14	0	-
1235	313.403646	314.139323	D4	38	80	0	0	52890	P1-74-13	0	-
1236	314.022135	314.408854	Bb3	32	80	0	0	53010	P1-74-15	0	-
1237	314.500000	314.809896	D5	70	80	0	0	53100	P1-74-3	0	-
1238	314.687500	316.149740	Eb5	71	80	0	0	53130	P1-74-4	0	-
1239	314.722656	315.489583	Bb4	54	80	0	0	53130	P1-74-8	0	-
1240	315.333333	315.919271	Eb3	37	80	0	0	53250	P1-74-17	0	-
1241	315.354167	315.979167	G4	44	80	0	0	53250	P1-74-9	0	-
1242	315.852865	316.179688	C5	65	80	0	0	53340	P1-74-5	0	-
1243	316.053385	318.779948	Bb4	61	80	0	0	53370	P1-75-1	0	-
1244	316.097656	316.348958	F2	44	80	0	0	53370	P1-75-10	0	-
1245	316.735677	317.309896	D4	40	80	0	0	53490	P1-75-7	0	-
1246	316.753906	317.819010	F3	35	80	0	0	53490	P1-75-11	0	-
1247	317.382812	318.549479	F4	47	80	0	0	53610	P1-75-8	0	-
1248	317.406250	318.069010	D4	39	80	0	0	53610	P1-75-13	0	-
1249	317.417969	318.579427	Bb3	38	80	0	0	53610	P1-75-12	0	-
1250	318.052083	319.359375	F3	39	80	0	0	53730	P1-75-14	0	-
1251	318.554688	319.529948	A3	41	80	0	0	53850	P1-75-15	0	-
1252	318.638021	319.519531	C4	36	80	0	0	53850	P1-75-16	0	-
1253	318.722656	319.679688	F4	43	80	0	0	53850	P1-75-9	0	-
1254	318.727865	319.369792	D5	59	80	0	0	53850	P1-75-2	0	-
1255	319.046875	319.414062	C5	66	80	0	0	53910	P1-75-3	0	-
1256	319.367188	320.500000	F3	38	80	0	0	53970	P1-75-17	0	-
1257	319.368490	319.717448	Bb4	73	80	0	0	53970	P1-75-4	0	-
1258	319.667969	319.908854	C5	83	80	0	0	54030	P1-75-5	0	-
1259	320.127604	321.569010	C5	68	80	0	0	54090	P1-76-1	0	-
1260	320.190104	321.479167	F4	38	80	0	0	54090	P1-76-13	0	-
1261	320.204427	321.688802	Bb2	37	80	0	0	54090	P1-76-21	0	-
1262	320.223958	320.929688	A3	28	80	0	0	54090	P1-76-15	0	-
1263	320.891927	322.500000	F3	38	80	0	0	54210	P1-76-16	0	-
1264	321.433594	321.799479	C#5	47	80	0	0	54300	P1-76-2	0	-
1265	321.614583	323.579427	D5	49	80	0	0	54330	P1-76-3	0	-
1266	321.614583	323.329427	F4	32	80	0	0	54330	P1-76-3	0	-
1267	321.653646	323.449219	Bb3	26	80	0	0	54330	P1-76-17	0	-
1268	322.467448	323.459635	D3	51	80	0	0	54450	P1-76-18	0	-
1269	323.164062	324.089844	Eb3	55	80	0	0	54570	P1-76-19	0	-
1270	323.341146	323.385417	F4	70	80	0	0	54600	P1-76-6	0	-
1271	323.490885	323.533854	G4	77	80	0	0	54630	P1-76-7	0	-
1272	323.631510	323.675781	A4	76	80	0	0	54660	P1-76-8	0	-
1273	323.802083	323.838542	Bb4	71	80	0	0	54690	P1-76-9	0	-
1274	323.834635	324.613281	C3	55	80	0	0	54690	P1-76-20	0	-
1275	323.944010	323.994792	C5	80	80	0	0	54720	P1-76-10	0	-
1276	324.101562	324.143229	D5	71	80	0	0	54750	P1-76-11	0	-
1277	324.255208	324.325521	Eb5	78	80	0	0	54780	P1-76-12	0	-
1278	324.576823	327.429688	F5	63	80	0	0	54810	P1-77-1	0	-
1279	324.615885	325.019531	Bb2	35	80	0	0	54810	P1-77-9	0	-
1280	325.283854	326.329427	Bb3	36	80	0	0	54930	P1-77-10	0	-
1281	325.555990	325.949219	A4	42	80	0	0	54990	P1-77-7	0	-
1282	325.914062	329.809896	Bb4	46	80	0	0	55050	P1-77-8	0	-
1283	325.937500	326.750000	D4	34	80	0	0	55050	P1-77-11	0	-
1284	325.942708	327.199219	F4	38	80	0	0	55050	P1-77-12	0	-
1285	326.595052	327.759115	Bb3	36	80	0	0	55170	P1-77-13	0	-
1286	327.283854	327.589844	D5	50	80	0	0	55260	P1-77-3	0	-
1287	327.451823	329.158854	Bb5	63	80	0	0	55290	P1-77-4	0	-
1288	327.497396	328.489583	G4	30	80	0	0	55290	P1-77-15	0	-
1289	327.497396	328.989583	Eb4	36	80	0	0	55290	P1-77-14	0	-
1290	328.325521	329.279948	Bb3	27	80	0	0	55410	P1-77-16	0	-
1291	328.897135	329.169271	G5	49	80	0	0	55500	P1-77-5	0	-
1292	329.055990	331.779948	F5	54	80	0	0	55530	P1-78-1	0	-
1293	329.067708	330.039062	F4	37	80	0	0	55530	P1-78-12	0	-
1294	329.095052	329.919271	D4	31	80	0	0	55530	P1-78-11	0	-
1295	329.725260	330.848958	Bb3	33	80	0	0	55650	P1-78-13	0	-
1296	330.052083	330.468750	A4	34	80	0	0	55710	P1-78-7	0	-
1297	330.408854	331.419271	Bb4	33	80	0	0	55770	P1-78-8	0	-
1298	330.414062	331.438802	F4	30	80	0	0	55770	P1-78-15	0	-
1299	330.437500	331.239583	D4	33	80	0	0	55770	P1-78-14	0	-
1300	331.095052	331.688802	Bb3	32	80	0	0	55890	P1-78-16	0	-
1301	331.584635	332.009115	D5	61	80	0	0	55980	P1-78-3	0	-
1302	331.786458	332.569010	F5	68	80	0	0	56010	P1-78-4	0	-
1303	331.795573	332.869792	Bb4	52	80	0	0	56010	P1-78-9	0	-
1304	331.873698	333.079427	G3	33	80	0	0	56010	P1-78-17	0	-
1305	332.204427	333.329427	Eb5	67	80	0	0	56010	P1-78-4	0	-
1306	332.497396	333.378906	Eb3	37	80	0	0	56130	P1-78-18	0	-
1307	332.546875	333.359375	G4	43	80	0	0	56130	P1-78-10	0	-
1308	332.832031	333.389323	C5	65	80	0	0	56220	P1-78-5	0	-
1309	333.234375	335.259115	Bb4	64	80	0	0	56250	P1-79-1	0	-
1310	333.256510	333.699219	D4	43	80	0	0	56250	P1-79-3	0	-
1311	333.308594	335.529948	F3	36	80	0	0	56250	P1-79-14	0	-
1312	333.914062	334.289062	D4	50	80	0	0	56370	P1-79-5	0	-
1313	333.923177	334.908854	Bb3	45	80	0	0	56370	P1-79-4	0	-
1314	334.601562	335.479167	F4	72	80	0	0	56490	P1-79-7	0	-
1315	334.606771	335.049479	D4	62	80	0	0	56490	P1-79-6	0	-
1316	335.286458	336.309896	D4	64	80	0	0	56610	P1-79-9	0	-
1317	335.294271	335.938802	Bb3	61	80	0	0	56610	P1-79-8	0	-
1318	336.052083	338.739583	F4	82	80	0	0	56730	P1-79-2	0	-
1319	336.092448	337.378906	C4	64	80	0	0	56730	P1-79-11	0	-
1320	336.098958	336.649740	A3	59	80	0	0	56730	P1-79-10	0	-
1321	336.165365	337.669271	F1	43	80	0	0	56730	P1-79-15	0	-
1322	336.167969	337.500000	F2	40	80	0	0	56730	P1-79-16	0	-
1323	336.815104	337.688802	A3	66	80	0	0	56850	P1-79-13	0	-
1324	336.856771	338.149740	F3	28	80	0	0	56850	P1-79-12	0	-
1325	337.638021	338.378906	Bb3	35	80	0	0	56970	P1-80-2	0	-
1326	337.638021	338.489583	D4	39	80	0	0	56970	P1-80-3	0	-
1327	337.723958	338.158854	Bb2	30	80	0	0	57150	P1-80-10	0	-
1328	337.726562	338.199219	Bb1	31	80	0	0	57170	P1-80-11	0	-
1329	338.872396	338.934896	Bb2	44	80	0	0	57190	P1-80-12	0	-
1330	338.960938	339.329427	Bb1	38	80	0	0	57210	P1-80-13	0	-
1331	339.046875	339.149740	Bb2	44	80	0	0	57390	P1-80-15	0	-
1332	340.273438	340.332031	Bb2	44	80	0	0	57430	P1-80-17	0	-
1333	340.361979	340.729167	Bb1	44	80	0	0	57450	P1-80-18	0	-
1334	340.434896	340.511719	Bb2	50	80	0	0	57450	P1-80-18	0	-
1335	341.194010	341.739583	Bb3	53	80	0	0	57570	P1-80-7	0	-
1336	341.906250	343.369792	Bb3	54	80	0	0	57690	P1-81-1	0	-
1337	343.118490	343.239583	Bb2	49	80	0	0	57870	P1-81-6	0	-
1338	343.217448	344.669271	Bb1	43	80	0	0	57890	P1-81-7	0	-
1339	343.303385	343.729167	Bb2	47	80	0	0	57910	P1-81-8	0	-
1340	343.415365	345.479167	Cb4	54	80	0	0	57930	P1-81-2	0	-
1341	343.421875	346.389323	Ab3	47	80	0	0	57930	P1-81-18	0	-
1342	343.425781	347.459635	F3	36	80	0	0	57930	P1-81-17	0	-
1343	343.433594	345.049479	D3	38	80	0	0	57930	P1-81-16	0	-
1344	344.583333	344.739583	Bb2	46	80	0	0	58110	P1-81-11	0	-
1345	344.680990	344.819010	Bb1	32	80	0	0	58130	P1-81-12	0	-
1346	344.753906	345.009115	Bb2	43	80	0	0	58150	P1-81-13	0	-
1347	344.826823	345.039062	Bb1	44	80	0	0	58170	P1-81-14	0	-
1348	345.488281	346.199219	Cb4	69	80	0	0	58290	P1-81-3	0	-
1349	346.210938	349.329427	Cb4	77	80	0	0	58410	P1-82-1	0	-
1350	347.441406	347.598958	Bb2	57	80	0	0	58590	P1-82-9	0	-
1351	347.505208	348.269531	Bb1	61	80	0	0	58610	P1-82-10	0	-
1352	347.614583	348.000000	Bb2	56	80	0	0	58630	P1-82-11	0	-
1353	347.710938	349.559896	D4	75	80	0	0	58650	P1-82-5	0	-
1354	347.725260	349.289062	Ab3	54	80	0	0	58650	P1-82-3	0	-
1355	347.742188	349.199219	F3	55	80	0	0	58650	P1-82-2	0	-
1356	348.837240	348.979167	Bb2	58	80	0	0	58830	P1-82-14	0	-
1357	348.915365	349.059896	Bb1	60	80	0	0	58850	P1-82-15	0	-
1358	348.986979	349.158854	Bb2	65	80	0	0	58870	P1-82-16	0	-
1359	349.072917	349.126302	Bb1	76	80	0	0	58890	P1-82-17	0	-
1360	349.695312	350.199219	D4	84	80	0	0	59010	P1-82-6	0	-
1361	350.403646	351.779948	D4	88	80	0	0	59130	P1-83-1	0	-
1362	351.536458	351.688802	Bb2	65	80	0	0	59310	P1-83-12	0	-
1363	351.618490	352.039062	Bb1	65	80	0	0	59330	P1-83-13	0	-
1364	351.694010	352.039062	Bb2	68	80	0	0	59350	P1-83-14	0	-
1365	351.753906	352.949219	F4	92	80	0	0	59370	P1-83-5	0	-
1366	351.794271	352.899740	Ab3	69	80	0	0	59370	P1-83-2	0	-
1367	351.794271	352.929688	D4	61	80	0	0	59370	P1-83-4	0	-
1368	351.795573	352.829427	Cb4	72	80	0	0	59370	P1-83-3	0	-
1369	352.790365	352.938802	Bb2	64	80	0	0	59550	P1-83-17	0	-
1370	352.875000	353.378906	Bb1	67	80	0	0	59570	P1-83-18	0	-
1371	352.944010	353.279948	Bb2	76	80	0	0	59590	P1-83-19	0	-
1372	353.029948	354.718750	Ab4	92	80	0	0	59610	P1-83-9	0	-
1373	353.035156	354.649740	F4	82	80	0	0	59610	P1-83-8	0	-
1374	353.045573	354.750000	D4	70	80	0	0	59610	P1-83-7	0	-
1375	353.045573	354.250000	Cb4	77	80	0	0	59610	P1-83-6	0	-
1376	354.078125	354.141927	Bb2	77	80	0	0	59790	P1-83-22	0	-
1377	354.173177	354.399740	Bb1	70	80	0	0	59810	P1-83-23	0	-
1378	354.247396	354.304688	Bb2	83	80	0	0	59830	P1-83-24	0	-
1379	354.412760	354.500000	Bb1	72	80	0	0	59850	P1-84-10	0	-
1380	354.419271	357.079427	Cb5	96	80	0	0	59850	P1-84-1	0	-
1381	354.507812	354.729167	Bb1	68	80	0	0	59850	P1-84-10	0	-
1382	355.526042	355.613281	Ab3	61	80	0	0	60030	P1-84-12	0	-
1383	355.623698	355.848958	Bb2	66	80	0	0	60050	P1-84-13	0	-
1384	355.733073	355.889323	Ab3	48	80	0	0	60070	P1-84-14	0	-
1385	355.825521	357.319010	Ab4	59	80	0	0	60090	P1-84-7	0	-
1386	355.826823	356.929688	F4	54	80	0	0	60090	P1-84-6	0	-
1387	355.843750	356.878906	D4	50	80	0	0	60090	P1-84-5	0	-
1388	355.916667	356.031250	Bb2	50	80	0	0	60090	P1-84-15	0	-
1389	356.812500	356.884115	Ab3	46	80	0	0	60270	P1-84-17	0	-
1390	356.904948	357.149740	Bb2	49	80	0	0	60290	P1-84-18	0	-
1391	357.022135	357.459635	Ab3	43	80	0	0	60310	P1-84-19	0	-
1392	357.153646	357.979167	Bb4	79	80	0	0	60330	P1-84-2	0	-
1393	357.157552	358.085938	F4	60	80	0	0	60330	P1-84-9	0	-
1394	357.204427	358.098958	D4	42	80	0	0	60330	P1-84-8	0	-
1395	357.281250	357.848958	Bb2	49	80	0	0	60330	P1-84-20	0	-
1396	357.774740	358.789062	Ab4	70	80	0	0	60450	P1-84-3	0	-
1397	358.545573	360.319010	F#4	58	80	0	0	60570	P1-85-1	0	-
1398	359.826823	359.989583	Bb2	37	80	0	0	60750	P1-85-9	0	-
1399	359.919271	360.149740	Bb1	48	80	0	0	60770	P1-85-10	0	-
1400	360.003906	360.279948	Bb2	39	80	0	0	60790	P1-85-11	0	-
1401	360.101562	362.119792	G4	52	80	0	0	60810	P1-85-2	0	-
1402	360.111979	361.699219	Eb4	45	80	0	0	60810	P1-85-6	0	-
1403	360.154948	360.470052	Bb1	38	80	0	0	60810	P1-85-12	0	-
1404	361.222656	361.378906	Bb2	53	80	0	0	60990	P1-85-14	0	-
1405	361.309896	361.438802	Bb1	59	80	0	0	61010	P1-85-15	0	-
1406	361.386719	361.468750	Bb2	58	80	0	0	61030	P1-85-16	0	-
1407	361.447917	361.494792	Bb1	77	80	0	0	61050	P1-85-17	0	-
1408	362.093750	363.399740	Bb4	91	80	0	0	61170	P1-85-3	0	-
1409	362.876302	365.479167	Eb5	101	80	0	0	61290	P1-86-1	0	-
1410	363.983073	364.037760	Bb3	70	80	0	0	61470	P1-86-11	0	-
1411	364.078125	364.145833	Bb2	79	80	0	0	61490	P1-86-12	0	-
1412	364.154948	364.359375	Bb3	72	80	0	0	61510	P1-86-13	0	-
1413	364.240885	366.229167	A4	83	80	0	0	61530	P1-86-5	0	-
1414	364.247396	367.229167	Gb4	84	80	0	0	61530	P1-86-8	0	-
1415	364.253906	367.229167	Eb4	77	80	0	0	61530	P1-86-7	0	-
1416	364.256510	364.384115	Bb2	80	80	0	0	61530	P1-86-14	0	-
1417	365.342448	365.459635	Bb3	67	80	0	0	61710	P1-86-16	0	-
1418	365.424479	365.628906	Bb2	68	80	0	0	61730	P1-86-17	0	-
1419	365.510417	365.779948	Bb3	79	80	0	0	61750	P1-86-18	0	-
1420	365.606771	366.779948	C5	92	80	0	0	61770	P1-86-2	0	-
1421	365.634115	365.730469	Bb2	71	80	0	0	61770	P1-86-19	0	-
1422	366.238281	367.569010	A4	83	80	0	0	61890	P1-86-3	0	-
1423	367.003906	368.628906	C5	80	80	0	0	62010	P1-87-1	0	-
1424	368.226562	368.273438	Bb2	49	80	0	0	62190	P1-87-12	0	-
1425	368.320312	368.509115	Bb1	49	80	0	0	62210	P1-87-13	0	-
1426	368.403646	368.559896	Bb2	58	80	0	0	62230	P1-87-14	0	-
1427	368.484375	369.889323	F4	57	80	0	0	62250	P1-87-7	0	-
1428	368.484375	370.658854	Bb4	66	80	0	0	62250	P1-87-2	0	-
1429	368.514323	370.109375	D4	53	80	0	0	62250	P1-87-6	0	-
1430	368.518229	368.688802	Bb1	53	80	0	0	62250	P1-87-15	0	-
1431	369.584635	369.688802	Bb2	60	80	0	0	62430	P1-87-17	0	-
1432	369.684896	369.839844	Bb1	56	80	0	0	62450	P1-87-18	0	-
1433	369.776042	370.000000	Bb2	57	80	0	0	62470	P1-87-19	0	-
1434	369.852865	370.029948	Bb1	68	80	0	0	62490	P1-87-20	0	-
1435	369.897135	371.179688	Ab4	57	80	0	0	62490	P1-87-9	0	-
1436	369.898438	370.959635	F4	63	80	0	0	62490	P1-87-8	0	-
1437	370.515625	371.459635	D5	90	80	0	0	62610	P1-87-4	0	-
1438	371.329427	372.188802	F5	97	80	0	0	62730	P1-88-1	0	-
1439	372.009115	373.539062	Eb5	99	80	0	0	62850	P1-88-2	0	-
1440	372.421875	372.589844	Bb3	75	80	0	0	62910	P1-88-18	0	-
1441	372.514323	372.649740	Bb2	80	80	0	0	62950	P1-88-20	0	-
1442	372.598958	373.479167	Bb3	70	80	0	0	62950	P1-88-20	0	-
1443	372.666667	373.438802	Bb4	81	80	0	0	62970	P1-88-7	0	-
1444	372.697917	373.389323	Bb2	79	80	0	0	62970	P1-88-21	0	-
1445	372.704427	373.408854	G4	68	80	0	0	62970	P1-88-6	0	-
1446	373.355469	374.509115	A4	87	80	0	0	63090	P1-88-9	0	-
1447	373.365885	374.549479	Gb4	87	80	0	0	63090	P1-88-8	0	-
1448	373.768229	373.908854	Bb3	74	80	0	0	63150	P1-88-23	0	-
1449	373.864583	374.199219	Bb2	71	80	0	0	63190	P1-88-25	0	-
1450	373.944010	374.859375	Bb3	66	80	0	0	63190	P1-88-25	0	-
1451	374.083333	375.009115	C5	86	80	0	0	63210	P1-88-3	0	-
1452	374.152344	374.628906	Eb4	53	80	0	0	63330	P1-88-14	0	-
1453	374.208333	374.959635	Bb2	55	80	0	0	63390	P1-88-28	0	-
1454	374.852865	376.059896	A4	66	80	0	0	63330	P1-88-4	0	-
1455	374.885417	376.109375	Gb4	53	80	0	0	63330	P1-88-15	0	-
1456	374.901042	375.908854	Eb4	48	80	0	0	63330	P1-88-14	0	-
1457	374.902344	375.489583	C4	48	80	0	0	63330	P1-88-13	0	-
1458	375.364583	375.589844	Bb3	51	80	0	0	63390	P1-88-28	0	-
1459	375.497396	375.929688	Bb2	45	80	0	0	63430	P1-88-30	0	-
1460	375.600260	378.059896	Bb3	52	80	0	0	63430	P1-88-30	0	-
1461	375.902344	379.158854	Bb4	50	80	0	0	63450	P1-89-3	0	-
1462	375.915365	377.369792	F4	46	80	0	0	63450	P1-89-2	0	-
1463	375.920573	379.399740	D4	39	80	0	0	63450	P1-89-1	0	-
1464	376.014323	377.718750	Bb2	42	80	0	0	63450	P1-89-22	0	-
1465	376.014323	377.348958	D3	37	80	0	0	63450	P1-89-15	0	-
1466	377.302083	377.519531	Eb3	68	80	0	0	63660	P1-89-17	0	-
1467	377.304688	377.848958	C3	66	80	0	0	63660	P1-89-16	0	-
1468	377.493490	379.389323	F3	63	80	0	0	63690	P1-89-19	0	-
1469	377.497396	379.279948	D3	62	80	0	0	63690	P1-89-18	0	-
1470	379.175781	380.619792	Eb3	52	80	0	0	63930	P1-89-21	0	-
1471	379.184896	380.639323	C3	56	80	0	0	63930	P1-89-20	0	-
1472	379.373698	379.503906	F4	68	80	0	0	63960	P1-89-7	0	-
1473	379.537760	379.580729	E4	65	80	0	0	63990	P1-89-8	0	-
1474	379.694010	379.735677	F4	72	80	0	0	64020	P1-89-9	0	-
1475	379.861979	379.911458	G4	72	80	0	0	64050	P1-89-10	0	-
1476	379.994792	380.052083	A4	82	80	0	0	64080	P1-89-11	0	-
1477	380.135417	380.194010	Bb4	85	80	0	0	64110	P1-89-12	0	-
1478	380.285156	380.358073	C5	93	80	0	0	64140	P1-89-13	0	-
1479	380.506510	381.609375	D5	84	80	0	0	64170	P1-90-2	0	-
1480	380.562500	381.819010	Bb4	49	80	0	0	64170	P1-90-1	0	-
1481	380.563802	383.438802	F4	48	80	0	0	64170	P1-90-9	0	-
1482	380.601562	382.119792	Bb2	43	80	0	0	64170	P1-90-11	0	-
1483	380.625000	381.809896	D3	45	80	0	0	64170	P1-90-12	0	-
1484	381.787760	382.128906	Eb5	80	80	0	0	64380	P1-90-4	0	-
1485	381.790365	382.109375	C5	76	80	0	0	64380	P1-90-3	0	-
1486	381.953125	384.489583	F5	74	80	0	0	64410	P1-90-6	0	-
1487	381.994792	383.549479	D5	61	80	0	0	64410	P1-90-5	0	-
1488	383.764323	384.878906	F4	56	80	0	0	64650	P1-90-10	0	-
1489	383.764323	384.908854	Eb5	61	80	0	0	64650	P1-90-8	0	-
1490	383.769531	384.609375	C5	59	80	0	0	64650	P1-90-7	0	-
1491	383.933594	383.964844	F3	58	80	0	0	64680	P1-90-16	0	-
1492	384.104167	384.138021	E3	60	80	0	0	64710	P1-90-17	0	-
1493	384.243490	384.283854	F3	66	80	0	0	64740	P1-90-18	0	-
1494	384.404948	384.444010	G3	75	80	0	0	64770	P1-90-19	0	-
1495	384.554688	384.608073	A3	79	80	0	0	64800	P1-90-20	0	-
1496	384.713542	384.759115	Bb3	79	80	0	0	64830	P1-90-21	0	-
1497	384.861979	384.904948	C4	78	80	0	0	64860	P1-90-22	0	-
1498	385.093750	386.658854	D5	79	80	0	0	64890	P1-91-3	0	-
1499	385.105469	386.489583	F4	64	80	0	0	64890	P1-91-1	0	-
1500	385.108073	386.989583	Bb4	63	80	0	0	64890	P1-91-2	0	-
1501	385.119792	386.500000	D4	62	80	0	0	64890	P1-91-8	0	-
1502	385.125000	386.639323	Bb3	57	80	0	0	64890	P1-91-7	0	-
1503	386.471354	386.873698	Eb4	72	80	0	0	65100	P1-91-10	0	-
1504	386.473958	386.750000	C4	62	80	0	0	65100	P1-91-9	0	-
1505	386.678385	392.500000	F4	68	80	0	0	65130	P1-91-12	0	-
1506	386.680990	392.500000	D4	59	80	0	0	65130	P1-91-11	0	-
1507	388.441406	392.149740	Bb1	32	80	0	0	65370	P1-91-13	0	-
1508	388.446615	389.039062	Bb2	32	80	0	0	65370	P1-91-13	0	-
1509	390.632812	393.929688	A1	31	80	0	0	65610	P1-92-2	0	-
1510	395.114583	395.609375	C6	63	80	0	0	66330	P1-93-1	0	-
1511	395.584635	395.709635	D6	63	80	0	0	66420	P1-93-6	0	-
1512	395.664062	395.730469	C6	75	80	0	0	66430	P1-93-7	0	-
1513	395.752604	395.869792	B5	70	80	0	0	66440	P1-93-8	0	-
1514	395.834635	396.609375	C6	84	80	0	0	66450	P1-93-2	0	-
1515	396.559896	396.733073	D6	73	80	0	0	66540	P1-93-3	0	-
1516	396.700521	397.658854	Eb6	72	80	0	0	66570	P1-93-4	0	-
1517	398.406250	400.438802	Gb4	77	80	0	0	66810	P1-93-5	0	-
1518	398.485677	399.649740	C4	43	80	0	0	66810	P1-93-12	0	-
1519	398.486979	400.729167	Bb3	45	80	0	0	66810	P1-93-11	0	-
1520	398.489583	400.348958	Eb4	37	80	0	0	66810	P1-93-13	0	-
1521	400.765625	403.158854	F4	44	80	0	0	67050	P1-94-1	0	-
1522	400.825521	404.079427	C4	34	80	0	0	67050	P1-94-17	0	-
1523	400.828125	403.779948	A3	31	80	0	0	67050	P1-94-16	0	-
1524	403.024740	403.438802	G4	32	80	0	0	67530	P1-94-2	0	-
1525	403.317708	403.494792	F4	47	80	0	0	67547	P1-94-3	0	-
1526	403.519531	403.908854	E4	50	80	0	0	67564	P1-94-4	0	-
1527	403.674479	403.878906	F4	45	80	0	0	67581	P1-94-5	0	-
1528	403.816406	404.039062	G4	53	80	0	0	67598	P1-94-6	0	-
1529	403.979167	404.072917	A4	50	80	0	0	67615	P1-94-7	0	-
1530	404.101562	404.179688	Bb4	57	80	0	0	67632	P1-94-8	0	-
1531	404.223958	404.305990	C5	67	80	0	0	67649	P1-94-9	0	-
1532	404.334635	404.421875	D5	64	80	0	0	67666	P1-94-10	0	-
1533	404.420573	404.493490	Eb5	74	80	0	0	67683	P1-94-11	0	-
1534	404.532552	404.605469	F5	70	80	0	0	67700	P1-94-12	0	-
1535	404.604167	404.703125	G5	74	80	0	0	67717	P1-94-13	0	-
1536	404.684896	404.756510	A5	71	80	0	0	67734	P1-94-14	0	-
1537	404.736979	404.794271	Bb5	75	80	0	0	67751	P1-94-15	0	-
1538	404.855469	405.309896	C6	69	80	0	0	67770	P1-95-1	0	-
1539	405.302083	405.438802	D6	69	80	0	0	67860	P1-95-8	0	-
1540	405.378906	405.446615	C6	70	80	0	0	67870	P1-95-9	0	-
1541	405.460938	405.566406	B5	78	80	0	0	67880	P1-95-10	0	-
1542	405.557292	406.289062	C6	82	80	0	0	67890	P1-95-2	0	-
1543	406.225260	406.658854	D6	81	80	0	0	67980	P1-95-3	0	-
1544	406.385417	407.369792	Eb6	89	80	0	0	68010	P1-95-4	0	-
1545	407.897135	409.619792	Eb5	83	80	0	0	68250	P1-95-7	0	-
1546	407.903646	409.649740	C5	74	80	0	0	68250	P1-95-6	0	-
1547	407.972656	408.709635	C4	45	80	0	0	68250	P1-95-15	0	-
1548	407.973958	409.579427	A4	42	80	0	0	68250	P1-95-5	0	-
1549	407.975260	408.718750	Eb4	45	80	0	0	68250	P1-95-16	0	-
1550	407.986979	409.449219	F#3	42	80	0	0	68250	P1-95-14	0	-
1551	409.528646	410.769531	D5	46	80	0	0	68490	P1-96-2	0	-
1552	409.533854	410.559896	Bb4	40	80	0	0	68490	P1-96-1	0	-
1553	409.563802	410.144531	D4	22	80	0	0	68490	P1-96-13	0	-
1554	409.593750	410.679688	Bb3	26	80	0	0	68490	P1-96-12	0	-
1555	409.600260	410.153646	G3	26	80	0	0	68490	P1-96-11	0	-
1556	411.576823	415.429688	G5	103	80	0	0	68730	P1-96-4	0	-
1557	412.298177	412.402344	Db4	98	80	0	0	68850	P1-96-18	0	-
1558	412.302083	412.408854	E3	93	80	0	0	68850	P1-96-16	0	-
1559	412.302083	412.404948	Bb3	91	80	0	0	68850	P1-96-17	0	-
1560	413.045573	413.134115	G4	92	80	0	0	68970	P1-96-7	0	-
1561	413.046875	413.182292	Db5	88	80	0	0	68970	P1-96-9	0	-
1562	413.046875	413.164062	Bb4	89	80	0	0	68970	P1-96-8	0	-
1563	415.307292	416.934896	F5	72	80	0	0	69210	P1-97-1	0	-
1564	416.024740	416.320312	Bb3	31	80	0	0	69330	P1-97-14	0	-
1565	416.024740	416.265625	D4	25	80	0	0	69330	P1-97-15	0	-
1566	416.026042	416.315104	F3	26	80	0	0	69330	P1-97-13	0	-
1567	416.684896	416.933594	D5	48	80	0	0	69450	P1-97-6	0	-
1568	416.696615	416.944010	Bb4	33	80	0	0	69450	P1-97-5	0	-
1569	416.704427	416.936198	F4	29	80	0	0	69450	P1-97-4	0	-
1570	417.382812	417.569010	F1	28	80	0	0	69570	P1-97-17	0	-
1571	418.113281	419.209635	A4	43	80	0	0	69690	P1-97-10	0	-
1572	418.157552	419.718750	Eb4	28	80	0	0	69690	P1-97-9	0	-
1573	418.162760	419.079427	C4	30	80	0	0	69690	P1-97-8	0	-
1574	418.828125	419.519531	F2	34	80	0	0	69810	P1-97-20	0	-
1575	418.832031	419.319010	F3	31	80	0	0	69810	P1-97-21	0	-
1576	419.658854	420.209635	Bb4	42	80	0	0	69930	P1-98-3	0	-
1577	419.664062	420.029948	D4	36	80	0	0	69930	P1-98-2	0	-
1578	419.680990	420.039062	Bb3	31	80	0	0	69930	P1-98-1	0	-
1579	419.747396	420.029948	Bb2	20	80	0	0	69930	P1-98-15	0	-
1580	419.751302	419.933594	Bb1	19	80	0	0	69930	P1-98-14	0	-
1581	420.515625	421.500000	F5	62	80	0	0	70050	P1-98-5	0	-
1582	420.545573	422.009115	Bb2	26	80	0	0	70050	P1-98-4	0	-
1583	420.555990	421.929688	F4	26	80	0	0	70050	P1-98-4	0	-
1584	421.217448	422.429688	D5	69	80	0	0	70170	P1-98-7	0	-
1585	421.274740	421.968750	D4	25	80	0	0	70170	P1-98-6	0	-
1586	421.891927	422.750000	Cb5	68	80	0	0	70290	P1-98-9	0	-
1587	421.936198	422.609375	Cb4	46	80	0	0	70290	P1-98-8	0	-
1588	422.583333	423.419271	Bb4	76	80	0	0	70410	P1-98-11	0	-
1589	422.623698	423.419271	Bb3	51	80	0	0	70410	P1-98-10	0	-
1590	423.257812	423.839844	Ab4	82	80	0	0	70530	P1-98-13	0	-
1591	423.274740	423.479167	Ab3	60	80	0	0	70530	P1-98-12	0	-
1592	423.963542	425.259115	G4	79	80	0	0	70650	P1-99-2	0	-
1593	423.994792	424.449219	G3	49	80	0	0	70650	P1-99-1	0	-
1594	424.072917	424.500000	Bb2	38	80	0	0	70650	P1-99-16	0	-
1595	424.074219	424.468750	Bb1	43	80	0	0	70650	P1-99-15	0	-
1596	424.783854	425.628906	Bb4	73	80	0	0	70770	P1-99-4	0	-
1597	424.838542	426.229167	Bb3	45	80	0	0	70770	P1-99-3	0	-
1598	425.459635	427.079427	Eb4	79	80	0	0	70890	P1-99-6	0	-
1599	425.484375	427.378906	Eb3	52	80	0	0	70890	P1-99-5	0	-
1600	426.121094	427.479167	G4	79	80	0	0	71010	P1-99-8	0	-
1601	426.136719	427.669271	G3	48	80	0	0	71010	P1-99-7	0	-
1602	426.822917	428.399740	C4	68	80	0	0	71130	P1-99-10	0	-
1603	426.833333	426.989583	C3	45	80	0	0	71130	P1-99-9	0	-
1604	427.001302	428.539062	C3	35	80	0	0	71130	P1-99-9	0	-
1605	427.602865	428.619792	F4	65	80	0	0	71250	P1-99-12	0	-
1606	427.644531	428.609375	F3	44	80	0	0	71250	P1-99-11	0	-
1607	427.973958	428.658854	Eb4	66	80	0	0	71310	P1-99-14	0	-
1608	427.977865	428.639323	Eb3	55	80	0	0	71310	P1-99-13	0	-
1609	428.506510	429.829427	D4	49	80	0	0	71370	P1-100-1	0	-
1610	428.515625	430.289062	D3	38	80	0	0	71370	P1-100-5	0	-
1611	428.598958	432.500000	Bb2	29	80	0	0	71370	P1-100-19	0	-
1612	429.466146	430.628906	F4	47	80	0	0	71490	P1-100-6	0	-
1613	430.214844	431.819010	D4	61	80	0	0	71610	P1-100-7	0	-
1614	430.864583	431.848958	Cb4	61	80	0	0	71730	P1-100-8	0	-
1615	430.988281	432.279948	D5	73	80	0	0	71730	P1-100-3	0	-
1616	431.641927	432.889323	Bb3	71	80	0	0	71850	P1-100-9	0	-
1617	432.294271	433.319010	Ab3	54	80	0	0	71970	P1-100-10	0	-
1618	432.398438	432.533854	D5	58	80	0	0	71985	P1-100-12	0	-
1619	432.554688	432.631510	Eb5	58	80	0	0	72000	P1-100-13	0	-
1620	432.673177	432.723958	D5	59	80	0	0	72015	P1-100-14	0	-
1621	432.752604	432.794271	Eb5	67	80	0	0	72030	P1-100-15	0	-
1622	432.819010	432.873698	D5	75	80	0	0	72045	P1-100-16	0	-
1623	432.881510	433.019531	Eb5	78	80	0	0	72060	P1-100-17	0	-
1624	432.975260	433.188802	D5	72	80	0	0	72075	P1-100-18	0	-
1625	433.180990	434.098958	F5	72	80	0	0	72090	P1-101-1	0	-
1626	433.242188	435.049479	G3	59	80	0	0	72090	P1-101-16	0	-
1627	433.289062	436.289062	Bb2	37	80	0	0	72090	P1-101-15	0	-
1628	433.992188	435.158854	Eb5	53	80	0	0	72210	P1-101-2	0	-
1629	434.026042	435.449219	Bb3	60	80	0	0	72210	P1-101-17	0	-
1630	434.727865	436.938802	Eb3	66	80	0	0	72330	P1-101-18	0	-
1631	435.430990	436.669271	Eb5	65	80	0	0	72450	P1-101-4	0	-
1632	435.459635	436.878906	G3	65	80	0	0	72450	P1-101-19	0	-
1633	436.183594	437.839844	C3	70	80	0	0	72570	P1-101-20	0	-
1634	436.835938	437.968750	F3	58	80	0	0	72690	P1-101-21	0	-
1635	436.966146	437.093750	A4	45	80	0	0	72705	P1-101-8	0	-
1636	437.122396	437.208333	Bb4	53	80	0	0	72720	P1-101-9	0	-
1637	437.243490	437.300781	A4	52	80	0	0	72735	P1-101-10	0	-
1638	437.332031	437.408854	Bb4	64	80	0	0	72750	P1-101-11	0	-
1639	437.335938	438.209635	Eb3	50	80	0	0	72750	P1-101-22	0	-
1640	437.403646	437.458333	A4	66	80	0	0	72765	P1-101-12	0	-
1641	437.486979	437.535156	Bb4	71	80	0	0	72780	P1-101-13	0	-
1642	437.554688	437.605469	A4	69	80	0	0	72780	P1-101-5	0	-
1643	437.634115	437.686198	Bb4	66	80	0	0	72780	P1-101-13	0	-
1644	437.696615	438.000000	A4	63	80	0	0	72795	P1-101-14	0	-
1645	437.812500	439.218750	Bb4	56	80	0	0	72795	P1-101-5	0	-
1646	437.858073	439.489583	Bb2	43	80	0	0	72810	P1-102-22	0	-
1647	437.863281	439.179688	D3	43	80	0	0	72810	P1-102-13	0	-
1648	438.712240	439.729167	F3	56	80	0	0	72930	P1-102-14	0	-
1649	439.052083	439.688802	A4	63	80	0	0	72990	P1-102-3	0	-
1650	439.113281	440.519531	Eb3	55	80	0	0	72990	P1-102-15	0	-
1651	439.434896	439.449219	Eb4	30	80	0	0	72990	P1-102-15	0	-
1652	439.528646	440.908854	Bb4	62	80	0	0	73050	P1-102-4	0	-
1653	439.621094	441.158854	Bb2	43	80	0	0	73050	P1-102-23	0	-
1654	439.621094	440.639323	D3	39	80	0	0	73050	P1-102-16	0	-
1655	440.371094	441.419271	F3	50	80	0	0	73170	P1-102-17	0	-
1656	440.783854	441.539062	C5	71	80	0	0	73230	P1-102-7	0	-
1657	440.828125	441.438802	A4	43	80	0	0	73230	P1-102-6	0	-
1658	440.830729	441.769531	Eb3	41	80	0	0	73230	P1-102-18	0	-
1659	441.321615	442.809896	D5	54	80	0	0	73290	P1-102-9	0	-
1660	441.333333	442.908854	Bb4	47	80	0	0	73290	P1-102-8	0	-
1661	441.375000	443.389323	Bb2	27	80	0	0	73290	P1-102-24	0	-
1662	441.385417	442.399740	D3	26	80	0	0	73290	P1-102-19	0	-
1663	442.251302	443.109375	F3	37	80	0	0	73410	P1-102-20	0	-
1664	442.819010	443.789062	A5	61	80	0	0	73470	P1-102-12	0	-
1665	442.851562	443.209635	C5	39	80	0	0	73470	P1-102-11	0	-
1666	442.854167	443.819010	Eb3	33	80	0	0	73470	P1-102-21	0	-
1667	443.518229	445.929688	Bb5	51	80	0	0	73530	P1-103-2	0	-
1668	443.554688	445.750000	D5	41	80	0	0	73530	P1-103-1	0	-
1669	443.593750	445.799479	Bb2	29	80	0	0	73530	P1-103-8	0	-
1670	443.595052	445.679688	D3	26	80	0	0	73530	P1-103-9	0	-
1671	445.182292	447.250000	D6	71	80	0	0	73650	P1-103-3	0	-
1672	447.013021	447.319010	C6	73	80	0	0	73740	P1-103-4	0	-
1673	447.425781	450.378906	C6	68	80	0	0	73770	P1-103-5	0	-
1674	451.375000	455.859375	Bb5	44	80	0	0	74010	P1-103-6	0	-
1675	453.773438	456.709635	Bb1	16	80	0	0	74130	P1-103-13	0	-
