//Version: ScorePerfmMatch_v170503
// Score: /Users/toddywang/Documents/VsCodeProjects/xmltoexp/ATEPP-1.2/ATEPP-1.2/Ludwig_van_Beethoven/Piano_Sonata_No._17_in_D_Minor,_Op._31_No._2_"Tempest"/II._Adagio/score_hmm.txt
// Perfm: /Users/toddywang/Documents/VsCodeProjects/xmltoexp/ATEPP-1.2/ATEPP-1.2/Ludwig_van_Beethoven/Piano_Sonata_No._17_in_D_Minor,_Op._31_No._2_"Tempest"/II._Adagio/08366_spr.txt
0	0.994792	5.188802	Bb1	53	80	0	0	0	P1-1-4	0	0
1	1.213542	5.348958	F2	52	80	0	0	0	P1-1-5	0	-
2	1.346354	4.739583	Bb2	59	80	0	0	0	P1-1-6	0	-
3	1.451823	4.059896	D3	46	80	0	0	0	P1-1-7	0	-
4	1.562500	4.188802	F3	52	80	0	0	0	P1-1-8	0	-
5	1.703125	2.489583	Bb3	63	80	0	0	0	P1-1-9	0	-
6	6.128906	7.549479	D5	66	80	0	0	720	P1-2-1	0	-
7	7.406250	7.680990	Eb5	66	80	0	0	930	P1-2-2	0	-
8	7.595052	8.239583	F5	73	80	0	0	960	P1-2-3	0	-
9	9.122396	10.279948	Bb3	65	80	0	0	1200	P1-2-6	0	-
10	9.134115	10.029948	D3	46	80	0	0	1200	P1-2-4	0	-
11	9.141927	9.149740	F3	46	80	0	0	1200	P1-2-5	0	-
12	9.166667	10.169271	F2	39	80	0	0	1200	P1-2-10	0	-
13	9.169271	9.959635	Bb2	38	80	0	0	1200	P1-2-11	0	-
14	9.171875	10.259115	Bb1	40	80	0	0	1200	P1-2-9	0	-
15	11.006510	13.188802	A3	54	80	0	0	1440	P1-3-3	0	-
16	11.022135	13.989583	C3	46	80	0	0	1440	P1-3-6	0	-
17	11.023438	13.688802	F3	48	80	0	0	1440	P1-3-2	0	-
18	11.024740	14.139323	Eb3	43	80	0	0	1440	P1-3-1	0	-
19	11.028646	15.359375	F2	43	80	0	0	1440	P1-3-5	0	-
20	11.031250	15.348958	C2	40	80	0	0	1440	P1-3-4	0	-
21	15.298177	16.639323	A5	78	80	0	0	2160	P1-4-1	0	-
22	16.627604	16.845052	Bb5	77	80	0	0	2370	P1-4-2	0	-
23	16.825521	17.199219	C6	70	80	0	0	2400	P1-4-3	0	-
24	18.325521	20.348958	Eb4	66	80	0	0	2640	P1-4-5	0	-
25	18.334635	18.989583	C4	48	80	0	0	2640	P1-4-4	0	-
26	18.364583	19.408854	F3	42	80	0	0	2640	P1-4-9	0	-
27	18.373698	18.378906	A1	44	80	0	0	2640	P1-4-8	0	-
28	18.376302	20.269531	A2	45	80	0	0	2640	P1-4-8	0	-
29	20.145833	22.309896	D4	47	80	0	0	2880	P1-5-2	0	-
30	20.164062	24.779948	Bb3	41	80	0	0	2880	P1-5-1	0	-
31	20.187500	24.399740	F3	30	80	0	0	2880	P1-5-14	0	-
32	20.190104	24.188802	Bb2	35	80	0	0	2880	P1-5-13	0	-
33	22.993490	23.299479	D4	38	80	0	0	3360	P1-5-3	0	-
34	23.147135	23.261719	F4	40	80	0	0	3390	P1-5-4	0	-
35	23.295573	23.378906	Eb4	43	80	0	0	3420	P1-5-5	0	-
36	23.375000	24.039062	D4	55	80	0	0	3450	P1-5-6	0	-
37	23.472656	23.514323	Eb4	52	80	0	0	3480	P1-5-7	0	-
38	23.531250	23.604167	F4	63	80	0	0	3510	P1-5-8	0	-
39	23.627604	23.679688	G4	62	80	0	0	3540	P1-5-9	0	-
40	23.703125	23.779948	A4	66	80	0	0	3570	P1-5-10	0	-
41	23.795573	23.919271	Bb4	70	80	0	0	3600	P1-5-11	0	-
42	23.872396	24.005208	C5	76	80	0	0	3630	P1-5-12	0	-
43	23.986979	25.438802	D5	84	80	0	0	3690	P1-6-1	0	-
44	25.320312	25.490885	Eb5	79	80	0	0	3900	P1-6-2	0	-
45	25.502604	26.809896	F5	91	80	0	0	3930	P1-6-3	0	-
46	26.988281	29.209635	F5	90	80	0	0	4170	P1-6-4	0	-
47	27.016927	28.979167	B3	61	80	0	0	4170	P1-6-8	0	-
48	27.019531	28.829427	Ab4	65	80	0	0	4170	P1-6-5	0	-
49	27.024740	27.929688	D3	50	80	0	0	4170	P1-6-9	0	-
50	29.223958	31.039062	F5	62	80	0	0	4410	P1-7-1	0	-
51	29.261719	31.329427	Eb3	30	80	0	0	4410	P1-7-15	0	-
52	29.268229	31.579427	G4	31	80	0	0	4410	P1-7-6	0	-
53	29.268229	30.839844	B3	30	80	0	0	4410	P1-7-10	0	-
54	30.875000	31.329427	Eb5	49	80	0	0	4650	P1-7-2	0	-
55	30.904948	31.369792	C4	29	80	0	0	4650	P1-7-11	0	-
56	31.622396	32.299479	D5	61	80	0	0	4770	P1-7-3	0	-
57	31.636719	32.049479	Bb4	46	80	0	0	4770	P1-7-7	0	-
58	31.654948	32.000000	D4	38	80	0	0	4770	P1-7-12	0	-
59	31.654948	31.904948	F3	34	80	0	0	4770	P1-7-16	0	-
60	31.654948	31.669271	Bb2	33	80	0	0	4770	P1-7-16	0	-
61	32.375000	32.799479	C5	66	80	0	0	4890	P1-7-4	0	-
62	32.406250	32.878906	Bb4	53	80	0	0	4890	P1-7-8	0	-
63	32.414062	32.819010	Eb4	45	80	0	0	4890	P1-7-13	0	-
64	32.415365	32.968750	G3	45	80	0	0	4890	P1-7-17	0	-
65	33.173177	33.769531	C5	70	80	0	0	5010	P1-7-5	0	-
66	33.183594	33.938802	Bb4	70	80	0	0	5010	P1-7-9	0	-
67	33.213542	33.649740	E4	57	80	0	0	5010	P1-7-14	0	-
68	33.216146	33.968750	G3	47	80	0	0	5010	P1-7-18	0	-
69	34.292969	34.575521	C5	70	80	0	0	5130	P1-8-1	0	-
70	34.294271	38.199219	F3	52	80	0	0	5130	P1-8-23	0	-
71	34.295573	36.139323	E4	57	80	0	0	5130	P1-8-19	0	-
72	34.313802	36.348958	Bb4	64	80	0	0	5130	P1-8-9	0	-
73	34.606771	34.651042	D5	59	80	0	0	5145	P1-8-1	0	-
74	34.734375	34.789062	C5	52	80	0	0	5160	P1-8-1	0	-
75	34.772135	34.805990	D5	65	80	0	0	5160	P1-8-13	0	-
76	34.833333	34.885417	C5	64	80	0	0	5160	P1-8-1	0	-
77	34.911458	34.963542	D5	70	80	0	0	5160	P1-8-13	0	-
78	35.005208	35.098958	C5	51	80	0	0	5175	P1-8-14	0	-
79	35.062500	35.097656	D5	61	80	0	0	5190	P1-8-15	0	-
80	35.110677	35.188802	C5	56	80	0	0	5205	P1-8-16	0	-
81	35.195312	35.359375	D5	71	80	0	0	5220	P1-8-1	0	-
82	35.246094	35.334635	C5	68	80	0	0	5235	P1-8-18	0	-
83	35.386719	35.529948	B4	51	80	0	0	5250	P1-8-2	0	-
84	35.471354	35.779948	C5	56	80	0	0	5250	P1-8-3	0	-
85	35.666667	36.019531	D5	48	80	0	0	5250	P1-8-4	0	-
86	36.143229	36.430990	C5	50	80	0	0	5310	P1-8-5	0	-
87	36.832031	38.209635	C5	38	80	0	0	5370	P1-8-6	0	-
88	36.854167	38.250000	A4	27	80	0	0	5370	P1-8-10	0	-
89	36.865885	38.229167	F4	23	80	0	0	5370	P1-8-20	0	-
90	39.611979	40.022135	F3	50	80	0	0	5670	P1-8-26	0	-
91	39.990885	40.434896	G3	62	80	0	0	5730	P1-8-28	0	-
92	40.000000	40.436198	Eb3	52	80	0	0	5730	P1-8-27	0	-
93	40.365885	41.179688	A3	73	80	0	0	5790	P1-8-30	0	-
94	40.369792	41.109375	C3	59	80	0	0	5790	P1-8-29	0	-
95	41.045573	43.709635	Bb3	70	80	0	0	5850	P1-9-1	0	-
96	41.053385	42.908854	D3	65	80	0	0	5850	P1-9-3	0	-
97	41.061198	45.339844	Bb2	61	80	0	0	5850	P1-9-2	0	-
98	41.070312	45.209635	Bb1	54	80	0	0	5850	P1-9-10	0	-
99	42.888021	43.128906	Eb3	67	80	0	0	6060	P1-9-5	0	-
100	42.890625	43.119792	C3	63	80	0	0	6060	P1-9-4	0	-
101	43.063802	43.869792	F3	72	80	0	0	6090	P1-9-7	0	-
102	43.088542	43.938802	D3	58	80	0	0	6090	P1-9-6	0	-
103	44.635417	45.348958	F3	75	80	0	0	6330	P1-9-9	0	-
104	44.656250	45.509115	D3	57	80	0	0	6330	P1-9-8	0	-
105	46.472656	47.139323	D5	70	80	0	0	6570	P1-10-1	0	-
106	46.503906	48.839844	F3	47	80	0	0	6570	P1-10-13	0	-
107	46.515625	48.819010	Bb2	42	80	0	0	6570	P1-10-11	0	-
108	46.516927	48.839844	D3	40	80	0	0	6570	P1-10-12	0	-
109	47.110677	47.269531	Eb5	65	80	0	0	6660	P1-10-8	0	-
110	47.188802	47.265625	D5	61	80	0	0	6670	P1-10-9	0	-
111	47.296875	47.411458	C5	66	80	0	0	6680	P1-10-10	0	-
112	47.397135	48.250000	D5	79	80	0	0	6690	P1-10-2	0	-
113	48.003906	48.174479	Eb5	78	80	0	0	6780	P1-10-3	0	-
114	48.175781	48.809896	F5	67	80	0	0	6810	P1-10-4	0	-
115	49.735677	51.000000	Bb3	72	80	0	0	7050	P1-10-7	0	-
116	49.744792	50.889323	F3	66	80	0	0	7050	P1-10-6	0	-
117	49.752604	50.869792	Bb2	65	80	0	0	7050	P1-10-15	0	-
118	49.759115	50.899740	D3	60	80	0	0	7050	P1-10-5	0	-
119	49.764323	51.079427	Bb1	57	80	0	0	7050	P1-10-14	0	-
120	51.566406	53.279948	Eb3	65	80	0	0	7290	P1-11-3	0	-
121	51.569010	55.589844	A3	62	80	0	0	7290	P1-11-1	0	-
122	51.574219	53.968750	C3	68	80	0	0	7290	P1-11-2	0	-
123	51.575521	55.468750	F2	64	80	0	0	7290	P1-11-11	0	-
124	51.584635	55.908854	F1	63	80	0	0	7290	P1-11-10	0	-
125	53.154948	53.408854	F3	77	80	0	0	7500	P1-11-5	0	-
126	53.174479	53.408854	D3	59	80	0	0	7500	P1-11-4	0	-
127	53.347656	54.848958	Gb3	73	80	0	0	7530	P1-11-7	0	-
128	53.354167	55.019531	Eb3	67	80	0	0	7530	P1-11-6	0	-
129	55.029948	55.759115	Gb3	79	80	0	0	7770	P1-11-9	0	-
130	55.033854	55.699219	Eb3	73	80	0	0	7770	P1-11-8	0	-
131	56.885417	57.628906	C6	84	80	0	0	8010	P1-12-1	0	-
132	56.923177	59.209635	Gb3	55	80	0	0	8010	P1-12-12	0	-
133	56.927083	57.188802	F#2	55	80	0	0	8010	P1-12-10	0	-
134	56.932292	59.218750	Eb3	62	80	0	0	8010	P1-12-11	0	-
135	56.934896	59.289062	F2	54	80	0	0	8010	P1-12-10	0	-
136	57.550781	57.673177	D6	80	80	0	0	8100	P1-12-7	0	-
137	57.636719	57.799479	C6	63	80	0	0	8110	P1-12-8	0	-
138	57.723958	57.822917	B5	86	80	0	0	8120	P1-12-9	0	-
139	57.812500	58.559896	C6	76	80	0	0	8130	P1-12-2	0	-
140	58.334635	58.541667	D6	91	80	0	0	8220	P1-12-3	0	-
141	58.509115	59.359375	Eb6	92	80	0	0	8250	P1-12-4	0	-
142	60.024740	61.569010	Gb4	90	80	0	0	8490	P1-12-6	0	-
143	60.045573	61.259115	Eb4	71	80	0	0	8490	P1-12-5	0	-
144	60.055990	60.619792	C4	59	80	0	0	8490	P1-12-15	0	-
145	60.061198	61.339844	Bb3	63	80	0	0	8490	P1-12-14	0	-
146	61.882812	63.819010	F4	74	80	0	0	8730	P1-13-1	0	-
147	61.888021	63.459635	Eb4	74	80	0	0	8730	P1-13-2	0	-
148	61.893229	63.449219	A3	72	80	0	0	8730	P1-13-6	0	-
149	61.898438	63.218750	C4	70	80	0	0	8730	P1-13-7	0	-
150	63.399740	63.718750	D4	80	80	0	0	8940	P1-13-9	0	-
151	63.399740	63.709635	B3	74	80	0	0	8940	P1-13-8	0	-
152	63.554688	64.729167	Eb4	79	80	0	0	8970	P1-13-11	0	-
153	63.557292	64.699219	C4	68	80	0	0	8970	P1-13-10	0	-
154	65.128906	66.128906	Eb4	81	80	0	0	9210	P1-13-13	0	-
155	65.132812	66.149740	C4	66	80	0	0	9210	P1-13-12	0	-
156	66.666667	67.438802	C6	88	80	0	0	9450	P1-14-1	0	-
157	66.697917	69.218750	Eb4	63	80	0	0	9450	P1-14-10	0	-
158	66.705729	68.369792	C4	57	80	0	0	9450	P1-14-12	0	-
159	66.705729	69.799479	F3	58	80	0	0	9450	P1-14-15	0	-
160	67.419271	67.609375	D6	82	80	0	0	9540	P1-14-7	0	-
161	67.505208	67.602865	C6	71	80	0	0	9550	P1-14-8	0	-
162	67.595052	67.712240	B5	84	80	0	0	9560	P1-14-9	0	-
163	67.691406	68.359375	C6	84	80	0	0	9570	P1-14-2	0	-
164	68.213542	68.809896	D6	95	80	0	0	9660	P1-14-3	0	-
165	68.384115	69.089844	Eb6	94	80	0	0	9690	P1-14-4	0	-
166	68.436198	69.419271	A3	49	80	0	0	9690	P1-14-13	0	-
167	69.937500	71.628906	Eb5	92	80	0	0	9930	P1-14-6	0	-
168	69.973958	71.419271	A4	54	80	0	0	9930	P1-14-5	0	-
169	69.975260	71.149740	F#3	57	80	0	0	9930	P1-14-16	0	-
170	69.975260	70.968750	Eb4	68	80	0	0	9930	P1-14-11	0	-
171	69.975260	70.799479	C4	57	80	0	0	9930	P1-14-14	0	-
172	71.592448	72.359375	D5	67	80	0	0	10170	P1-15-2	0	-
173	71.602865	72.199219	Bb4	55	80	0	0	10170	P1-15-1	0	-
174	71.619792	72.149740	D4	41	80	0	0	10170	P1-15-12	0	-
175	71.622396	72.188802	Bb3	47	80	0	0	10170	P1-15-11	0	-
176	71.636719	72.229167	G3	43	80	0	0	10170	P1-15-10	0	-
177	73.195312	77.279948	G5	101	80	0	0	10410	P1-15-4	0	-
178	74.688802	74.989583	Db4	71	80	0	0	10650	P1-15-17	0	-
179	74.692708	74.989583	Db5	71	80	0	0	10650	P1-15-8	0	-
180	74.692708	74.968750	Bb3	71	80	0	0	10650	P1-15-16	0	-
181	74.692708	74.959635	G4	66	80	0	0	10650	P1-15-6	0	-
182	74.694010	74.869792	E3	68	80	0	0	10650	P1-15-15	0	-
183	77.005208	78.779948	F5	58	80	0	0	10890	P1-16-1	0	-
184	78.486979	78.746094	D5	43	80	0	0	11130	P1-16-6	0	-
185	78.490885	78.746094	D4	37	80	0	0	11130	P1-16-15	0	-
186	78.490885	78.761719	Bb3	31	80	0	0	11130	P1-16-14	0	-
187	78.494792	78.789062	Bb4	34	80	0	0	11130	P1-16-5	0	-
188	78.494792	78.753906	F3	29	80	0	0	11130	P1-16-13	0	-
189	78.502604	78.509115	Bb2	29	80	0	0	11130	P1-16-14	0	-
190	79.953125	80.231771	Eb4	37	80	0	0	11370	P1-16-9	0	-
191	79.964844	80.234375	A4	34	80	0	0	11370	P1-16-10	0	-
192	79.964844	80.225260	C4	32	80	0	0	11370	P1-16-8	0	-
193	79.975260	80.269531	F3	31	80	0	0	11370	P1-16-18	0	-
194	79.976562	80.234375	F2	37	80	0	0	11370	P1-16-17	0	-
195	81.484375	81.688802	Bb4	53	80	0	0	11610	P1-17-3	0	-
196	81.493490	81.639323	D4	42	80	0	0	11610	P1-17-2	0	-
197	81.494792	81.658854	Bb3	45	80	0	0	11610	P1-17-1	0	-
198	81.505208	81.649740	Bb2	41	80	0	0	11610	P1-17-8	0	-
199	81.510417	81.628906	Bb1	41	80	0	0	11610	P1-17-7	0	-
200	82.734375	82.848958	Bb2	47	80	0	0	11790	P1-17-10	0	-
201	82.824219	82.888021	Bb1	58	80	0	0	11810	P1-17-11	0	-
202	82.894531	83.049479	Bb2	49	80	0	0	11830	P1-17-12	0	-
203	83.001302	83.046875	Bb1	60	80	0	0	11850	P1-17-13	0	-
204	84.109375	84.170573	Bb2	48	80	0	0	12030	P1-17-15	0	-
205	84.191406	84.270833	Bb1	62	80	0	0	12050	P1-17-16	0	-
206	84.272135	84.408854	Bb2	60	80	0	0	12070	P1-17-17	0	-
207	84.373698	84.459635	Bb1	72	80	0	0	12090	P1-17-18	0	-
208	85.673177	85.725260	Bb2	51	80	0	0	12270	P1-17-20	0	-
209	85.768229	85.889323	Bb1	55	80	0	0	12290	P1-17-21	0	-
210	85.846354	85.904948	Bb2	60	80	0	0	12310	P1-17-22	0	-
211	85.997396	86.119792	Bb1	54	80	0	0	12330	P1-18-10	0	-
212	86.002604	87.679688	Eb4	63	80	0	0	12330	P1-18-3	0	-
213	86.026042	88.359375	Bb3	47	80	0	0	12330	P1-18-2	0	-
214	86.032552	87.619792	G3	48	80	0	0	12330	P1-18-1	0	-
215	87.445312	89.199219	D4	67	80	0	0	12330	P1-18-3	0	-
216	87.451823	88.289062	Bb2	45	80	0	0	12330	P1-18-2	0	-
217	87.453125	87.839844	Bb1	44	80	0	0	12330	P1-18-10	0	-
218	87.475260	89.069010	F3	42	80	0	0	12330	P1-18-1	0	-
219	88.864583	90.128906	C#4	71	80	0	0	12570	P1-18-6	0	-
220	88.873698	89.908854	Bb3	59	80	0	0	12570	P1-18-5	0	-
221	88.933594	90.299479	E3	46	80	0	0	12810	P1-18-7	0	-
222	90.315104	92.128906	C#4	81	80	0	0	13050	P1-19-3	0	-
223	90.342448	92.819010	Bb3	57	80	0	0	13050	P1-19-3	0	-
224	90.368490	91.968750	E3	49	80	0	0	13050	P1-19-1	0	-
225	91.734375	91.889323	Bb2	66	80	0	0	13230	P1-19-11	0	-
226	91.829427	92.009115	Bb1	62	80	0	0	13250	P1-19-12	0	-
227	91.895833	92.218750	Bb2	66	80	0	0	13270	P1-19-13	0	-
228	92.015625	92.279948	Bb1	61	80	0	0	13290	P1-19-14	0	-
229	92.018229	92.664062	D4	63	80	0	0	13290	P1-19-6	0	-
230	93.166667	93.329427	Bb2	54	80	0	0	13470	P1-19-16	0	-
231	93.256510	93.333333	Bb1	66	80	0	0	13490	P1-19-17	0	-
232	93.334635	93.459635	Bb2	60	80	0	0	13510	P1-19-18	0	-
233	93.432292	93.519531	Bb1	67	80	0	0	13530	P1-19-19	0	-
234	94.669271	94.729167	Bb2	58	80	0	0	13710	P1-19-21	0	-
235	94.764323	94.889323	Bb1	63	80	0	0	13730	P1-19-22	0	-
236	94.838542	94.979167	Bb2	65	80	0	0	13750	P1-19-23	0	-
237	94.947917	95.009115	Bb1	67	80	0	0	13770	P1-20-15	0	-
238	94.966146	96.339844	C4	70	80	0	0	13770	P1-20-10	0	-
239	94.984375	98.139323	G3	58	80	0	0	13770	P1-20-2	0	-
240	94.985677	98.139323	Eb3	64	80	0	0	13770	P1-20-1	0	-
241	96.282552	96.658854	D4	59	80	0	0	13920	P1-20-12	0	-
242	96.454427	96.619792	C4	54	80	0	0	13950	P1-20-13	0	-
243	96.613281	96.786458	B3	63	80	0	0	13980	P1-20-14	0	-
244	96.756510	97.658854	C4	63	80	0	0	14010	P1-20-6	0	-
245	97.417969	98.938802	Eb4	69	80	0	0	14130	P1-20-7	0	-
246	98.085938	99.128906	C4	71	80	0	0	14250	P1-20-8	0	-
247	98.152344	99.289062	Gb3	38	80	0	0	14250	P1-20-4	0	-
248	98.152344	99.679688	Eb3	42	80	0	0	14250	P1-20-3	0	-
249	98.802083	99.649740	A3	75	80	0	0	14370	P1-20-9	0	-
250	99.632812	101.339844	C4	71	80	0	0	14490	P1-21-4	0	-
251	99.658854	101.218750	A3	52	80	0	0	14490	P1-21-3	0	-
252	99.684896	101.378906	Gb3	43	80	0	0	14490	P1-21-2	0	-
253	99.690104	100.968750	Eb3	46	80	0	0	14490	P1-21-1	0	-
254	101.125000	101.279948	Bb2	50	80	0	0	14670	P1-21-12	0	-
255	101.217448	101.369792	Bb1	58	80	0	0	14690	P1-21-13	0	-
256	101.286458	101.598958	Bb2	49	80	0	0	14710	P1-21-14	0	-
257	101.365885	102.500000	Bb3	57	80	0	0	14730	P1-21-7	0	-
258	101.382812	101.639323	Bb1	52	80	0	0	14730	P1-21-15	0	-
259	102.493490	102.589844	Bb2	57	80	0	0	14910	P1-21-17	0	-
260	102.583333	102.658854	Bb1	62	80	0	0	14930	P1-21-18	0	-
261	102.654948	102.739583	Bb2	62	80	0	0	14950	P1-21-19	0	-
262	102.752604	102.869792	Bb1	75	80	0	0	14970	P1-21-20	0	-
263	103.903646	103.954427	Bb2	59	80	0	0	15150	P1-21-22	0	-
264	104.014323	104.092448	Bb1	62	80	0	0	15170	P1-21-23	0	-
265	104.079427	104.158854	Bb2	65	80	0	0	15190	P1-21-24	0	-
266	104.208333	104.359375	Bb1	62	80	0	0	15210	P1-22-9	0	-
267	104.242188	105.229167	Bb4	72	80	0	0	15210	P1-22-2	0	-
268	104.266927	105.489583	D4	50	80	0	0	15210	P1-22-1	0	-
269	105.653646	107.218750	G4	81	80	0	0	15450	P1-22-5	0	-
270	105.678385	106.769531	D4	54	80	0	0	15450	P1-22-4	0	-
271	105.705729	107.169271	Bb3	56	80	0	0	15450	P1-22-3	0	-
272	107.154948	109.500000	F4	79	80	0	0	15690	P1-22-8	0	-
273	107.165365	109.329427	D4	61	80	0	0	15690	P1-22-7	0	-
274	107.222656	109.098958	A3	50	80	0	0	15690	P1-22-6	0	-
275	109.255208	111.128906	E4	44	80	0	0	15930	P1-23-3	0	-
276	109.269531	111.069010	C4	32	80	0	0	15930	P1-23-2	0	-
277	109.276042	111.049479	G3	34	80	0	0	15930	P1-23-1	0	-
278	110.430990	110.477865	C3	48	80	0	0	16110	P1-23-15	0	-
279	110.641927	110.682292	C3	44	80	0	0	16150	P1-23-17	0	-
280	110.644531	110.889323	C2	37	80	0	0	16170	P1-23-18	0	-
281	111.313802	112.009115	E4	59	80	0	0	16290	P1-23-6	0	-
282	111.322917	111.819010	C4	44	80	0	0	16290	P1-23-5	0	-
283	111.333333	111.759115	G3	34	80	0	0	16290	P1-23-4	0	-
284	111.686198	111.744792	C6	54	80	0	0	16350	P1-23-20	0	-
285	111.776042	111.825521	C5	60	80	0	0	16370	P1-23-21	0	-
286	111.871094	111.979167	C6	61	80	0	0	16390	P1-23-22	0	-
287	111.944010	112.136719	C5	61	80	0	0	16410	P1-23-23	0	-
288	111.984375	112.669271	F4	54	80	0	0	16410	P1-23-9	0	-
289	111.985677	112.218750	C4	53	80	0	0	16410	P1-23-8	0	-
290	111.988281	112.674479	A3	55	80	0	0	16410	P1-23-7	0	-
291	112.613281	113.279948	G4	61	80	0	0	16530	P1-23-12	0	-
292	112.614583	113.169271	C4	55	80	0	0	16530	P1-23-11	0	-
293	112.622396	113.250000	Bb3	55	80	0	0	16530	P1-23-10	0	-
294	113.483073	114.009115	C4	54	80	0	0	16650	P1-24-2	0	-
295	113.484375	114.789062	G4	59	80	0	0	16650	P1-24-3	0	-
296	113.484375	114.709635	Bb3	62	80	0	0	16650	P1-24-1	0	-
297	114.617188	115.009115	E4	62	80	0	0	16830	P1-24-6	0	-
298	114.625000	114.848958	C3	51	80	0	0	16830	P1-24-21	0	-
299	114.640625	114.730469	G#3	51	80	0	0	16830	P1-24-4	0	-
300	114.718750	114.889323	C2	61	80	0	0	16850	P1-24-22	0	-
301	114.903646	115.158854	C2	54	80	0	0	16870	P1-24-23	0	-
302	114.954427	115.429688	A3	57	80	0	0	16890	P1-24-7	0	-
303	114.955729	115.250000	C4	52	80	0	0	16890	P1-24-8	0	-
304	114.955729	115.399740	F4	59	80	0	0	16890	P1-24-9	0	-
305	115.632812	116.109375	F4	67	80	0	0	17010	P1-24-12	0	-
306	115.635417	116.149740	A3	60	80	0	0	17010	P1-24-10	0	-
307	115.635417	116.089844	C4	63	80	0	0	17010	P1-24-11	0	-
308	116.005208	116.067708	C6	69	80	0	0	17070	P1-24-26	0	-
309	116.117188	116.170573	C5	67	80	0	0	17090	P1-24-27	0	-
310	116.205729	116.279948	C6	74	80	0	0	17110	P1-24-28	0	-
311	116.292969	116.908854	G4	71	80	0	0	17130	P1-24-15	0	-
312	116.294271	116.669271	C5	72	80	0	0	17130	P1-24-29	0	-
313	116.304688	116.878906	E4	62	80	0	0	17130	P1-24-14	0	-
314	116.305990	116.699219	C4	60	80	0	0	17130	P1-24-13	0	-
315	116.947917	117.529948	A4	78	80	0	0	17250	P1-24-18	0	-
316	116.964844	117.519531	F4	61	80	0	0	17250	P1-24-17	0	-
317	116.975260	117.408854	C4	57	80	0	0	17250	P1-24-16	0	-
318	117.701823	118.919271	A4	83	80	0	0	17370	P1-25-2	0	-
319	117.704427	118.878906	F4	71	80	0	0	17370	P1-25-1	0	-
320	117.714844	118.199219	C4	65	80	0	0	17370	P1-25-16	0	-
321	118.811198	119.199219	F#4	63	80	0	0	17550	P1-25-4	0	-
322	118.813802	118.938802	C3	60	80	0	0	17550	P1-25-20	0	-
323	118.822917	119.209635	D#4	59	80	0	0	17550	P1-25-3	0	-
324	118.914062	119.049479	C2	76	80	0	0	17570	P1-25-21	0	-
325	119.002604	119.158854	C3	59	80	0	0	17590	P1-25-22	0	-
326	119.126302	119.238281	C2	65	80	0	0	17610	P1-25-23	0	-
327	119.132812	119.639323	G4	66	80	0	0	17610	P1-25-6	0	-
328	119.140625	119.639323	E4	60	80	0	0	17610	P1-25-5	0	-
329	119.815104	120.369792	G4	78	80	0	0	17730	P1-25-9	0	-
330	119.819010	120.279948	C4	67	80	0	0	17730	P1-25-7	0	-
331	119.822917	120.319010	E4	67	80	0	0	17730	P1-25-8	0	-
332	120.197917	120.274740	C6	73	80	0	0	17790	P1-25-25	0	-
333	120.281250	120.364583	C5	81	80	0	0	17810	P1-25-26	0	-
334	120.380208	120.489583	C6	78	80	0	0	17830	P1-25-27	0	-
335	120.475260	120.989583	C5	83	80	0	0	17850	P1-25-28	0	-
336	120.483073	120.889323	F4	73	80	0	0	17850	P1-25-11	0	-
337	120.484375	120.968750	A4	79	80	0	0	17850	P1-25-12	0	-
338	120.486979	120.809896	C4	67	80	0	0	17850	P1-25-10	0	-
339	121.126302	121.779948	Bb4	87	80	0	0	17970	P1-25-15	0	-
340	121.140625	121.709635	C4	66	80	0	0	17970	P1-25-13	0	-
341	121.143229	121.839844	G4	66	80	0	0	17970	P1-25-14	0	-
342	121.928385	122.968750	Bb4	90	80	0	0	18090	P1-26-2	0	-
343	121.955729	123.128906	G4	61	80	0	0	18090	P1-26-1	0	-
344	121.962240	122.639323	C4	64	80	0	0	18090	P1-26-18	0	-
345	123.027344	123.289062	G#4	74	80	0	0	18270	P1-26-4	0	-
346	123.039062	123.149740	C3	61	80	0	0	18270	P1-26-22	0	-
347	123.040365	123.222656	E4	64	80	0	0	18270	P1-26-3	0	-
348	123.132812	123.207031	C2	72	80	0	0	18290	P1-26-23	0	-
349	123.233073	123.369792	C3	64	80	0	0	18310	P1-26-24	0	-
350	123.346354	123.799479	A4	75	80	0	0	18330	P1-26-6	0	-
351	123.352865	123.598958	C2	69	80	0	0	18330	P1-26-25	0	-
352	123.352865	123.759115	F4	73	80	0	0	18330	P1-26-5	0	-
353	123.355469	123.619792	C4	67	80	0	0	18330	P1-26-5	0	-
354	124.033854	124.609375	A4	79	80	0	0	18450	P1-26-9	0	-
355	124.035156	124.500000	F4	68	80	0	0	18450	P1-26-8	0	-
356	124.037760	124.468750	C4	67	80	0	0	18450	P1-26-7	0	-
357	124.455729	124.535156	C6	72	80	0	0	18510	P1-26-27	0	-
358	124.554688	124.638021	C5	75	80	0	0	18530	P1-26-28	0	-
359	124.643229	124.779948	C6	84	80	0	0	18550	P1-26-29	0	-
360	124.748698	125.199219	C5	86	80	0	0	18570	P1-26-30	0	-
361	124.756510	125.188802	F4	66	80	0	0	18570	P1-26-11	0	-
362	124.764323	125.259115	B4	88	80	0	0	18570	P1-26-13	0	-
363	124.765625	125.319010	Ab4	73	80	0	0	18570	P1-26-12	0	-
364	124.770833	125.259115	D4	70	80	0	0	18570	P1-26-10	0	-
365	125.486979	126.139323	B4	78	80	0	0	18690	P1-26-17	0	-
366	125.489583	126.369792	Ab4	71	80	0	0	18690	P1-26-16	0	-
367	125.492188	126.449219	D4	61	80	0	0	18690	P1-26-14	0	-
368	125.493490	126.319010	F4	64	80	0	0	18690	P1-26-15	0	-
369	126.053385	126.209635	C6	83	80	0	0	18750	P1-26-32	0	-
370	126.169271	126.359375	C5	72	80	0	0	18770	P1-26-33	0	-
371	126.309896	126.438802	C6	87	80	0	0	18790	P1-26-34	0	-
372	126.729167	127.329427	C5	72	80	0	0	18810	P1-27-3	0	-
373	126.755208	127.339844	G4	46	80	0	0	18810	P1-27-2	0	-
374	126.759115	127.399740	E4	52	80	0	0	18810	P1-27-1	0	-
375	127.785156	129.019531	G4	58	80	0	0	18930	P1-27-6	0	-
376	127.794271	129.019531	E4	51	80	0	0	18930	P1-27-5	0	-
377	127.798177	129.009115	C4	46	80	0	0	18930	P1-27-4	0	-
378	128.256510	128.319010	C3	47	80	0	0	18990	P1-27-18	0	-
379	128.373698	128.471354	C2	61	80	0	0	19020	P1-27-19	0	-
380	128.526042	128.628906	C3	61	80	0	0	19050	P1-27-20	0	-
381	129.160156	129.750000	G4	59	80	0	0	19170	P1-27-9	0	-
382	129.192708	129.889323	C4	42	80	0	0	19170	P1-27-7	0	-
383	129.194010	129.829427	E4	50	80	0	0	19170	P1-27-8	0	-
384	129.526042	129.617188	C6	62	80	0	0	19230	P1-27-22	0	-
385	129.635417	129.859375	C5	61	80	0	0	19260	P1-27-23	0	-
386	129.792969	130.149740	C6	62	80	0	0	19290	P1-27-24	0	-
387	129.828125	130.949219	B4	55	80	0	0	19290	P1-27-12	0	-
388	129.837240	130.299479	F4	42	80	0	0	19290	P1-27-11	0	-
389	129.841146	130.348958	D4	45	80	0	0	19290	P1-27-10	0	-
390	130.518229	131.688802	G4	53	80	0	0	19410	P1-27-15	0	-
391	130.531250	131.289062	F4	48	80	0	0	19410	P1-27-14	0	-
392	130.533854	131.389323	D4	41	80	0	0	19410	P1-27-13	0	-
393	131.335938	132.408854	C5	58	80	0	0	19530	P1-28-3	0	-
394	131.367188	131.829427	E4	38	80	0	0	19530	P1-28-2	0	-
395	131.372396	131.829427	C4	32	80	0	0	19530	P1-28-1	0	-
396	132.084635	133.119792	G4	60	80	0	0	19650	P1-28-6	0	-
397	132.105469	133.059896	C4	43	80	0	0	19650	P1-28-4	0	-
398	132.114583	133.109375	E4	44	80	0	0	19650	P1-28-5	0	-
399	132.424479	132.509115	C3	64	80	0	0	19710	P1-28-18	0	-
400	132.540365	132.699219	C2	65	80	0	0	19740	P1-28-19	0	-
401	132.675781	132.779948	C3	59	80	0	0	19770	P1-28-20	0	-
402	133.316406	133.968750	G4	61	80	0	0	19890	P1-28-9	0	-
403	133.324219	133.889323	E4	48	80	0	0	19890	P1-28-8	0	-
404	133.324219	133.819010	C4	51	80	0	0	19890	P1-28-7	0	-
405	133.682292	133.803385	C6	68	80	0	0	19950	P1-28-22	0	-
406	133.794271	133.908854	C5	68	80	0	0	19980	P1-28-23	0	-
407	133.949219	134.559896	C6	75	80	0	0	20010	P1-28-24	0	-
408	133.997396	135.139323	B4	61	80	0	0	20010	P1-28-12	0	-
409	134.019531	134.549479	D4	49	80	0	0	20010	P1-28-10	0	-
410	134.020833	135.139323	F4	48	80	0	0	20010	P1-28-11	0	-
411	134.675781	135.938802	G4	69	80	0	0	20130	P1-28-15	0	-
412	134.708333	135.449219	D4	48	80	0	0	20130	P1-28-13	0	-
413	135.463542	136.569010	C5	65	80	0	0	20250	P1-29-3	0	-
414	135.464844	135.915365	E4	49	80	0	0	20250	P1-29-2	0	-
415	135.473958	135.968750	C4	41	80	0	0	20250	P1-29-1	0	-
416	136.221354	137.378906	G4	61	80	0	0	20370	P1-29-6	0	-
417	136.244792	137.313802	E4	49	80	0	0	20370	P1-29-5	0	-
418	136.259115	136.389323	C4	41	80	0	0	20370	P1-29-4	0	-
419	136.574219	136.669271	C3	47	80	0	0	20430	P1-29-15	0	-
420	136.683594	136.755208	C2	65	80	0	0	20460	P1-29-16	0	-
421	136.850260	136.949219	C3	44	80	0	0	20490	P1-29-17	0	-
422	137.558594	138.369792	C4	46	80	0	0	20610	P1-29-8	0	-
423	137.563802	138.619792	E4	57	80	0	0	20610	P1-29-9	0	-
424	137.571615	138.329427	G3	46	80	0	0	20610	P1-29-7	0	-
425	137.976562	138.109375	C3	59	80	0	0	20670	P1-29-19	0	-
426	138.088542	138.151042	C2	66	80	0	0	20700	P1-29-20	0	-
427	138.242188	138.304688	C3	61	80	0	0	20730	P1-29-21	0	-
428	138.996094	140.098958	C4	49	80	0	0	20850	P1-29-12	0	-
429	139.002604	139.968750	G3	43	80	0	0	20850	P1-29-11	0	-
430	139.035156	140.108073	E3	32	80	0	0	20850	P1-29-10	0	-
431	139.425781	139.529948	C3	42	80	0	0	20910	P1-29-23	0	-
432	139.522135	139.587240	C2	67	80	0	0	20940	P1-29-24	0	-
433	139.678385	139.839844	C3	49	80	0	0	20970	P1-30-13	0	-
434	140.477865	141.289062	C4	47	80	0	0	21090	P1-30-14	0	-
435	141.223958	142.069010	B3	56	80	0	0	21210	P1-30-15	0	-
436	141.988281	143.009115	C4	62	80	0	0	21330	P1-30-19	0	-
437	141.992188	143.029948	Bb3	66	80	0	0	21330	P1-30-16	0	-
438	142.833333	143.669271	A3	67	80	0	0	21450	P1-30-17	0	-
439	143.273438	143.339844	D4	59	80	0	0	21510	P1-30-7	0	-
440	143.438802	143.485677	E4	70	80	0	0	21540	P1-30-8	0	-
441	143.589844	143.625000	F4	75	80	0	0	21570	P1-30-9	0	-
442	143.626302	144.239583	Bb3	54	80	0	0	21570	P1-30-20	0	-
443	143.645833	144.259115	G3	56	80	0	0	21570	P1-30-18	0	-
444	143.734375	143.794271	G4	73	80	0	0	21600	P1-30-10	0	-
445	143.882812	143.938802	A4	74	80	0	0	21630	P1-30-11	0	-
446	144.046875	144.199219	Bb4	77	80	0	0	21660	P1-30-12	0	-
447	144.061198	144.069010	G4	54	80	0	0	21660	P1-30-12	0	-
448	144.462240	145.128906	C5	71	80	0	0	21690	P1-31-1	0	-
449	144.544271	145.229167	F2	36	80	0	0	21690	P1-31-9	0	-
450	145.253906	145.750000	F3	28	80	0	0	21810	P1-31-10	0	-
451	145.916667	147.259115	F4	41	80	0	0	21930	P1-31-7	0	-
452	145.962240	146.959635	C4	35	80	0	0	21930	P1-31-12	0	-
453	145.972656	146.759115	A3	34	80	0	0	21930	P1-31-11	0	-
454	146.596354	147.750000	F3	33	80	0	0	22050	P1-31-13	0	-
455	147.139323	147.859375	A4	65	80	0	0	22140	P1-31-3	0	-
456	147.388021	148.938802	F5	86	80	0	0	22170	P1-31-4	0	-
457	147.446615	148.419271	D4	43	80	0	0	22170	P1-31-15	0	-
458	147.447917	149.750000	F4	35	80	0	0	22170	P1-31-8	0	-
459	147.450521	148.389323	Bb3	34	80	0	0	22170	P1-31-14	0	-
460	148.078125	149.169271	F3	34	80	0	0	22290	P1-31-16	0	-
461	148.625000	148.968750	D5	76	80	0	0	22380	P1-31-5	0	-
462	148.832031	150.989583	C5	72	80	0	0	22410	P1-32-1	0	-
463	148.903646	149.429688	C4	35	80	0	0	22410	P1-32-11	0	-
464	148.903646	149.688802	A3	34	80	0	0	22410	P1-32-10	0	-
465	149.533854	150.539062	F3	35	80	0	0	22530	P1-32-12	0	-
466	150.240885	151.598958	F4	48	80	0	0	22650	P1-32-7	0	-
467	150.268229	151.169271	C4	34	80	0	0	22650	P1-32-14	0	-
468	150.268229	151.619792	A3	33	80	0	0	22650	P1-32-13	0	-
469	150.940104	151.718750	F3	44	80	0	0	22770	P1-32-15	0	-
470	151.466146	151.859375	A4	66	80	0	0	22860	P1-32-3	0	-
471	151.679688	153.158854	Bb4	76	80	0	0	22890	P1-32-4	0	-
472	151.723958	152.559896	F4	38	80	0	0	22890	P1-32-8	0	-
473	151.723958	152.819010	D3	39	80	0	0	22890	P1-32-16	0	-
474	151.725260	152.500000	F3	36	80	0	0	22890	P1-32-8	0	-
475	152.532552	152.908854	Bb2	35	80	0	0	23010	P1-32-17	0	-
476	152.544271	153.339844	D4	43	80	0	0	23010	P1-32-9	0	-
477	153.010417	153.399740	G4	68	80	0	0	23100	P1-32-5	0	-
478	153.233073	156.179688	F4	70	80	0	0	23130	P1-33-1	0	-
479	153.311198	155.229167	C2	43	80	0	0	23130	P1-33-10	0	-
480	153.975260	154.468750	A3	49	80	0	0	23250	P1-33-7	0	-
481	153.984375	154.989583	C3	43	80	0	0	23250	P1-33-11	0	-
482	154.654948	155.429688	C4	52	80	0	0	23370	P1-33-8	0	-
483	154.696615	155.459635	F3	42	80	0	0	23370	P1-33-12	0	-
484	154.697917	155.549479	A3	52	80	0	0	23370	P1-33-13	0	-
485	155.358073	157.019531	C3	47	80	0	0	23490	P1-33-14	0	-
486	156.170573	156.666667	A4	65	80	0	0	23610	P1-33-2	0	-
487	156.201823	156.829427	C4	42	80	0	0	23610	P1-33-9	0	-
488	156.214844	157.139323	G3	41	80	0	0	23610	P1-33-16	0	-
489	156.220052	157.408854	E3	40	80	0	0	23610	P1-33-15	0	-
490	156.622396	157.061198	G4	72	80	0	0	23670	P1-33-3	0	-
491	156.972656	157.315104	F4	76	80	0	0	23730	P1-33-4	0	-
492	157.026042	157.769531	C3	47	80	0	0	23730	P1-33-17	0	-
493	157.274740	157.529948	G4	73	80	0	0	23790	P1-33-5	0	-
494	157.722656	159.226562	G4	77	80	0	0	23850	P1-34-1	0	-
495	157.757812	159.729167	C4	49	80	0	0	23850	P1-34-13	0	-
496	157.776042	157.789062	F3	44	80	0	0	23850	P1-34-15	0	-
497	157.785156	158.979167	E3	45	80	0	0	23850	P1-34-15	0	-
498	157.785156	160.529948	F2	46	80	0	0	23850	P1-34-21	0	-
499	158.665365	159.579427	C3	41	80	0	0	23970	P1-34-16	0	-
500	159.201823	159.399740	G#4	67	80	0	0	24060	P1-34-2	0	-
501	159.355469	160.869792	A4	59	80	0	0	24090	P1-34-3	0	-
502	159.424479	160.218750	F3	39	80	0	0	24090	P1-34-17	0	-
503	160.194010	161.087240	A2	64	80	0	0	24210	P1-34-18	0	-
504	160.915365	161.636719	Bb2	59	80	0	0	24330	P1-34-19	0	-
505	161.165365	161.230469	C4	62	80	0	0	24360	P1-34-6	0	-
506	161.326823	161.385417	D4	67	80	0	0	24390	P1-34-7	0	-
507	161.464844	161.514323	E4	72	80	0	0	24420	P1-34-8	0	-
508	161.615885	161.718750	F4	71	80	0	0	24450	P1-34-9	0	-
509	161.623698	162.459635	G2	54	80	0	0	24450	P1-34-20	0	-
510	161.756510	161.846354	G4	69	80	0	0	24480	P1-34-10	0	-
511	161.901042	161.962240	A4	76	80	0	0	24510	P1-34-11	0	-
512	162.054688	162.509115	Bb4	78	80	0	0	24540	P1-34-12	0	-
513	162.406250	165.329427	C5	76	80	0	0	24570	P1-35-1	0	-
514	162.475260	163.188802	F2	37	80	0	0	24570	P1-35-9	0	-
515	163.136719	164.199219	F3	42	80	0	0	24690	P1-35-10	0	-
516	163.453125	163.889323	E4	48	80	0	0	24750	P1-35-7	0	-
517	163.821615	167.500000	F4	51	80	0	0	24810	P1-35-8	0	-
518	163.854167	165.079427	A3	36	80	0	0	24810	P1-35-11	0	-
519	163.854167	164.889323	C4	34	80	0	0	24810	P1-35-12	0	-
520	164.485677	165.679688	F3	42	80	0	0	24930	P1-35-13	0	-
521	165.046875	165.779948	A4	68	80	0	0	25020	P1-35-3	0	-
522	165.312500	166.848958	F5	87	80	0	0	25050	P1-35-4	0	-
523	165.372396	166.759115	Bb3	34	80	0	0	25050	P1-35-14	0	-
524	165.373698	166.729167	D4	41	80	0	0	25050	P1-35-15	0	-
525	166.020833	167.059896	F3	37	80	0	0	25170	P1-35-16	0	-
526	166.531250	166.845052	D5	77	80	0	0	25260	P1-35-5	0	-
527	166.729167	169.408854	C5	74	80	0	0	25290	P1-36-1	0	-
528	166.794271	167.819010	C4	43	80	0	0	25290	P1-36-13	0	-
529	166.794271	167.908854	A3	48	80	0	0	25290	P1-36-12	0	-
530	167.454427	168.509115	F3	49	80	0	0	25410	P1-36-14	0	-
531	167.800781	168.239583	E4	58	80	0	0	25470	P1-36-8	0	-
532	168.143229	169.509115	F4	68	80	0	0	25530	P1-36-9	0	-
533	168.177083	168.799479	C4	49	80	0	0	25530	P1-36-16	0	-
534	168.179688	169.799479	A3	55	80	0	0	25530	P1-36-15	0	-
535	168.838542	169.369792	F3	59	80	0	0	25650	P1-36-17	0	-
536	169.373698	169.769531	A4	75	80	0	0	25740	P1-36-3	0	-
537	169.378906	169.929688	F3	43	80	0	0	25770	P1-36-10	0	-
538	169.627604	170.500000	C5	84	80	0	0	25770	P1-36-4	0	-
539	169.678385	170.628906	F4	49	80	0	0	25770	P1-36-10	0	-
540	169.692708	169.699219	D4	44	80	0	0	25770	P1-36-18	0	-
541	169.694010	170.759115	D3	48	80	0	0	25770	P1-36-18	0	-
542	170.166667	170.938802	Bb4	77	80	0	0	25830	P1-36-5	0	-
543	170.552083	171.389323	D4	58	80	0	0	25890	P1-36-11	0	-
544	170.554688	171.408854	Bb2	53	80	0	0	25890	P1-36-19	0	-
545	170.881510	171.389323	G4	81	80	0	0	25950	P1-36-6	0	-
546	171.246094	173.658854	F4	82	80	0	0	26010	P1-37-1	0	-
547	171.302083	174.309896	C3	60	80	0	0	26010	P1-37-14	0	-
548	171.302083	171.908854	A3	56	80	0	0	26010	P1-37-3	0	-
549	172.035156	172.769531	A3	54	80	0	0	26130	P1-37-5	0	-
550	172.049479	173.069010	F3	60	80	0	0	26130	P1-37-4	0	-
551	172.774740	173.529948	C4	73	80	0	0	26250	P1-37-7	0	-
552	172.782552	173.408854	A3	67	80	0	0	26250	P1-37-6	0	-
553	173.528646	174.378906	A3	74	80	0	0	26370	P1-37-9	0	-
554	173.532552	174.309896	F3	73	80	0	0	26370	P1-37-8	0	-
555	174.333333	176.529948	C4	80	80	0	0	26490	P1-37-2	0	-
556	174.347656	174.829427	C3	70	80	0	0	26490	P1-37-2	0	-
557	174.354167	175.919271	G3	70	80	0	0	26490	P1-37-11	0	-
558	174.354167	175.179688	E3	69	80	0	0	26490	P1-37-10	0	-
559	174.367188	176.339844	C2	66	80	0	0	26490	P1-37-15	0	-
560	175.184896	176.468750	E3	70	80	0	0	26610	P1-37-13	0	-
561	175.184896	176.019531	C3	65	80	0	0	26610	P1-37-12	0	-
562	176.458333	177.119792	A3	56	80	0	0	26730	P1-38-3	0	-
563	176.471354	177.039062	C3	42	80	0	0	26730	P1-38-1	0	-
564	176.471354	177.037760	F1	47	80	0	0	26730	P1-38-8	0	-
565	176.473958	177.050781	F2	43	80	0	0	26730	P1-38-9	0	-
566	177.649740	177.709635	F2	46	80	0	0	26910	P1-38-11	0	-
567	177.739583	177.899740	F1	53	80	0	0	26930	P1-38-12	0	-
568	177.821615	178.069010	F2	51	80	0	0	26950	P1-38-13	0	-
569	177.911458	178.479167	F1	52	80	0	0	26970	P1-38-14	0	-
570	179.088542	179.164062	F2	38	80	0	0	27150	P1-38-16	0	-
571	179.191406	179.359375	F1	52	80	0	0	27170	P1-38-17	0	-
572	179.273438	179.429688	F2	51	80	0	0	27190	P1-38-18	0	-
573	179.367188	180.149740	F1	60	80	0	0	27210	P1-38-19	0	-
574	180.221354	180.819010	F4	47	80	0	0	27330	P1-38-7	0	-
575	181.022135	182.809896	F4	61	80	0	0	27450	P1-39-1	0	-
576	182.460938	182.589844	F2	56	80	0	0	27630	P1-39-10	0	-
577	182.563802	183.059896	F1	59	80	0	0	27650	P1-39-11	0	-
578	182.645833	182.859375	F2	59	80	0	0	27670	P1-39-12	0	-
579	182.761719	185.259115	Gb4	71	80	0	0	27690	P1-39-2	0	-
580	182.774740	185.419271	C4	54	80	0	0	27690	P1-39-6	0	-
581	182.776042	187.378906	A3	57	80	0	0	27690	P1-39-5	0	-
582	182.782552	186.239583	Eb4	55	80	0	0	27690	P1-39-7	0	-
583	184.106771	184.319010	F2	51	80	0	0	27870	P1-39-15	0	-
584	184.197917	184.369792	F1	63	80	0	0	27890	P1-39-16	0	-
585	184.375000	184.829427	F1	68	80	0	0	27930	P1-39-18	0	-
586	185.273438	185.899740	Gb4	71	80	0	0	28050	P1-39-3	0	-
587	186.063802	189.929688	Gb4	73	80	0	0	28170	P1-40-1	0	-
588	186.071615	186.859375	C4	38	80	0	0	28170	P1-40-1	0	-
589	187.406250	187.559896	F2	64	80	0	0	28350	P1-40-10	0	-
590	187.519531	187.649740	F1	68	80	0	0	28370	P1-40-11	0	-
591	187.572917	187.639323	F2	70	80	0	0	28390	P1-40-12	0	-
592	187.662760	187.919271	F1	83	80	0	0	28410	P1-40-13	0	-
593	187.723958	190.109375	A4	78	80	0	0	28410	P1-40-6	0	-
594	187.727865	190.559896	Eb4	73	80	0	0	28410	P1-40-5	0	-
595	187.734375	188.419271	C4	69	80	0	0	28410	P1-40-4	0	-
596	189.059896	189.134115	F2	61	80	0	0	28590	P1-40-15	0	-
597	189.152344	189.299479	F1	78	80	0	0	28610	P1-40-16	0	-
598	189.226562	189.282552	F2	74	80	0	0	28630	P1-40-17	0	-
599	189.313802	189.609375	F1	83	80	0	0	28650	P1-40-18	0	-
600	190.122396	190.819010	A4	84	80	0	0	28770	P1-40-7	0	-
601	190.980469	195.968750	A4	88	80	0	0	28890	P1-41-1	0	-
602	192.501302	192.639323	F2	66	80	0	0	29070	P1-41-10	0	-
603	192.592448	192.750000	F1	80	80	0	0	29090	P1-41-11	0	-
604	192.670573	192.859375	F2	76	80	0	0	29110	P1-41-12	0	-
605	192.764323	193.419271	F1	90	80	0	0	29130	P1-41-13	0	-
606	192.794271	195.399740	C5	85	80	0	0	29130	P1-41-6	0	-
607	192.796875	195.509115	Gb4	80	80	0	0	29130	P1-41-5	0	-
608	192.802083	196.309896	Eb4	85	80	0	0	29130	P1-41-4	0	-
609	194.243490	194.408854	F2	67	80	0	0	29310	P1-41-15	0	-
610	194.345052	194.509115	F1	80	80	0	0	29330	P1-41-16	0	-
611	194.415365	195.619792	F2	76	80	0	0	29350	P1-41-17	0	-
612	194.515625	196.089844	F1	88	80	0	0	29370	P1-41-18	0	-
613	195.410156	196.188802	C5	92	80	0	0	29490	P1-41-7	0	-
614	196.330729	197.309896	C5	101	80	0	0	29610	P1-42-1	0	-
615	197.354167	199.549479	Eb5	101	80	0	0	29730	P1-42-2	0	-
616	198.096354	198.162760	C4	74	80	0	0	29790	P1-42-21	0	-
617	198.100260	198.174479	A3	76	80	0	0	29790	P1-42-20	0	-
618	198.204427	198.277344	F3	70	80	0	0	29810	P1-42-22	0	-
619	198.274740	198.408854	C4	75	80	0	0	29830	P1-42-24	0	-
620	198.304688	198.559896	A3	50	80	0	0	29830	P1-42-23	0	-
621	198.404948	198.647135	F3	72	80	0	0	29850	P1-42-25	0	-
622	199.395833	199.839844	D5	64	80	0	0	29910	P1-42-4	0	-
623	199.691406	199.971354	C5	65	80	0	0	29940	P1-42-5	0	-
624	199.919271	200.549479	Bb4	65	80	0	0	29970	P1-42-6	0	-
625	200.123698	200.529948	A4	63	80	0	0	30000	P1-42-7	0	-
626	200.317708	200.589844	G4	61	80	0	0	30030	P1-42-8	0	-
627	200.519531	200.695312	F4	64	80	0	0	30060	P1-42-9	0	-
628	200.701823	200.934896	E4	61	80	0	0	30090	P1-42-10	0	-
629	200.895833	201.229167	Eb4	56	80	0	0	30120	P1-42-11	0	-
630	201.092448	201.274740	D4	60	80	0	0	30150	P1-42-12	0	-
631	201.285156	201.519531	C4	51	80	0	0	30180	P1-42-13	0	-
632	201.503906	201.839844	Bb3	53	80	0	0	30210	P1-42-14	0	-
633	201.714844	201.934896	A3	57	80	0	0	30240	P1-42-15	0	-
634	201.946615	202.304688	Eb4	51	80	0	0	30270	P1-42-16	0	-
635	202.222656	203.039062	A3	57	80	0	0	30300	P1-42-17	0	-
636	202.980469	206.989583	Bb3	51	80	0	0	30330	P1-43-1	0	-
637	202.984375	207.500000	D3	47	80	0	0	30330	P1-43-8	0	-
638	202.996094	207.500000	Bb2	42	80	0	0	30330	P1-43-3	0	-
639	203.003906	207.500000	Bb1	37	80	0	0	30330	P1-43-2	0	-
640	204.903646	205.011719	Eb3	57	80	0	0	30540	P1-43-5	0	-
641	205.075521	206.299479	F3	59	80	0	0	30570	P1-43-6	0	-
642	206.773438	207.438802	F3	57	80	0	0	30810	P1-43-7	0	-
643	208.703125	209.393229	D5	67	80	0	0	31050	P1-44-1	0	-
644	208.725260	211.179688	F3	43	80	0	0	31050	P1-44-12	0	-
645	208.734375	211.188802	D3	37	80	0	0	31050	P1-44-11	0	-
646	208.752604	211.239583	Bb2	39	80	0	0	31050	P1-44-10	0	-
647	209.401042	209.536458	Eb5	60	80	0	0	31140	P1-44-7	0	-
648	209.524740	209.628906	D5	54	80	0	0	31150	P1-44-8	0	-
649	209.621094	209.716146	C5	64	80	0	0	31160	P1-44-9	0	-
650	209.712240	210.649740	D5	74	80	0	0	31170	P1-44-2	0	-
651	210.286458	210.481771	Eb5	70	80	0	0	31260	P1-44-3	0	-
652	210.470052	211.169271	F5	68	80	0	0	31290	P1-44-4	0	-
653	212.031250	214.019531	Bb3	58	80	0	0	31530	P1-44-6	0	-
654	212.057292	213.089844	D3	44	80	0	0	31530	P1-44-5	0	-
655	212.061198	213.029948	Bb2	42	80	0	0	31530	P1-44-15	0	-
656	212.062500	213.569010	Bb1	42	80	0	0	31530	P1-44-13	0	-
657	212.066406	217.500000	F2	41	80	0	0	31530	P1-44-14	0	-
658	214.015625	217.500000	A3	57	80	0	0	31770	P1-45-2	0	-
659	214.024740	217.500000	Eb3	58	80	0	0	31770	P1-45-3	0	-
660	214.046875	217.500000	C3	43	80	0	0	31770	P1-45-9	0	-
661	214.063802	214.069010	Eb2	39	80	0	0	31770	P1-45-8	0	-
662	214.075521	217.500000	C2	40	80	0	0	31770	P1-45-7	0	-
663	215.667969	215.938802	F3	63	80	0	0	31980	P1-45-4	0	-
664	215.843750	216.750000	Gb3	58	80	0	0	32010	P1-45-5	0	-
665	217.390625	217.859375	Gb3	58	80	0	0	32250	P1-45-6	0	-
666	219.213542	219.893229	A5	68	80	0	0	32490	P1-46-1	0	-
667	219.252604	221.369792	C4	37	80	0	0	32490	P1-46-10	0	-
668	219.255208	221.089844	Gb3	36	80	0	0	32490	P1-46-13	0	-
669	219.255208	221.658854	Eb4	41	80	0	0	32490	P1-46-11	0	-
670	219.885417	220.049479	Bb5	65	80	0	0	32580	P1-46-7	0	-
671	219.998698	220.063802	A5	64	80	0	0	32590	P1-46-8	0	-
672	220.085938	220.188802	G5	66	80	0	0	32600	P1-46-9	0	-
673	220.170573	220.714844	A5	75	80	0	0	32610	P1-46-2	0	-
674	220.694010	221.098958	Bb5	75	80	0	0	32700	P1-46-3	0	-
675	220.894531	221.669271	C6	66	80	0	0	32730	P1-46-4	0	-
676	220.964844	221.729167	F3	33	80	0	0	32730	P1-46-14	0	-
677	222.584635	223.889323	Eb4	80	80	0	0	32970	P1-46-6	0	-
678	222.592448	223.289062	C4	73	80	0	0	32970	P1-46-5	0	-
679	222.604167	223.539062	F3	72	80	0	0	32970	P1-46-12	0	-
680	222.606771	223.779948	A2	74	80	0	0	32970	P1-46-15	0	-
681	222.608073	222.919271	A1	72	80	0	0	32970	P1-46-15	0	-
682	224.425781	227.119792	D4	79	80	0	0	33210	P1-47-2	0	-
683	224.434896	226.319010	Ab3	83	80	0	0	33210	P1-47-3	0	-
684	224.437500	225.269531	F3	75	80	0	0	33210	P1-47-1	0	-
685	224.446615	227.589844	Bb1	66	80	0	0	33210	P1-47-7	0	-
686	224.451823	227.579427	Bb2	70	80	0	0	33210	P1-47-8	0	-
687	226.065104	226.289062	Bb3	87	80	0	0	33420	P1-47-4	0	-
688	226.227865	227.500000	Cb4	94	80	0	0	33450	P1-47-5	0	-
689	227.727865	228.139323	Cb4	87	80	0	0	33690	P1-47-6	0	-
690	229.335938	230.169271	D5	90	80	0	0	33930	P1-48-1	0	-
691	229.378906	231.579427	F4	63	80	0	0	33930	P1-48-10	0	-
692	229.381510	231.848958	Ab4	65	80	0	0	33930	P1-48-11	0	-
693	229.384115	231.209635	Cb4	62	80	0	0	33930	P1-48-13	0	-
694	230.113281	230.257812	Eb5	80	80	0	0	34020	P1-48-7	0	-
695	230.235677	230.304688	D5	73	80	0	0	34030	P1-48-8	0	-
696	230.321615	230.449219	C5	80	80	0	0	34040	P1-48-9	0	-
697	230.416667	230.963542	D5	90	80	0	0	34050	P1-48-2	0	-
698	230.930990	231.121094	Eb5	89	80	0	0	34140	P1-48-3	0	-
699	231.121094	232.000000	F5	100	80	0	0	34170	P1-48-4	0	-
700	231.157552	232.119792	Bb3	64	80	0	0	34170	P1-48-14	0	-
701	232.733073	235.059896	F5	100	80	0	0	34410	P1-48-6	0	-
702	232.764323	234.218750	Ab4	73	80	0	0	34410	P1-48-5	0	-
703	232.766927	236.089844	Bb3	64	80	0	0	34410	P1-48-12	0	-
704	232.781250	235.239583	D3	61	80	0	0	34410	P1-48-15	0	-
705	235.065104	237.598958	Eb3	38	80	0	0	34650	P1-49-16	0	-
706	235.067708	236.976562	F5	70	80	0	0	34650	P1-49-1	0	-
707	235.102865	237.378906	G4	41	80	0	0	34650	P1-49-6	0	-
708	236.089844	236.959635	B3	53	80	0	0	34770	P1-49-11	0	-
709	236.848958	237.319010	Eb5	65	80	0	0	34890	P1-49-2	0	-
710	236.886719	237.250000	C4	37	80	0	0	34890	P1-49-12	0	-
711	237.536458	238.309896	D5	71	80	0	0	35010	P1-49-3	0	-
712	237.559896	238.029948	Bb4	49	80	0	0	35010	P1-49-7	0	-
713	237.587240	238.239583	D4	44	80	0	0	35010	P1-49-13	0	-
714	237.605469	238.299479	F3	31	80	0	0	35010	P1-49-17	0	-
715	238.264323	238.679688	C5	74	80	0	0	35130	P1-49-4	0	-
716	238.304688	239.089844	Bb4	55	80	0	0	35130	P1-49-8	0	-
717	238.309896	238.739583	Eb4	54	80	0	0	35130	P1-49-14	0	-
718	238.320312	239.009115	G3	50	80	0	0	35130	P1-49-18	0	-
719	239.114583	239.789062	C5	80	80	0	0	35250	P1-49-5	0	-
720	239.154948	239.938802	Bb4	64	80	0	0	35250	P1-49-9	0	-
721	239.166667	239.729167	E4	62	80	0	0	35250	P1-49-15	0	-
722	239.166667	240.149740	G3	50	80	0	0	35250	P1-49-19	0	-
723	240.106771	242.329427	E4	56	80	0	0	35370	P1-50-28	0	-
724	240.122396	244.339844	F3	51	80	0	0	35370	P1-50-32	0	-
725	240.143229	240.415365	C5	69	80	0	0	35370	P1-50-1	0	-
726	240.160156	242.459635	Bb4	63	80	0	0	35370	P1-50-18	0	-
727	240.453125	240.516927	D5	58	80	0	0	35385	P1-50-1	0	-
728	240.559896	240.601562	C5	60	80	0	0	35385	P1-50-21	0	-
729	240.617188	240.667969	D5	60	80	0	0	35400	P1-50-22	0	-
730	240.705729	240.753906	C5	61	80	0	0	35400	P1-50-1	0	-
731	240.768229	240.812500	D5	70	80	0	0	35400	P1-50-22	0	-
732	240.855469	240.949219	C5	58	80	0	0	35400	P1-50-1	0	-
733	240.907552	240.945312	D5	63	80	0	0	35430	P1-50-24	0	-
734	240.954427	241.001302	C5	54	80	0	0	35445	P1-50-25	0	-
735	241.040365	241.102865	D5	70	80	0	0	35445	P1-50-1	0	-
736	241.123698	241.203125	C5	66	80	0	0	35445	P1-50-25	0	-
737	241.244792	241.427083	D5	49	80	0	0	35460	P1-50-1	0	-
738	241.260417	241.419271	B4	48	80	0	0	35490	P1-50-2	0	-
739	241.372396	241.500000	C5	49	80	0	0	35490	P1-50-3	0	-
740	241.636719	242.243490	D5	53	80	0	0	35490	P1-50-4	0	-
741	242.135417	242.509115	C5	54	80	0	0	35550	P1-50-5	0	-
742	242.718750	244.119792	C5	39	80	0	0	35610	P1-50-6	0	-
743	242.755208	244.259115	A4	28	80	0	0	35610	P1-50-19	0	-
744	242.763021	244.309896	F4	26	80	0	0	35610	P1-50-29	0	-
745	245.526042	245.764323	F3	45	80	0	0	35880	P1-50-9	0	-
746	245.740885	245.985677	G3	59	80	0	0	35910	P1-50-10	0	-
747	245.932292	246.125000	F3	64	80	0	0	35940	P1-50-11	0	-
748	246.125000	246.355469	E3	70	80	0	0	35970	P1-50-12	0	-
749	246.296875	246.519531	F3	68	80	0	0	36000	P1-50-13	0	-
750	246.493490	246.678385	G3	74	80	0	0	36030	P1-50-15	0	-
751	246.496094	246.678385	Eb3	59	80	0	0	36030	P1-50-14	0	-
752	246.684896	247.132812	A3	73	80	0	0	36060	P1-50-17	0	-
753	246.686198	247.123698	C3	72	80	0	0	36060	P1-50-16	0	-
754	247.105469	248.549479	D3	66	80	0	0	36090	P1-51-3	0	-
755	247.111979	249.019531	Bb3	67	80	0	0	36090	P1-51-1	0	-
756	247.141927	248.579427	Bb2	52	80	0	0	36090	P1-51-2	0	-
757	247.143229	248.319010	Bb1	50	80	0	0	36090	P1-51-10	0	-
758	248.833333	249.009115	Eb3	71	80	0	0	36300	P1-51-5	0	-
759	248.837240	249.079427	C3	60	80	0	0	36300	P1-51-4	0	-
760	249.059896	250.279948	F3	62	80	0	0	36330	P1-51-7	0	-
761	249.062500	250.359375	D3	56	80	0	0	36330	P1-51-6	0	-
762	249.350260	249.519531	Bb5	57	80	0	0	36360	P1-51-13	0	-
763	249.555990	249.690104	D6	56	80	0	0	36390	P1-51-14	0	-
764	249.708333	249.889323	Bb5	57	80	0	0	36420	P1-51-15	0	-
765	249.885417	250.033854	F5	47	80	0	0	36450	P1-51-16	0	-
766	250.041667	250.165365	Bb5	60	80	0	0	36480	P1-51-17	0	-
767	250.214844	250.325521	D5	41	80	0	0	36510	P1-51-18	0	-
768	250.358073	250.490885	F5	63	80	0	0	36540	P1-51-19	0	-
769	250.505208	251.119792	F3	55	80	0	0	36570	P1-51-9	0	-
770	250.539062	251.871094	D3	50	80	0	0	36570	P1-51-8	0	-
771	250.542969	250.635417	Bb4	55	80	0	0	36570	P1-51-20	0	-
772	250.673177	250.848958	D5	60	80	0	0	36600	P1-51-21	0	-
773	250.845052	250.953125	F4	50	80	0	0	36630	P1-51-22	0	-
774	250.993490	251.218750	Bb4	58	80	0	0	36660	P1-51-23	0	-
775	251.151042	251.270833	D4	49	80	0	0	36690	P1-51-24	0	-
776	251.319010	251.432292	F4	48	80	0	0	36720	P1-51-25	0	-
777	251.484375	251.699219	Bb3	56	80	0	0	36750	P1-51-26	0	-
778	251.613281	251.725260	D4	56	80	0	0	36780	P1-51-27	0	-
779	251.766927	252.128906	D5	74	80	0	0	36810	P1-52-1	0	-
780	251.769531	252.049479	F3	51	80	0	0	36810	P1-52-9	0	-
781	251.924479	252.209635	Bb3	49	80	0	0	36840	P1-52-10	0	-
782	252.061198	252.449219	D3	50	80	0	0	36870	P1-52-11	0	-
783	252.157552	252.283854	Eb5	71	80	0	0	36900	P1-52-6	0	-
784	252.239583	252.468750	F3	48	80	0	0	36900	P1-52-12	0	-
785	252.255208	252.321615	D5	74	80	0	0	36910	P1-52-7	0	-
786	252.330729	252.444010	C5	73	80	0	0	36920	P1-52-8	0	-
787	252.420573	252.611979	Bb2	60	80	0	0	36930	P1-52-13	0	-
788	252.433594	252.970052	D5	83	80	0	0	36930	P1-52-2	0	-
789	252.643229	252.765625	D3	42	80	0	0	36960	P1-52-14	0	-
790	252.792969	252.976562	F2	54	80	0	0	36990	P1-52-15	0	-
791	252.933594	253.151042	Eb5	84	80	0	0	37020	P1-52-3	0	-
792	252.998698	253.147135	Bb2	57	80	0	0	37020	P1-52-16	0	-
793	253.122396	253.848958	F5	82	80	0	0	37050	P1-52-4	0	-
794	253.174479	253.329427	D2	49	80	0	0	37050	P1-52-17	0	-
795	253.325521	253.569010	Bb1	53	80	0	0	37080	P1-52-18	0	-
796	253.483073	253.789062	D2	60	80	0	0	37110	P1-52-19	0	-
797	253.634115	253.747396	F2	55	80	0	0	37140	P1-52-20	0	-
798	253.765625	254.069010	Bb2	58	80	0	0	37170	P1-52-21	0	-
799	253.925781	254.199219	D2	54	80	0	0	37200	P1-52-22	0	-
800	254.114583	254.609375	F2	52	80	0	0	37230	P1-52-23	0	-
801	254.252604	254.489583	Bb2	59	80	0	0	37260	P1-52-24	0	-
802	254.430990	255.919271	Bb3	80	80	0	0	37290	P1-52-5	0	-
803	254.436198	255.098958	D3	58	80	0	0	37290	P1-52-25	0	-
804	254.595052	254.684896	Bb2	51	80	0	0	37320	P1-52-26	0	-
805	254.710938	255.039062	F2	56	80	0	0	37350	P1-52-27	0	-
806	254.865885	255.119792	D2	57	80	0	0	37380	P1-52-28	0	-
807	255.037760	255.569010	Bb2	50	80	0	0	37410	P1-52-29	0	-
808	255.184896	255.325521	F2	53	80	0	0	37440	P1-52-30	0	-
809	255.355469	255.519531	D2	53	80	0	0	37470	P1-52-31	0	-
810	255.502604	255.839844	Bb1	58	80	0	0	37500	P1-52-32	0	-
811	255.888021	258.829427	A3	65	80	0	0	37530	P1-53-1	0	-
812	255.910156	257.539062	Eb3	66	80	0	0	37530	P1-53-3	0	-
813	255.914062	257.209635	C3	64	80	0	0	37530	P1-53-2	0	-
814	257.514323	257.739583	F3	65	80	0	0	37740	P1-53-5	0	-
815	257.516927	257.718750	D3	56	80	0	0	37740	P1-53-4	0	-
816	257.696615	258.869792	Gb3	72	80	0	0	37770	P1-53-7	0	-
817	257.697917	258.809896	Eb3	66	80	0	0	37770	P1-53-6	0	-
818	257.904948	258.128906	C6	48	80	0	0	37800	P1-53-13	0	-
819	258.083333	258.759115	Eb6	65	80	0	0	37830	P1-53-14	0	-
820	258.204427	258.539062	C6	55	80	0	0	37860	P1-53-15	0	-
821	258.388021	258.549479	A5	51	80	0	0	37890	P1-53-16	0	-
822	258.546875	259.089844	C6	46	80	0	0	37920	P1-53-17	0	-
823	258.696615	258.861979	Gb5	65	80	0	0	37950	P1-53-18	0	-
824	258.863281	259.169271	A5	56	80	0	0	37980	P1-53-19	0	-
825	258.983073	259.718750	Gb3	59	80	0	0	38010	P1-53-9	0	-
826	258.998698	259.449219	Eb3	59	80	0	0	38010	P1-53-8	0	-
827	259.148438	259.291667	Gb5	66	80	0	0	38040	P1-53-21	0	-
828	259.322917	259.453125	C5	61	80	0	0	38070	P1-53-22	0	-
829	259.468750	259.584635	Eb5	66	80	0	0	38100	P1-53-23	0	-
830	259.621094	259.746094	A4	55	80	0	0	38130	P1-53-24	0	-
831	259.765625	259.901042	C5	64	80	0	0	38160	P1-53-25	0	-
832	259.925781	260.149740	Gb4	57	80	0	0	38190	P1-53-26	0	-
833	260.079427	260.279948	A4	58	80	0	0	38220	P1-53-27	0	-
834	260.253906	260.718750	C6	82	80	0	0	38250	P1-54-1	0	-
835	260.285156	260.579427	Eb4	51	80	0	0	38250	P1-54-11	0	-
836	260.421875	260.908854	Gb4	62	80	0	0	38280	P1-54-12	0	-
837	260.576823	260.819010	C4	52	80	0	0	38310	P1-54-13	0	-
838	260.670573	260.794271	D6	75	80	0	0	38340	P1-54-8	0	-
839	260.723958	261.109375	Eb4	52	80	0	0	38340	P1-54-14	0	-
840	260.768229	260.919271	C6	75	80	0	0	38350	P1-54-9	0	-
841	260.838542	261.000000	B5	72	80	0	0	38360	P1-54-10	0	-
842	260.927083	261.289062	A3	59	80	0	0	38370	P1-54-15	0	-
843	260.929688	261.419271	C6	74	80	0	0	38370	P1-54-2	0	-
844	261.084635	261.299479	C4	63	80	0	0	38400	P1-54-16	0	-
845	261.246094	261.509115	Gb3	57	80	0	0	38430	P1-54-17	0	-
846	261.384115	261.635417	D6	90	80	0	0	38460	P1-54-3	0	-
847	261.395833	261.739583	A3	62	80	0	0	38460	P1-54-18	0	-
848	261.587240	262.500000	Eb6	95	80	0	0	38490	P1-54-4	0	-
849	261.619792	262.339844	C3	54	80	0	0	38490	P1-54-19	0	-
850	261.774740	262.059896	Gb3	54	80	0	0	38520	P1-54-20	0	-
851	261.920573	262.500000	Eb3	54	80	0	0	38550	P1-54-21	0	-
852	262.076823	262.369792	A3	52	80	0	0	38580	P1-54-22	0	-
853	262.250000	262.500000	Gb3	49	80	0	0	38610	P1-54-23	0	-
854	262.393229	262.539062	C4	59	80	0	0	38640	P1-54-24	0	-
855	262.546875	262.968750	A3	72	80	0	0	38670	P1-54-25	0	-
856	262.683594	263.009115	Gb3	57	80	0	0	38700	P1-54-26	0	-
857	262.895833	264.519531	Gb4	89	80	0	0	38730	P1-54-7	0	-
858	262.897135	262.908854	A2	61	80	0	0	38730	P1-54-5	0	-
859	262.919271	264.059896	Eb4	71	80	0	0	38730	P1-54-6	0	-
860	262.923177	263.079427	C4	63	80	0	0	38730	P1-54-5	0	-
861	263.055990	263.242188	Eb3	63	80	0	0	38760	P1-54-28	0	-
862	263.240885	264.209635	Bb2	61	80	0	0	38790	P1-54-29	0	-
863	263.384115	263.709635	Gb3	64	80	0	0	38820	P1-54-30	0	-
864	263.535156	263.908854	Eb3	56	80	0	0	38850	P1-54-31	0	-
865	263.694010	264.069010	Bb3	60	80	0	0	38880	P1-54-32	0	-
866	263.871094	264.188802	Gb3	62	80	0	0	38910	P1-54-33	0	-
867	264.018229	264.459635	Eb3	63	80	0	0	38940	P1-54-34	0	-
868	264.302083	265.329427	Eb4	78	80	0	0	38970	P1-55-6	0	-
869	264.304688	266.089844	F4	78	80	0	0	38970	P1-55-1	0	-
870	264.313802	264.878906	C4	70	80	0	0	38970	P1-55-5	0	-
871	264.332031	264.839844	A2	58	80	0	0	38970	P1-55-15	0	-
872	265.194010	265.938802	C4	75	80	0	0	39090	P1-55-8	0	-
873	265.201823	265.938802	A3	68	80	0	0	39090	P1-55-7	0	-
874	265.885417	266.098958	D4	77	80	0	0	39180	P1-55-10	0	-
875	265.894531	266.069010	B3	68	80	0	0	39180	P1-55-9	0	-
876	266.044271	267.098958	Eb4	78	80	0	0	39210	P1-55-12	0	-
877	266.046875	266.889323	C4	66	80	0	0	39210	P1-55-11	0	-
878	266.217448	266.414062	C6	66	80	0	0	39240	P1-55-18	0	-
879	266.395833	266.519531	Eb6	68	80	0	0	39270	P1-55-19	0	-
880	266.509115	266.679688	C6	71	80	0	0	39300	P1-55-20	0	-
881	266.673177	266.839844	A5	71	80	0	0	39330	P1-55-21	0	-
882	266.848958	266.981771	C6	60	80	0	0	39360	P1-55-22	0	-
883	266.996094	267.147135	Eb5	67	80	0	0	39390	P1-55-23	0	-
884	267.145833	267.339844	A5	74	80	0	0	39420	P1-55-24	0	-
885	267.305990	267.839844	Eb4	79	80	0	0	39450	P1-55-14	0	-
886	267.315104	268.039062	C4	65	80	0	0	39450	P1-55-13	0	-
887	267.316406	267.492188	C5	68	80	0	0	39450	P1-55-25	0	-
888	267.485677	267.739583	Eb5	69	80	0	0	39480	P1-55-26	0	-
889	267.645833	267.792969	A4	51	80	0	0	39510	P1-55-27	0	-
890	267.792969	267.921875	C5	70	80	0	0	39540	P1-55-28	0	-
891	267.954427	268.269531	Eb4	60	80	0	0	39570	P1-55-29	0	-
892	268.095052	268.269531	A4	55	80	0	0	39600	P1-55-30	0	-
893	268.238281	268.500000	C4	58	80	0	0	39630	P1-55-31	0	-
894	268.242188	268.639323	C6	91	80	0	0	39630	P1-55-4	0	-
895	268.388021	268.750000	Eb4	57	80	0	0	39660	P1-55-32	0	-
896	268.552083	268.938802	A3	59	80	0	0	39690	P1-56-11	0	-
897	268.644531	269.069010	C6	91	80	0	0	39690	P1-56-1	0	-
898	268.734375	268.944010	C4	66	80	0	0	39720	P1-56-12	0	-
899	268.933594	269.083333	F3	66	80	0	0	39750	P1-56-13	0	-
900	269.036458	269.218750	D6	85	80	0	0	39780	P1-56-8	0	-
901	269.084635	269.269531	A3	61	80	0	0	39780	P1-56-14	0	-
902	269.122396	269.207031	C6	78	80	0	0	39790	P1-56-9	0	-
903	269.192708	269.294271	B5	85	80	0	0	39800	P1-56-10	0	-
904	269.269531	269.403646	C3	65	80	0	0	39810	P1-56-15	0	-
905	269.273438	269.769531	C6	89	80	0	0	39810	P1-56-2	0	-
906	269.420573	269.576823	F3	63	80	0	0	39840	P1-56-16	0	-
907	269.580729	269.714844	A2	78	80	0	0	39870	P1-56-17	0	-
908	269.704427	269.911458	D6	99	80	0	0	39900	P1-56-3	0	-
909	269.729167	269.864583	C3	73	80	0	0	39900	P1-56-18	0	-
910	269.877604	270.509115	Eb6	100	80	0	0	39930	P1-56-4	0	-
911	269.882812	270.074219	F2	74	80	0	0	39930	P1-56-19	0	-
912	270.039062	270.218750	A2	71	80	0	0	39960	P1-56-20	0	-
913	270.207031	270.549479	C2	76	80	0	0	39990	P1-56-21	0	-
914	270.363281	270.679688	F2	66	80	0	0	40020	P1-56-22	0	-
915	270.494792	270.859375	A1	78	80	0	0	40050	P1-56-23	0	-
916	270.674479	271.089844	C2	68	80	0	0	40080	P1-56-24	0	-
917	270.813802	271.199219	F1	75	80	0	0	40110	P1-56-25	0	-
918	270.964844	271.250000	A1	74	80	0	0	40140	P1-56-26	0	-
919	271.235677	272.579427	Eb5	99	80	0	0	40170	P1-56-7	0	-
920	271.253906	272.459635	C5	80	80	0	0	40170	P1-56-6	0	-
921	271.264323	272.619792	A4	72	80	0	0	40170	P1-56-5	0	-
922	271.430990	271.438802	F#1	70	80	0	0	40200	P1-56-28	0	-
923	271.574219	271.750000	A1	68	80	0	0	40230	P1-56-29	0	-
924	271.707031	271.834635	C2	71	80	0	0	40260	P1-56-30	0	-
925	271.854167	272.128906	F#2	72	80	0	0	40290	P1-56-31	0	-
926	272.003906	272.083333	A2	70	80	0	0	40320	P1-56-32	0	-
927	272.161458	272.299479	C2	69	80	0	0	40350	P1-56-33	0	-
928	272.162760	272.309896	C3	67	80	0	0	40350	P1-56-33	0	-
929	272.300781	272.419271	F#3	67	80	0	0	40380	P1-56-34	0	-
930	272.545573	273.979167	D5	76	80	0	0	40410	P1-57-2	0	-
931	272.549479	273.549479	Bb4	69	80	0	0	40410	P1-57-1	0	-
932	272.701823	272.834635	G1	61	80	0	0	40440	P1-57-11	0	-
933	272.833333	273.009115	Bb1	70	80	0	0	40470	P1-57-12	0	-
934	272.979167	273.149740	D2	67	80	0	0	40500	P1-57-13	0	-
935	273.141927	273.253906	G2	61	80	0	0	40530	P1-57-14	0	-
936	273.292969	273.432292	Bb2	63	80	0	0	40560	P1-57-15	0	-
937	273.436198	273.759115	D3	60	80	0	0	40590	P1-57-16	0	-
938	273.585938	273.729167	G3	72	80	0	0	40620	P1-57-17	0	-
939	273.841146	276.408854	G5	104	80	0	0	40650	P1-57-4	0	-
940	274.013021	274.229167	E2	72	80	0	0	40680	P1-57-19	0	-
941	274.167969	274.296875	G2	62	80	0	0	40710	P1-57-20	0	-
942	274.300781	274.433594	Bb2	72	80	0	0	40740	P1-57-21	0	-
943	274.457031	274.619792	E3	69	80	0	0	40770	P1-57-22	0	-
944	274.615885	274.760417	G3	74	80	0	0	40800	P1-57-23	0	-
945	274.764323	274.968750	Bb3	76	80	0	0	40830	P1-57-24	0	-
946	274.923177	275.079427	G3	75	80	0	0	40860	P1-57-25	0	-
947	275.085938	275.878906	Db5	87	80	0	0	40890	P1-57-8	0	-
948	275.085938	276.269531	G4	77	80	0	0	40890	P1-57-6	0	-
949	275.087240	275.819010	Bb4	76	80	0	0	40890	P1-57-7	0	-
950	275.096354	275.369792	Db4	77	80	0	0	40890	P1-57-26	0	-
951	275.286458	275.407552	Bb3	79	80	0	0	40920	P1-57-27	0	-
952	275.423177	275.529948	G3	80	80	0	0	40950	P1-57-28	0	-
953	275.562500	275.628906	E3	69	80	0	0	40980	P1-57-29	0	-
954	275.723958	275.863281	Db3	63	80	0	0	41010	P1-57-30	0	-
955	275.867188	276.005208	Bb2	63	80	0	0	41040	P1-57-31	0	-
956	276.027344	276.147135	G2	58	80	0	0	41070	P1-57-32	0	-
957	276.187500	276.359375	E2	57	80	0	0	41100	P1-57-33	0	-
958	276.589844	277.979167	F5	69	80	0	0	41130	P1-58-1	0	-
959	276.755208	276.929688	F2	42	80	0	0	41160	P1-58-13	0	-
960	276.970052	277.071615	Bb2	40	80	0	0	41190	P1-58-14	0	-
961	277.102865	277.218750	D3	50	80	0	0	41220	P1-58-15	0	-
962	277.251302	277.459635	F3	45	80	0	0	41250	P1-58-16	0	-
963	277.423177	277.514323	D3	46	80	0	0	41280	P1-58-17	0	-
964	277.555990	277.679688	Bb2	43	80	0	0	41310	P1-58-18	0	-
965	277.709635	277.882812	F2	42	80	0	0	41340	P1-58-19	0	-
966	277.906250	278.908854	D5	60	80	0	0	41370	P1-58-10	0	-
967	277.914062	278.889323	Bb4	52	80	0	0	41370	P1-58-9	0	-
968	277.915365	277.989583	Bb2	44	80	0	0	41370	P1-58-8	0	-
969	277.915365	278.878906	F4	46	80	0	0	41370	P1-58-8	0	-
970	278.046875	278.750000	F2	49	80	0	0	41400	P1-58-21	0	-
971	278.220052	278.419271	Bb2	52	80	0	0	41430	P1-58-22	0	-
972	278.371094	278.507812	D3	53	80	0	0	41460	P1-58-23	0	-
973	278.532552	278.729167	F3	50	80	0	0	41490	P1-58-24	0	-
974	278.684896	278.863281	D3	48	80	0	0	41520	P1-58-25	0	-
975	278.864583	278.977865	Bb2	55	80	0	0	41550	P1-58-26	0	-
976	278.990885	279.238281	F2	52	80	0	0	41580	P1-58-27	0	-
977	279.166667	280.459635	A4	57	80	0	0	41610	P1-58-5	0	-
978	279.173177	279.352865	Eb3	61	80	0	0	41610	P1-58-28	0	-
979	279.191406	280.269531	F4	49	80	0	0	41610	P1-58-4	0	-
980	279.192708	280.348958	C4	47	80	0	0	41610	P1-58-2	0	-
981	279.192708	279.199219	Bb2	51	80	0	0	41610	P1-58-28	0	-
982	279.388021	279.559896	C3	51	80	0	0	41640	P1-58-29	0	-
983	279.544271	279.722656	A2	57	80	0	0	41670	P1-58-30	0	-
984	279.744792	279.898438	F2	52	80	0	0	41700	P1-58-31	0	-
985	279.886719	280.039062	Eb2	59	80	0	0	41730	P1-58-32	0	-
986	280.080729	280.223958	C2	57	80	0	0	41760	P1-58-33	0	-
987	280.240885	280.410156	A1	60	80	0	0	41790	P1-58-34	0	-
988	280.415365	280.819010	F1	57	80	0	0	41820	P1-58-35	0	-
989	280.774740	281.479167	Bb4	51	80	0	0	41850	P1-59-4	0	-
990	280.782552	281.449219	D4	45	80	0	0	41850	P1-59-2	0	-
991	280.796875	281.289062	Bb3	41	80	0	0	41850	P1-59-1	0	-
992	280.796875	281.459635	F4	38	80	0	0	41850	P1-59-3	0	-
993	280.805990	281.069010	Bb1	40	80	0	0	41850	P1-59-8	0	-
994	280.812500	281.029948	Bb2	39	80	0	0	41850	P1-59-1	0	-
995	282.031250	282.169271	Bb2	45	80	0	0	42030	P1-59-10	0	-
996	282.123698	282.187500	Bb1	55	80	0	0	42050	P1-59-11	0	-
997	282.201823	282.399740	Bb2	53	80	0	0	42070	P1-59-12	0	-
998	282.304688	282.459635	Bb1	67	80	0	0	42090	P1-59-13	0	-
999	283.614583	283.674479	Bb2	48	80	0	0	42270	P1-59-15	0	-
1000	283.704427	283.839844	Bb1	62	80	0	0	42290	P1-59-16	0	-
1001	283.807292	283.861979	Bb2	54	80	0	0	42310	P1-59-17	0	-
1002	283.880208	283.968750	Bb1	62	80	0	0	42330	P1-59-18	0	-
1003	285.148438	285.309896	Bb2	48	80	0	0	42510	P1-59-20	0	-
1004	285.233073	285.389323	Bb1	66	80	0	0	42530	P1-59-21	0	-
1005	285.445312	287.199219	F4	71	80	0	0	42570	P1-60-3	0	-
1006	285.454427	285.579427	D4	56	80	0	0	42570	P1-60-1	0	-
1007	285.455729	287.089844	Ab3	69	80	0	0	42570	P1-60-1	0	-
1008	285.458333	285.649740	Bb2	58	80	0	0	42570	P1-60-2	0	-
1009	285.459635	285.559896	Bb1	51	80	0	0	42570	P1-60-10	0	-
1010	285.462240	286.878906	Bb3	65	80	0	0	42570	P1-60-2	0	-
1011	286.971354	288.609375	Eb4	70	80	0	0	42810	P1-60-6	0	-
1012	286.994792	288.218750	Bb3	51	80	0	0	42810	P1-60-5	0	-
1013	287.000000	288.489583	G3	50	80	0	0	42810	P1-60-4	0	-
1014	288.407552	289.919271	D4	66	80	0	0	43050	P1-60-9	0	-
1015	288.415365	289.699219	Bb3	57	80	0	0	43050	P1-60-8	0	-
1016	288.445312	289.639323	F#3	45	80	0	0	43050	P1-60-7	0	-
1017	289.924479	291.968750	D4	64	80	0	0	43290	P1-61-3	0	-
1018	289.953125	293.489583	Bb3	49	80	0	0	43290	P1-61-2	0	-
1019	289.955729	291.679688	F#3	45	80	0	0	43290	P1-61-1	0	-
1020	291.427083	291.579427	Bb2	46	80	0	0	43470	P1-61-11	0	-
1021	291.516927	291.709635	Bb1	48	80	0	0	43490	P1-61-12	0	-
1022	291.584635	291.789062	Bb2	51	80	0	0	43510	P1-61-13	0	-
1023	291.688802	293.348958	Eb4	46	80	0	0	43530	P1-61-6	0	-
1024	291.713542	292.649740	G3	38	80	0	0	43530	P1-61-4	0	-
1025	291.716146	291.848958	Bb1	48	80	0	0	43530	P1-61-14	0	-
1026	292.881510	293.000000	Bb2	41	80	0	0	43710	P1-61-16	0	-
1027	292.963542	293.027344	Bb1	57	80	0	0	43730	P1-61-17	0	-
1028	293.033854	293.218750	Bb2	38	80	0	0	43750	P1-61-18	0	-
1029	293.141927	293.289062	Bb1	60	80	0	0	43770	P1-61-19	0	-
1030	294.291667	294.346354	Bb2	47	80	0	0	43950	P1-61-21	0	-
1031	294.381510	294.453125	Bb1	61	80	0	0	43970	P1-61-22	0	-
1032	294.470052	294.519531	Bb2	55	80	0	0	43990	P1-61-23	0	-
1033	294.604167	296.139323	Ab4	74	80	0	0	44010	P1-62-3	0	-
1034	294.610677	294.759115	Bb1	53	80	0	0	44010	P1-62-10	0	-
1035	294.615885	295.489583	F4	53	80	0	0	44010	P1-62-2	0	-
1036	294.623698	295.559896	Bb3	50	80	0	0	44010	P1-62-1	0	-
1037	296.053385	297.658854	G4	64	80	0	0	44250	P1-62-6	0	-
1038	296.083333	297.079427	Eb4	48	80	0	0	44250	P1-62-5	0	-
1039	296.097656	296.919271	Bb3	33	80	0	0	44250	P1-62-4	0	-
1040	297.475260	298.359375	F#4	57	80	0	0	44490	P1-62-9	0	-
1041	297.496094	298.319010	D4	38	80	0	0	44490	P1-62-8	0	-
1042	297.503906	297.509115	Bb2	34	80	0	0	44490	P1-62-7	0	-
1043	297.505208	298.250000	Bb3	34	80	0	0	44490	P1-62-7	0	-
1044	298.983073	300.889323	F#4	62	80	0	0	44730	P1-63-2	0	-
1045	299.014323	300.869792	D4	40	80	0	0	44730	P1-63-1	0	-
1046	299.020833	302.500000	Bb3	33	80	0	0	44730	P1-63-8	0	-
1047	300.410156	300.539062	Eb3	49	80	0	0	44910	P1-63-12	0	-
1048	300.497396	300.669271	Eb2	54	80	0	0	44930	P1-63-13	0	-
1049	300.591146	300.809896	Eb3	51	80	0	0	44950	P1-63-14	0	-
1050	300.674479	302.500000	G4	49	80	0	0	44970	P1-63-4	0	-
1051	300.675781	300.908854	Eb2	46	80	0	0	44970	P1-63-15	0	-
1052	300.680990	303.459635	Eb4	41	80	0	0	44970	P1-63-3	0	-
1053	301.906250	302.000000	Eb3	49	80	0	0	45150	P1-63-17	0	-
1054	301.993490	302.089844	Eb2	54	80	0	0	45170	P1-63-18	0	-
1055	302.055990	302.188802	Eb3	68	80	0	0	45190	P1-63-19	0	-
1056	302.167969	302.317708	Eb2	62	80	0	0	45210	P1-63-20	0	-
1057	302.846354	303.669271	G4	69	80	0	0	45330	P1-63-7	0	-
1058	303.316406	303.369792	Eb3	59	80	0	0	45390	P1-63-22	0	-
1059	303.424479	303.579427	Eb2	58	80	0	0	45410	P1-63-23	0	-
1060	303.485677	303.589844	Eb3	58	80	0	0	45430	P1-63-24	0	-
1061	303.617188	304.000000	Eb2	54	80	0	0	45450	P1-64-9	0	-
1062	303.644531	305.239583	Eb5	88	80	0	0	45450	P1-64-2	0	-
1063	303.677083	304.819010	G4	46	80	0	0	45450	P1-64-1	0	-
1064	305.088542	306.929688	C5	80	80	0	0	45690	P1-64-5	0	-
1065	305.100260	306.199219	G4	53	80	0	0	45690	P1-64-4	0	-
1066	305.135417	306.169271	Eb4	47	80	0	0	45690	P1-64-3	0	-
1067	306.723958	308.589844	Bb4	75	80	0	0	45930	P1-64-8	0	-
1068	306.733073	308.149740	G4	58	80	0	0	45930	P1-64-7	0	-
1069	306.774740	308.299479	D4	44	80	0	0	45930	P1-64-6	0	-
1070	308.932292	310.809896	A4	46	80	0	0	46170	P1-65-3	0	-
1071	308.958333	310.819010	F4	37	80	0	0	46170	P1-65-2	0	-
1072	308.964844	309.429688	C4	31	80	0	0	46170	P1-65-1	0	-
1073	308.966146	309.158854	D4	31	80	0	0	46170	P1-65-1	0	-
1074	309.949219	310.029948	F3	31	80	0	0	46350	P1-65-15	0	-
1075	310.016927	310.082031	F2	50	80	0	0	46370	P1-65-16	0	-
1076	310.113281	310.359375	F3	50	80	0	0	46390	P1-65-17	0	-
1077	310.210938	310.369792	F2	55	80	0	0	46410	P1-65-18	0	-
1078	310.822917	311.348958	A4	44	80	0	0	46530	P1-65-6	0	-
1079	310.832031	311.274740	F4	32	80	0	0	46530	P1-65-5	0	-
1080	310.838542	311.079427	C4	31	80	0	0	46530	P1-65-4	0	-
1081	311.195312	311.257812	F6	64	80	0	0	46590	P1-65-20	0	-
1082	311.286458	311.352865	F5	62	80	0	0	46610	P1-65-21	0	-
1083	311.373698	311.539062	F6	62	80	0	0	46630	P1-65-22	0	-
1084	311.462240	311.709635	F5	59	80	0	0	46650	P1-65-23	0	-
1085	311.489583	311.989583	F4	37	80	0	0	46650	P1-65-8	0	-
1086	311.494792	312.279948	Bb4	54	80	0	0	46650	P1-65-9	0	-
1087	311.497396	312.229167	D4	43	80	0	0	46650	P1-65-7	0	-
1088	312.134115	312.649740	C5	63	80	0	0	46770	P1-65-12	0	-
1089	312.145833	312.699219	F4	47	80	0	0	46770	P1-65-11	0	-
1090	312.154948	312.699219	Eb4	48	80	0	0	46770	P1-65-10	0	-
1091	312.877604	314.419271	C5	77	80	0	0	46890	P1-66-2	0	-
1092	312.898438	314.098958	F4	50	80	0	0	46890	P1-66-16	0	-
1093	312.906250	314.109375	Eb4	51	80	0	0	46890	P1-66-1	0	-
1094	314.084635	314.589844	A4	46	80	0	0	47070	P1-66-4	0	-
1095	314.084635	314.348958	C#4	47	80	0	0	47070	P1-66-3	0	-
1096	314.100260	314.161458	F3	44	80	0	0	47070	P1-66-3	0	-
1097	314.105469	314.389323	F4	38	80	0	0	47070	P1-66-3	0	-
1098	314.194010	314.378906	F2	49	80	0	0	47090	P1-66-20	0	-
1099	314.270833	314.429688	F3	54	80	0	0	47110	P1-66-21	0	-
1100	314.385417	314.561198	F2	47	80	0	0	47130	P1-66-22	0	-
1101	314.399740	314.859375	D4	51	80	0	0	47250	P1-66-7	0	-
1102	314.399740	314.899740	Bb4	64	80	0	0	47250	P1-66-9	0	-
1103	314.402344	314.819010	F4	45	80	0	0	47250	P1-66-8	0	-
1104	315.016927	315.628906	Bb4	58	80	0	0	47250	P1-66-9	0	-
1105	315.024740	315.649740	D4	48	80	0	0	47250	P1-66-7	0	-
1106	315.027344	315.549479	F4	47	80	0	0	47250	P1-66-8	0	-
1107	315.412760	315.467448	F6	70	80	0	0	47310	P1-66-24	0	-
1108	315.494792	315.565104	F5	68	80	0	0	47330	P1-66-25	0	-
1109	315.572917	315.729167	F6	81	80	0	0	47350	P1-66-26	0	-
1110	315.664062	316.109375	F5	79	80	0	0	47370	P1-66-27	0	-
1111	315.684896	316.149740	F4	52	80	0	0	47370	P1-66-10	0	-
1112	315.692708	316.179688	C5	71	80	0	0	47370	P1-66-12	0	-
1113	315.694010	316.128906	A4	57	80	0	0	47370	P1-66-11	0	-
1114	316.324219	316.938802	D5	90	80	0	0	47490	P1-66-15	0	-
1115	316.351562	316.869792	Bb4	59	80	0	0	47490	P1-66-14	0	-
1116	316.358073	316.899740	F4	60	80	0	0	47490	P1-66-13	0	-
1117	317.092448	318.269531	D5	81	80	0	0	47610	P1-67-2	0	-
1118	317.101562	317.639323	Bb4	69	80	0	0	47610	P1-67-1	0	-
1119	317.119792	318.779948	F4	62	80	0	0	47610	P1-67-16	0	-
1120	317.128906	317.139323	Bb3	45	80	0	0	47610	P1-67-1	0	-
1121	318.154948	318.500000	B4	66	80	0	0	47790	P1-67-4	0	-
1122	318.174479	318.449219	G#4	60	80	0	0	47790	P1-67-3	0	-
1123	318.174479	318.239583	F3	51	80	0	0	47790	P1-67-20	0	-
1124	318.273438	318.389323	F2	66	80	0	0	47810	P1-67-21	0	-
1125	318.363281	318.529948	F3	64	80	0	0	47830	P1-67-22	0	-
1126	318.446615	318.848958	C5	80	80	0	0	47850	P1-67-6	0	-
1127	318.457031	318.869792	A4	64	80	0	0	47850	P1-67-5	0	-
1128	318.464844	318.656250	F2	58	80	0	0	47850	P1-67-23	0	-
1129	319.108073	319.718750	C5	80	80	0	0	47970	P1-67-9	0	-
1130	319.121094	319.619792	F4	59	80	0	0	47970	P1-67-7	0	-
1131	319.122396	319.688802	A4	57	80	0	0	47970	P1-67-8	0	-
1132	319.506510	319.572917	F6	82	80	0	0	48030	P1-67-25	0	-
1133	319.593750	319.679688	F5	79	80	0	0	48050	P1-67-26	0	-
1134	319.687500	319.799479	F6	89	80	0	0	48070	P1-67-27	0	-
1135	319.785156	320.309896	F5	88	80	0	0	48090	P1-67-28	0	-
1136	319.785156	320.509115	D5	89	80	0	0	48090	P1-67-12	0	-
1137	319.792969	320.468750	Bb4	80	80	0	0	48090	P1-67-11	0	-
1138	319.794271	320.329427	F4	72	80	0	0	48090	P1-67-10	0	-
1139	320.444010	321.089844	Eb5	95	80	0	0	48210	P1-67-15	0	-
1140	320.455729	321.149740	C5	77	80	0	0	48210	P1-67-14	0	-
1141	320.463542	321.209635	F4	71	80	0	0	48210	P1-67-13	0	-
1142	321.295573	322.709635	Eb5	96	80	0	0	48330	P1-68-2	0	-
1143	321.316406	322.259115	C5	68	80	0	0	48330	P1-68-1	0	-
1144	321.316406	322.989583	F4	72	80	0	0	48330	P1-68-18	0	-
1145	322.354167	322.533854	C#5	74	80	0	0	48510	P1-68-4	0	-
1146	322.363281	322.750000	A4	59	80	0	0	48510	P1-68-3	0	-
1147	322.373698	322.468750	F3	62	80	0	0	48510	P1-68-22	0	-
1148	322.463542	322.649740	F2	70	80	0	0	48530	P1-68-23	0	-
1149	322.550781	322.869792	F3	73	80	0	0	48550	P1-68-24	0	-
1150	322.648438	323.139323	D5	83	80	0	0	48570	P1-68-6	0	-
1151	322.653646	323.049479	Bb4	76	80	0	0	48570	P1-68-5	0	-
1152	322.664062	322.938802	F2	65	80	0	0	48570	P1-68-25	0	-
1153	323.312500	323.889323	D5	84	80	0	0	48690	P1-68-9	0	-
1154	323.316406	323.878906	Bb4	75	80	0	0	48690	P1-68-8	0	-
1155	323.319010	323.899740	F4	75	80	0	0	48690	P1-68-7	0	-
1156	323.324219	323.329427	Bb3	70	80	0	0	48690	P1-68-8	0	-
1157	323.743490	323.821615	F6	95	80	0	0	48750	P1-68-27	0	-
1158	323.832031	323.921875	F5	89	80	0	0	48770	P1-68-28	0	-
1159	323.934896	324.039062	F6	98	80	0	0	48790	P1-68-29	0	-
1160	324.010417	324.109375	F5	90	80	0	0	48810	P1-68-30	0	-
1161	324.045573	324.709635	E5	95	80	0	0	48810	P1-68-13	0	-
1162	324.052083	324.688802	Db5	84	80	0	0	48810	P1-68-12	0	-
1163	324.052083	324.679688	Bb4	84	80	0	0	48810	P1-68-11	0	-
1164	324.053385	324.669271	G4	84	80	0	0	48810	P1-68-10	0	-
1165	324.783854	325.299479	E5	93	80	0	0	48930	P1-68-17	0	-
1166	324.785156	326.029948	Db5	85	80	0	0	48930	P1-68-16	0	-
1167	324.787760	326.158854	Bb4	83	80	0	0	48930	P1-68-15	0	-
1168	324.790365	326.158854	G4	82	80	0	0	48930	P1-68-14	0	-
1169	325.274740	325.419271	F6	99	80	0	0	48990	P1-68-32	0	-
1170	325.391927	325.559896	F5	80	80	0	0	49010	P1-68-33	0	-
1171	325.503906	325.829427	F6	97	80	0	0	49030	P1-68-34	0	-
1172	326.063802	326.589844	F5	69	80	0	0	49050	P1-69-3	0	-
1173	326.066406	326.649740	C5	50	80	0	0	49050	P1-69-2	0	-
1174	326.071615	326.554688	A4	45	80	0	0	49050	P1-69-1	0	-
1175	326.993490	328.179688	A4	57	80	0	0	49170	P1-69-5	0	-
1176	326.994792	328.158854	C5	70	80	0	0	49170	P1-69-6	0	-
1177	327.003906	328.128906	F4	53	80	0	0	49170	P1-69-4	0	-
1178	327.354167	327.423177	F3	52	80	0	0	49230	P1-69-18	0	-
1179	327.463542	327.524740	F2	53	80	0	0	49260	P1-69-19	0	-
1180	327.611979	327.769531	F3	54	80	0	0	49290	P1-69-20	0	-
1181	328.276042	328.878906	C5	64	80	0	0	49410	P1-69-9	0	-
1182	328.282552	328.718750	F4	47	80	0	0	49410	P1-69-7	0	-
1183	328.287760	328.819010	A4	51	80	0	0	49410	P1-69-8	0	-
1184	328.643229	328.746094	F6	71	80	0	0	49470	P1-69-22	0	-
1185	328.760417	328.889323	F5	63	80	0	0	49500	P1-69-23	0	-
1186	328.912760	329.119792	F6	76	80	0	0	49530	P1-69-24	0	-
1187	328.932292	330.029948	E6	69	80	0	0	49530	P1-69-24	0	-
1188	328.944010	330.128906	E5	62	80	0	0	49530	P1-69-12	0	-
1189	328.955729	329.489583	Bb4	43	80	0	0	49530	P1-69-11	0	-
1190	328.960938	329.489583	G4	38	80	0	0	49530	P1-69-10	0	-
1191	329.658854	330.128906	C5	59	80	0	0	49650	P1-69-15	0	-
1192	329.664062	330.169271	Bb4	51	80	0	0	49650	P1-69-14	0	-
1193	329.664062	330.169271	G4	42	80	0	0	49650	P1-69-13	0	-
1194	329.671875	329.679688	Bb2	35	80	0	0	49650	P1-69-13	0	-
1195	330.484375	331.158854	F5	68	80	0	0	49770	P1-70-3	0	-
1196	330.510417	331.039062	A4	41	80	0	0	49770	P1-70-2	0	-
1197	330.514323	331.049479	F4	39	80	0	0	49770	P1-70-1	0	-
1198	331.329427	332.419271	C5	62	80	0	0	49890	P1-70-6	0	-
1199	331.339844	332.369792	F4	43	80	0	0	49890	P1-70-4	0	-
1200	331.342448	332.408854	A4	46	80	0	0	49890	P1-70-5	0	-
1201	331.662760	331.716146	F3	52	80	0	0	49950	P1-70-18	0	-
1202	331.768229	331.855469	F2	54	80	0	0	49980	P1-70-19	0	-
1203	331.924479	331.996094	F3	50	80	0	0	50010	P1-70-20	0	-
1204	332.563802	333.098958	C5	63	80	0	0	50130	P1-70-9	0	-
1205	332.567708	333.019531	F4	44	80	0	0	50130	P1-70-7	0	-
1206	332.570312	333.069010	A4	47	80	0	0	50130	P1-70-8	0	-
1207	332.964844	333.057292	F6	72	80	0	0	50190	P1-70-22	0	-
1208	333.063802	333.111979	F5	65	80	0	0	50220	P1-70-23	0	-
1209	333.213542	333.529948	F6	80	80	0	0	50250	P1-70-24	0	-
1210	333.218750	333.619792	F5	66	80	0	0	50250	P1-70-12	0	-
1211	333.227865	333.679688	E6	70	80	0	0	50250	P1-70-24	0	-
1212	333.234375	334.279948	E5	62	80	0	0	50250	P1-70-12	0	-
1213	333.244792	333.769531	Bb4	43	80	0	0	50250	P1-70-11	0	-
1214	333.260417	333.699219	G4	37	80	0	0	50250	P1-70-10	0	-
1215	333.921875	334.438802	C5	63	80	0	0	50370	P1-70-15	0	-
1216	333.942708	334.341146	Bb4	50	80	0	0	50370	P1-70-14	0	-
1217	333.945312	334.399740	G4	34	80	0	0	50370	P1-70-13	0	-
1218	334.684896	335.279948	F5	72	80	0	0	50490	P1-71-3	0	-
1219	334.714844	335.259115	A4	44	80	0	0	50490	P1-71-2	0	-
1220	334.720052	335.138021	F4	39	80	0	0	50490	P1-71-1	0	-
1221	335.506510	337.218750	C5	70	80	0	0	50610	P1-71-6	0	-
1222	335.524740	336.589844	F4	46	80	0	0	50610	P1-71-4	0	-
1223	335.526042	336.609375	A4	47	80	0	0	50610	P1-71-5	0	-
1224	335.864583	335.921875	F3	47	80	0	0	50670	P1-71-15	0	-
1225	335.985677	336.069010	F2	53	80	0	0	50700	P1-71-16	0	-
1226	336.144531	336.289062	F3	41	80	0	0	50730	P1-71-17	0	-
1227	336.838542	338.199219	A4	60	80	0	0	50850	P1-71-9	0	-
1228	336.860677	337.889323	F4	44	80	0	0	50850	P1-71-8	0	-
1229	336.864583	337.000000	C4	41	80	0	0	50850	P1-71-7	0	-
1230	337.248698	337.298177	F3	47	80	0	0	50910	P1-71-19	0	-
1231	337.350260	337.406250	F2	55	80	0	0	50940	P1-71-20	0	-
1232	337.496094	337.639323	F3	45	80	0	0	50970	P1-71-21	0	-
1233	338.171875	339.389323	F4	53	80	0	0	51090	P1-71-12	0	-
1234	338.195312	338.968750	C4	41	80	0	0	51090	P1-71-11	0	-
1235	338.199219	339.059896	A3	40	80	0	0	51090	P1-71-10	0	-
1236	338.565104	338.679688	F3	51	80	0	0	51150	P1-71-23	0	-
1237	338.680990	338.799479	F2	57	80	0	0	51180	P1-71-24	0	-
1238	338.850260	339.009115	F3	55	80	0	0	51210	P1-72-13	0	-
1239	339.592448	340.750000	F4	56	80	0	0	51330	P1-72-14	0	-
1240	340.333333	341.119792	E4	56	80	0	0	51450	P1-72-15	0	-
1241	341.053385	342.269531	F4	65	80	0	0	51570	P1-72-19	0	-
1242	341.054688	342.000000	Eb4	60	80	0	0	51570	P1-72-16	0	-
1243	341.800781	342.609375	D4	60	80	0	0	51690	P1-72-17	0	-
1244	342.253906	342.339844	G4	63	80	0	0	51750	P1-72-7	0	-
1245	342.414062	342.549479	A4	72	80	0	0	51780	P1-72-8	0	-
1246	342.561198	342.705729	Bb4	82	80	0	0	51810	P1-72-9	0	-
1247	342.651042	343.214844	C4	41	80	0	0	51810	P1-72-18	0	-
1248	342.651042	343.204427	Eb4	47	80	0	0	51810	P1-72-20	0	-
1249	342.708333	342.774740	C5	82	80	0	0	51840	P1-72-10	0	-
1250	342.863281	342.912760	D5	83	80	0	0	51870	P1-72-11	0	-
1251	343.015625	343.157552	Eb5	89	80	0	0	51900	P1-72-12	0	-
1252	343.421875	346.029948	F5	73	80	0	0	51930	P1-73-1	0	-
1253	343.527344	343.713542	Bb2	35	80	0	0	51930	P1-73-9	0	-
1254	344.252604	345.339844	Bb3	29	80	0	0	52050	P1-73-10	0	-
1255	344.924479	345.598958	F4	36	80	0	0	52170	P1-73-12	0	-
1256	344.924479	345.929688	D4	35	80	0	0	52170	P1-73-11	0	-
1257	344.925781	346.179688	Bb4	45	80	0	0	52170	P1-73-7	0	-
1258	345.566406	346.649740	Bb3	33	80	0	0	52290	P1-73-13	0	-
1259	346.097656	346.509115	D5	64	80	0	0	52380	P1-73-3	0	-
1260	346.354167	347.809896	Bb5	73	80	0	0	52410	P1-73-4	0	-
1261	346.397135	348.569010	Bb4	39	80	0	0	52410	P1-73-8	0	-
1262	346.410156	347.309896	Eb4	34	80	0	0	52410	P1-73-14	0	-
1263	346.410156	347.039062	G4	30	80	0	0	52410	P1-73-15	0	-
1264	347.066406	348.119792	Bb3	33	80	0	0	52530	P1-73-16	0	-
1265	347.555990	347.899740	G5	77	80	0	0	52620	P1-73-5	0	-
1266	347.753906	349.529948	F5	71	80	0	0	52650	P1-74-1	0	-
1267	347.825521	348.609375	F4	33	80	0	0	52650	P1-74-11	0	-
1268	347.825521	348.709635	D4	30	80	0	0	52650	P1-74-10	0	-
1269	348.455729	349.500000	Bb3	35	80	0	0	52770	P1-74-12	0	-
1270	349.105469	350.218750	Bb4	43	80	0	0	52890	P1-74-7	0	-
1271	349.135417	350.000000	F4	30	80	0	0	52890	P1-74-14	0	-
1272	349.144531	350.069010	D4	28	80	0	0	52890	P1-74-13	0	-
1273	349.803385	350.750000	Bb3	33	80	0	0	53010	P1-74-15	0	-
1274	350.292969	350.649740	D5	69	80	0	0	53100	P1-74-3	0	-
1275	350.502604	352.098958	Eb5	78	80	0	0	53130	P1-74-4	0	-
1276	350.595052	351.959635	G3	40	80	0	0	53130	P1-74-16	0	-
1277	351.292969	352.149740	Eb3	40	80	0	0	53250	P1-74-17	0	-
1278	351.298177	352.128906	G4	33	80	0	0	53250	P1-74-9	0	-
1279	351.800781	352.209635	C5	74	80	0	0	53340	P1-74-5	0	-
1280	352.015625	354.289062	Bb4	74	80	0	0	53370	P1-75-1	0	-
1281	352.084635	352.839844	F2	35	80	0	0	53370	P1-75-10	0	-
1282	352.673177	353.149740	D4	47	80	0	0	53490	P1-75-7	0	-
1283	352.692708	353.389323	F3	39	80	0	0	53490	P1-75-11	0	-
1284	353.377604	354.259115	D4	42	80	0	0	53610	P1-75-13	0	-
1285	353.377604	354.459635	F4	50	80	0	0	53610	P1-75-8	0	-
1286	353.394531	354.539062	Bb3	35	80	0	0	53610	P1-75-12	0	-
1287	353.397135	353.959635	F3	36	80	0	0	53610	P1-75-8	0	-
1288	354.019531	355.639323	F3	42	80	0	0	53730	P1-75-14	0	-
1289	354.794271	355.320312	D5	77	80	0	0	53850	P1-75-2	0	-
1290	354.834635	356.119792	F4	39	80	0	0	53850	P1-75-9	0	-
1291	354.839844	354.979167	C4	40	80	0	0	53850	P1-75-16	0	-
1292	354.845052	356.188802	A3	39	80	0	0	53850	P1-75-15	0	-
1293	355.263021	355.718750	C5	78	80	0	0	53910	P1-75-3	0	-
1294	355.613281	356.199219	Bb4	76	80	0	0	53970	P1-75-4	0	-
1295	355.644531	356.539062	F3	46	80	0	0	53970	P1-75-17	0	-
1296	355.929688	356.209635	C5	83	80	0	0	54030	P1-75-5	0	-
1297	356.311198	357.989583	C5	83	80	0	0	54090	P1-76-1	0	-
1298	356.345052	358.188802	F4	47	80	0	0	54090	P1-76-13	0	-
1299	356.345052	358.529948	Bb2	54	80	0	0	54090	P1-76-21	0	-
1300	356.361979	358.128906	A3	53	80	0	0	54090	P1-76-15	0	-
1301	357.273438	358.218750	F3	54	80	0	0	54210	P1-76-16	0	-
1302	357.868490	358.052083	C#5	69	80	0	0	54300	P1-76-2	0	-
1303	358.037760	358.549479	D5	69	80	0	0	54330	P1-76-3	0	-
1304	358.084635	358.919271	Bb3	44	80	0	0	54330	P1-76-17	0	-
1305	358.759115	359.679688	D3	61	80	0	0	54450	P1-76-18	0	-
1306	359.462240	360.649740	Eb3	68	80	0	0	54570	P1-76-19	0	-
1307	359.743490	359.809896	F4	71	80	0	0	54600	P1-76-6	0	-
1308	359.917969	360.006510	G4	67	80	0	0	54630	P1-76-7	0	-
1309	360.042969	360.098958	A4	82	80	0	0	54660	P1-76-8	0	-
1310	360.194010	360.973958	C3	59	80	0	0	54690	P1-76-20	0	-
1311	360.195312	360.333333	Bb4	81	80	0	0	54690	P1-76-9	0	-
1312	360.333333	360.417969	C5	84	80	0	0	54720	P1-76-10	0	-
1313	360.475260	360.533854	D5	88	80	0	0	54750	P1-76-11	0	-
1314	360.630208	360.839844	Eb5	93	80	0	0	54780	P1-76-12	0	-
1315	360.963542	362.848958	F5	84	80	0	0	54810	P1-77-1	0	-
1316	361.006510	361.579427	Bb2	41	80	0	0	54810	P1-77-9	0	-
1317	361.791667	363.158854	Bb3	40	80	0	0	54930	P1-77-10	0	-
1318	362.130208	362.539062	A4	48	80	0	0	54990	P1-77-7	0	-
1319	362.480469	364.938802	Bb4	50	80	0	0	55050	P1-77-8	0	-
1320	362.523438	363.429688	D4	33	80	0	0	55050	P1-77-11	0	-
1321	362.527344	363.468750	F4	33	80	0	0	55050	P1-77-12	0	-
1322	363.165365	364.479167	Bb3	37	80	0	0	55170	P1-77-13	0	-
1323	363.733073	364.069010	D5	65	80	0	0	55260	P1-77-3	0	-
1324	363.976562	365.549479	Bb5	74	80	0	0	55290	P1-77-4	0	-
1325	364.054688	364.809896	G4	34	80	0	0	55290	P1-77-15	0	-
1326	364.055990	365.209635	Eb4	35	80	0	0	55290	P1-77-14	0	-
1327	364.774740	365.899740	Bb3	40	80	0	0	55410	P1-77-16	0	-
1328	365.264323	365.609375	G5	79	80	0	0	55500	P1-77-5	0	-
1329	365.468750	367.500000	F5	85	80	0	0	55530	P1-78-1	0	-
1330	365.546875	366.489583	D4	43	80	0	0	55530	P1-78-11	0	-
1331	365.549479	366.459635	F4	41	80	0	0	55530	P1-78-12	0	-
1332	366.200521	367.348958	Bb3	49	80	0	0	55650	P1-78-13	0	-
1333	366.541667	366.938802	A4	59	80	0	0	55710	P1-78-7	0	-
1334	366.882812	368.079427	Bb4	68	80	0	0	55770	P1-78-8	0	-
1335	366.925781	367.669271	F4	44	80	0	0	55770	P1-78-15	0	-
1336	366.928385	367.929688	D4	42	80	0	0	55770	P1-78-14	0	-
1337	367.605469	368.848958	Bb3	51	80	0	0	55890	P1-78-16	0	-
1338	368.132812	368.519531	D5	82	80	0	0	55980	P1-78-3	0	-
1339	368.428385	369.015625	F5	95	80	0	0	56010	P1-78-4	0	-
1340	368.494792	369.169271	Bb4	50	80	0	0	56010	P1-78-9	0	-
1341	368.505208	369.489583	G3	55	80	0	0	56010	P1-78-17	0	-
1342	368.970052	369.829427	Eb5	85	80	0	0	56010	P1-78-4	0	-
1343	369.361979	370.098958	Eb3	53	80	0	0	56130	P1-78-18	0	-
1344	369.363281	370.019531	G4	61	80	0	0	56130	P1-78-10	0	-
1345	369.687500	370.169271	C5	81	80	0	0	56220	P1-78-5	0	-
1346	370.045573	372.049479	Bb4	79	80	0	0	56250	P1-79-1	0	-
1347	370.095052	370.579427	D4	45	80	0	0	56250	P1-79-3	0	-
1348	370.098958	372.479167	F3	52	80	0	0	56250	P1-79-14	0	-
1349	370.815104	371.289062	D4	56	80	0	0	56370	P1-79-5	0	-
1350	370.817708	371.819010	Bb3	59	80	0	0	56370	P1-79-4	0	-
1351	371.544271	372.378906	F4	71	80	0	0	56490	P1-79-7	0	-
1352	371.554688	372.059896	D4	61	80	0	0	56490	P1-79-6	0	-
1353	372.247396	373.149740	D4	63	80	0	0	56610	P1-79-9	0	-
1354	372.250000	372.968750	Bb3	64	80	0	0	56610	P1-79-8	0	-
1355	373.054688	376.109375	F4	78	80	0	0	56730	P1-79-2	0	-
1356	373.058594	373.699219	A3	76	80	0	0	56730	P1-79-10	0	-
1357	373.061198	374.098958	C4	73	80	0	0	56730	P1-79-11	0	-
1358	373.102865	375.449219	F2	62	80	0	0	56730	P1-79-16	0	-
1359	373.110677	375.419271	F1	68	80	0	0	56730	P1-79-15	0	-
1360	373.960938	375.908854	F3	60	80	0	0	56850	P1-79-12	0	-
1361	373.960938	375.408854	A3	59	80	0	0	56850	P1-79-13	0	-
1362	375.311198	375.989583	D4	45	80	0	0	56970	P1-80-3	0	-
1363	375.319010	375.979167	Bb3	42	80	0	0	56970	P1-80-2	0	-
1364	375.328125	375.889323	Bb2	40	80	0	0	56970	P1-80-2	0	-
1365	375.334635	375.854167	Bb1	36	80	0	0	56970	P1-80-8	0	-
1366	376.498698	376.669271	Bb2	36	80	0	0	57150	P1-80-10	0	-
1367	376.584635	376.649740	Bb1	56	80	0	0	57170	P1-80-11	0	-
1368	376.683594	377.029948	Bb2	46	80	0	0	57190	P1-80-12	0	-
1369	376.756510	376.959635	Bb1	61	80	0	0	57210	P1-80-13	0	-
1370	378.020833	378.139323	Bb2	45	80	0	0	57390	P1-80-15	0	-
1371	378.114583	378.173177	Bb1	55	80	0	0	57410	P1-80-16	0	-
1372	378.184896	378.339844	Bb2	57	80	0	0	57430	P1-80-17	0	-
1373	378.298177	378.429688	Bb1	68	80	0	0	57450	P1-80-18	0	-
1374	379.114583	379.899740	Bb3	47	80	0	0	57570	P1-80-7	0	-
1375	380.014323	381.679688	Bb3	63	80	0	0	57690	P1-81-1	0	-
1376	381.453125	381.518229	Bb2	57	80	0	0	57870	P1-81-6	0	-
1377	381.550781	381.718750	Bb1	59	80	0	0	57890	P1-81-7	0	-
1378	381.627604	381.718750	Bb2	62	80	0	0	57910	P1-81-8	0	-
1379	381.733073	381.929688	Bb1	62	80	0	0	57930	P1-81-9	0	-
1380	381.772135	384.169271	Cb4	68	80	0	0	57930	P1-81-2	0	-
1381	381.785156	385.119792	Ab3	56	80	0	0	57930	P1-81-18	0	-
1382	383.130208	383.259115	Bb2	50	80	0	0	58110	P1-81-11	0	-
1383	383.210938	383.283854	Bb1	65	80	0	0	58130	P1-81-12	0	-
1384	383.292969	383.539062	Bb2	63	80	0	0	58150	P1-81-13	0	-
1385	383.384115	383.569010	Bb1	77	80	0	0	58170	P1-81-14	0	-
1386	384.175781	384.959635	Cb4	46	80	0	0	58290	P1-81-3	0	-
1387	385.061198	389.609375	Cb4	77	80	0	0	58410	P1-82-1	0	-
1388	386.511719	386.679688	Bb2	71	80	0	0	58590	P1-82-9	0	-
1389	386.622396	386.799479	Bb1	61	80	0	0	58610	P1-82-10	0	-
1390	386.687500	386.889323	Bb2	66	80	0	0	58630	P1-82-11	0	-
1391	386.802083	389.149740	D4	77	80	0	0	58650	P1-82-5	0	-
1392	386.805990	387.069010	Bb1	75	80	0	0	58650	P1-82-12	0	-
1393	386.812500	389.489583	Ab3	68	80	0	0	58650	P1-82-3	0	-
1394	388.158854	388.216146	Bb2	66	80	0	0	58830	P1-82-14	0	-
1395	388.255208	388.408854	Bb1	72	80	0	0	58850	P1-82-15	0	-
1396	388.332031	388.519531	Bb2	79	80	0	0	58870	P1-82-16	0	-
1397	388.423177	388.466146	Bb1	77	80	0	0	58890	P1-82-17	0	-
1398	389.156250	389.859375	D4	77	80	0	0	59010	P1-82-6	0	-
1399	389.994792	391.539062	D4	76	80	0	0	59130	P1-83-1	0	-
1400	391.274740	391.339844	Bb2	64	80	0	0	59310	P1-83-12	0	-
1401	391.364583	391.598958	Bb1	69	80	0	0	59330	P1-83-13	0	-
1402	391.442708	391.559896	Bb2	72	80	0	0	59350	P1-83-14	0	-
1403	391.535156	393.049479	F4	81	80	0	0	59370	P1-83-5	0	-
1404	391.544271	393.029948	D4	62	80	0	0	59370	P1-83-4	0	-
1405	391.545573	392.899740	Ab3	76	80	0	0	59370	P1-83-2	0	-
1406	392.807292	392.919271	Bb2	58	80	0	0	59550	P1-83-17	0	-
1407	392.884115	393.188802	Bb1	72	80	0	0	59570	P1-83-18	0	-
1408	392.963542	393.109375	Bb2	79	80	0	0	59590	P1-83-19	0	-
1409	393.093750	395.429688	Ab4	91	80	0	0	59610	P1-83-9	0	-
1410	393.101562	394.789062	F4	72	80	0	0	59610	P1-83-8	0	-
1411	393.105469	394.449219	Cb4	73	80	0	0	59610	P1-83-6	0	-
1412	393.105469	394.789062	D4	66	80	0	0	59610	P1-83-7	0	-
1413	394.417969	394.493490	Bb2	77	80	0	0	59790	P1-83-22	0	-
1414	394.506510	394.729167	Bb1	81	80	0	0	59810	P1-83-23	0	-
1415	394.602865	394.848958	Bb2	80	80	0	0	59830	P1-83-24	0	-
1416	394.739583	395.039062	Bb1	80	80	0	0	59850	P1-84-10	0	-
1417	394.755208	398.408854	Cb5	95	80	0	0	59850	P1-84-1	0	-
1418	396.382812	396.529948	Ab3	59	80	0	0	60030	P1-84-12	0	-
1419	396.484375	396.533854	Bb2	58	80	0	0	60050	P1-84-13	0	-
1420	396.537760	396.649740	Ab3	62	80	0	0	60070	P1-84-14	0	-
1421	396.644531	396.799479	Bb2	61	80	0	0	60090	P1-84-15	0	-
1422	396.709635	398.299479	F4	50	80	0	0	60090	P1-84-6	0	-
1423	396.710938	397.759115	G#3	50	80	0	0	60090	P1-84-7	0	-
1424	396.714844	398.119792	D4	53	80	0	0	60090	P1-84-5	0	-
1425	397.843750	397.910156	Ab3	56	80	0	0	60270	P1-84-17	0	-
1426	397.937500	398.003906	Bb2	54	80	0	0	60290	P1-84-18	0	-
1427	398.026042	399.229167	Ab3	55	80	0	0	60310	P1-84-19	0	-
1428	398.153646	398.718750	Bb2	53	80	0	0	60330	P1-84-20	0	-
1429	398.273438	400.098958	Bb4	73	80	0	0	60330	P1-84-2	0	-
1430	398.305990	400.089844	F4	43	80	0	0	60330	P1-84-9	0	-
1431	398.307292	400.139323	D4	47	80	0	0	60330	P1-84-8	0	-
1432	399.110677	400.098958	Ab4	73	80	0	0	60450	P1-84-3	0	-
1433	399.894531	401.500000	F#4	61	80	0	0	60570	P1-85-1	0	-
1434	401.173177	401.218750	Bb2	50	80	0	0	60750	P1-85-9	0	-
1435	401.265625	401.419271	Bb1	52	80	0	0	60770	P1-85-10	0	-
1436	401.334635	401.500000	Bb2	63	80	0	0	60790	P1-85-11	0	-
1437	401.427083	401.669271	Bb1	72	80	0	0	60810	P1-85-12	0	-
1438	401.451823	403.688802	G4	62	80	0	0	60810	P1-85-2	0	-
1439	401.464844	403.369792	Bb3	53	80	0	0	60810	P1-85-5	0	-
1440	401.464844	403.408854	Eb4	53	80	0	0	60810	P1-85-6	0	-
1441	402.708333	402.799479	Bb2	66	80	0	0	60990	P1-85-14	0	-
1442	402.786458	402.875000	Bb1	74	80	0	0	61010	P1-85-15	0	-
1443	402.854167	402.989583	Bb2	84	80	0	0	61030	P1-85-16	0	-
1444	402.962240	403.006510	Bb1	82	80	0	0	61050	P1-85-17	0	-
1445	403.631510	404.799479	Bb4	89	80	0	0	61170	P1-85-3	0	-
1446	404.524740	407.609375	Eb5	97	80	0	0	61290	P1-86-1	0	-
1447	405.772135	405.899740	Bb3	74	80	0	0	61470	P1-86-11	0	-
1448	405.863281	405.942708	Bb2	71	80	0	0	61490	P1-86-12	0	-
1449	405.933594	406.348958	Bb3	76	80	0	0	61510	P1-86-13	0	-
1450	406.037760	406.098958	Bb2	77	80	0	0	61530	P1-86-14	0	-
1451	406.044271	409.579427	Eb4	80	80	0	0	61530	P1-86-7	0	-
1452	406.044271	408.000000	A4	73	80	0	0	61530	P1-86-5	0	-
1453	406.045573	409.779948	Gb4	75	80	0	0	61530	P1-86-8	0	-
1454	407.355469	407.750000	Bb3	55	80	0	0	61710	P1-86-16	0	-
1455	407.457031	407.519531	Bb2	59	80	0	0	61730	P1-86-17	0	-
1456	407.631510	407.979167	Bb2	65	80	0	0	61750	P1-86-18	0	-
1457	407.692708	408.889323	C5	78	80	0	0	61770	P1-86-2	0	-
1458	408.533854	410.039062	A4	72	80	0	0	61890	P1-86-3	0	-
1459	409.282552	410.829427	C5	72	80	0	0	62010	P1-87-1	0	-
1460	410.442708	410.589844	Bb2	39	80	0	0	62190	P1-87-12	0	-
1461	410.511719	410.658854	Bb1	61	80	0	0	62210	P1-87-13	0	-
1462	410.602865	410.759115	Bb2	54	80	0	0	62230	P1-87-14	0	-
1463	410.707031	410.829427	Bb1	62	80	0	0	62250	P1-87-15	0	-
1464	410.710938	412.419271	Bb4	72	80	0	0	62250	P1-87-2	0	-
1465	410.713542	412.199219	F4	56	80	0	0	62250	P1-87-7	0	-
1466	410.714844	412.399740	D4	54	80	0	0	62250	P1-87-6	0	-
1467	411.893229	412.009115	Bb2	80	80	0	0	62430	P1-87-17	0	-
1468	411.994792	412.119792	Bb1	76	80	0	0	62450	P1-87-18	0	-
1469	412.074219	412.259115	Bb2	71	80	0	0	62470	P1-87-19	0	-
1470	412.187500	412.348958	Bb1	87	80	0	0	62490	P1-87-20	0	-
1471	412.201823	413.389323	Ab4	73	80	0	0	62490	P1-87-9	0	-
1472	412.204427	413.250000	F4	66	80	0	0	62490	P1-87-8	0	-
1473	412.884115	413.729167	D5	95	80	0	0	62610	P1-87-4	0	-
1474	413.761719	414.829427	F5	102	80	0	0	62730	P1-88-1	0	-
1475	414.694010	416.579427	Eb5	100	80	0	0	62850	P1-88-2	0	-
1476	415.220052	415.283854	Bb3	75	80	0	0	62910	P1-88-18	0	-
1477	415.329427	415.385417	Bb2	64	80	0	0	62950	P1-88-20	0	-
1478	415.391927	415.649740	Bb3	80	80	0	0	62950	P1-88-20	0	-
1479	415.485677	415.619792	Bb2	78	80	0	0	62950	P1-88-20	0	-
1480	415.528646	416.500000	G4	75	80	0	0	62970	P1-88-6	0	-
1481	415.531250	416.309896	Bb4	78	80	0	0	62970	P1-88-7	0	-
1482	416.455729	417.869792	A4	80	80	0	0	63090	P1-88-9	0	-
1483	416.457031	417.889323	Gb4	87	80	0	0	63090	P1-88-8	0	-
1484	417.127604	417.192708	Bb3	78	80	0	0	63150	P1-88-23	0	-
1485	417.222656	417.302083	Bb2	74	80	0	0	63150	P1-88-23	0	-
1486	417.307292	417.529948	Bb3	76	80	0	0	63150	P1-88-23	0	-
1487	417.434896	417.549479	Bb2	62	80	0	0	63190	P1-88-25	0	-
1488	417.475260	418.218750	C5	80	80	0	0	63210	P1-88-3	0	-
1489	417.485677	418.199219	Eb4	69	80	0	0	63210	P1-88-10	0	-
1490	418.466146	419.938802	A4	67	80	0	0	63330	P1-88-4	0	-
1491	418.470052	420.069010	Gb4	61	80	0	0	63330	P1-88-15	0	-
1492	418.473958	419.739583	Eb4	57	80	0	0	63330	P1-88-14	0	-
1493	418.526042	418.750000	C4	45	80	0	0	63330	P1-88-13	0	-
1494	419.377604	419.529948	Bb3	64	80	0	0	63390	P1-88-28	0	-
1495	419.484375	419.619792	Bb2	64	80	0	0	63410	P1-88-29	0	-
1496	419.609375	419.878906	Bb3	62	80	0	0	63430	P1-88-30	0	-
1497	420.106771	422.139323	Bb4	56	80	0	0	63450	P1-89-3	0	-
1498	420.134115	423.759115	Bb3	47	80	0	0	63450	P1-89-3	0	-
1499	420.136719	421.019531	F4	44	80	0	0	63450	P1-89-2	0	-
1500	420.164062	425.539062	Bb2	50	80	0	0	63450	P1-89-22	0	-
1501	420.169271	422.089844	D3	57	80	0	0	63450	P1-89-15	0	-
1502	422.024740	422.132812	Eb3	65	80	0	0	63660	P1-89-17	0	-
1503	422.046875	422.223958	C3	51	80	0	0	63660	P1-89-16	0	-
1504	422.220052	424.502604	F3	59	80	0	0	63690	P1-89-19	0	-
1505	422.239583	424.549479	D3	50	80	0	0	63690	P1-89-18	0	-
1506	424.401042	425.658854	Eb3	46	80	0	0	63930	P1-89-21	0	-
1507	424.444010	425.779948	C3	32	80	0	0	63930	P1-89-20	0	-
1508	424.640625	424.696615	F4	55	80	0	0	63960	P1-89-7	0	-
1509	424.813802	424.880208	E4	64	80	0	0	63990	P1-89-8	0	-
1510	424.983073	425.024740	F4	65	80	0	0	64020	P1-89-9	0	-
1511	425.135417	425.186198	G4	63	80	0	0	64050	P1-89-10	0	-
1512	425.286458	425.332031	A4	67	80	0	0	64080	P1-89-11	0	-
1513	425.438802	425.549479	Bb4	76	80	0	0	64110	P1-89-12	0	-
1514	425.585938	425.635417	C5	71	80	0	0	64140	P1-89-13	0	-
1515	425.751302	427.589844	D5	82	80	0	0	64170	P1-90-2	0	-
1516	425.783854	427.639323	Bb4	56	80	0	0	64170	P1-90-1	0	-
1517	425.785156	429.468750	F4	44	80	0	0	64170	P1-90-9	0	-
1518	425.791667	425.938802	Bb3	41	80	0	0	64170	P1-90-1	0	-
1519	425.803385	426.039062	Bb2	40	80	0	0	64170	P1-90-11	0	-
1520	425.815104	426.309896	D3	33	80	0	0	64170	P1-90-12	0	-
1521	427.520833	427.848958	Eb5	76	80	0	0	64380	P1-90-4	0	-
1522	427.524740	427.938802	C5	60	80	0	0	64380	P1-90-3	0	-
1523	427.723958	430.128906	F5	89	80	0	0	64410	P1-90-6	0	-
1524	427.731771	429.489583	D5	67	80	0	0	64410	P1-90-5	0	-
1525	429.563802	430.859375	Eb5	65	80	0	0	64650	P1-90-8	0	-
1526	429.587240	430.169271	C5	45	80	0	0	64650	P1-90-7	0	-
1527	429.595052	431.589844	F4	38	80	0	0	64650	P1-90-10	0	-
1528	429.743490	429.785156	F3	53	80	0	0	64680	P1-90-16	0	-
1529	429.903646	429.944010	E3	65	80	0	0	64710	P1-90-17	0	-
1530	430.061198	430.102865	F3	68	80	0	0	64740	P1-90-18	0	-
1531	430.217448	430.273438	G3	69	80	0	0	64770	P1-90-19	0	-
1532	430.363281	430.427083	A3	75	80	0	0	64800	P1-90-20	0	-
1533	430.523438	430.559896	Bb3	77	80	0	0	64830	P1-90-21	0	-
1534	430.654948	430.735677	C4	63	80	0	0	64860	P1-90-22	0	-
1535	430.884115	432.582031	D4	67	80	0	0	64890	P1-91-8	0	-
1536	430.886719	432.583333	Bb3	52	80	0	0	64890	P1-91-7	0	-
1537	432.526042	432.731771	Eb4	69	80	0	0	65100	P1-91-10	0	-
1538	432.532552	432.721354	C4	58	80	0	0	65100	P1-91-9	0	-
1539	432.729167	433.809896	F4	68	80	0	0	65130	P1-91-12	0	-
1540	432.733073	433.729167	D4	60	80	0	0	65130	P1-91-11	0	-
1541	434.759115	437.598958	Bb1	57	80	0	0	65370	P1-91-13	0	-
1542	437.377604	441.188802	A1	31	80	0	0	65610	P1-92-2	0	-
1543	443.041667	443.759115	C6	52	80	0	0	66330	P1-93-1	0	-
1544	443.748698	443.919271	D6	54	80	0	0	66420	P1-93-6	0	-
1545	443.855469	443.944010	C6	45	80	0	0	66430	P1-93-7	0	-
1546	443.954427	444.199219	B5	63	80	0	0	66440	P1-93-8	0	-
1547	444.035156	444.779948	C6	50	80	0	0	66450	P1-93-2	0	-
1548	444.602865	444.822917	D6	65	80	0	0	66540	P1-93-3	0	-
1549	444.777344	445.438802	Eb6	78	80	0	0	66570	P1-93-4	0	-
1550	446.402344	448.759115	Gb4	65	80	0	0	66810	P1-93-5	0	-
1551	446.444010	447.419271	C4	38	80	0	0	66810	P1-93-12	0	-
1552	446.447917	447.729167	Eb4	41	80	0	0	66810	P1-93-13	0	-
1553	446.458333	447.688802	Bb3	38	80	0	0	66810	P1-93-11	0	-
1554	448.604167	451.389323	F4	43	80	0	0	67050	P1-94-1	0	-
1555	448.617188	449.000000	C4	35	80	0	0	67050	P1-94-17	0	-
1556	448.622396	451.598958	A3	34	80	0	0	67050	P1-94-16	0	-
1557	448.634115	451.229167	Eb4	36	80	0	0	67050	P1-94-18	0	-
1558	451.714844	451.869792	G4	21	80	0	0	67530	P1-94-2	0	-
1559	451.792969	451.919271	F4	45	80	0	0	67547	P1-94-3	0	-
1560	451.894531	452.348958	E4	47	80	0	0	67564	P1-94-4	0	-
1561	451.976562	452.500000	F4	52	80	0	0	67581	P1-94-5	0	-
1562	452.057292	452.500000	G4	59	80	0	0	67598	P1-94-6	0	-
1563	452.157552	452.279948	A4	50	80	0	0	67615	P1-94-7	0	-
1564	452.223958	452.500000	Bb4	67	80	0	0	67632	P1-94-8	0	-
1565	452.315104	452.459635	C5	69	80	0	0	67649	P1-94-9	0	-
1566	452.385417	452.473958	D5	73	80	0	0	67666	P1-94-10	0	-
1567	452.477865	452.545573	Eb5	85	80	0	0	67683	P1-94-11	0	-
1568	452.572917	452.635417	F5	77	80	0	0	67700	P1-94-12	0	-
1569	452.636719	452.725260	G5	87	80	0	0	67717	P1-94-13	0	-
1570	452.726562	452.824219	A5	83	80	0	0	67734	P1-94-14	0	-
1571	452.812500	452.940104	Bb5	91	80	0	0	67751	P1-94-15	0	-
1572	452.927083	453.579427	C6	90	80	0	0	67770	P1-95-1	0	-
1573	453.550781	453.666667	D6	86	80	0	0	67860	P1-95-8	0	-
1574	453.631510	453.722656	C6	78	80	0	0	67870	P1-95-9	0	-
1575	453.713542	453.819010	B5	88	80	0	0	67880	P1-95-10	0	-
1576	453.794271	454.389323	C6	96	80	0	0	67890	P1-95-2	0	-
1577	454.305990	454.502604	D6	102	80	0	0	67980	P1-95-3	0	-
1578	454.467448	454.899740	Eb6	105	80	0	0	68010	P1-95-4	0	-
1579	455.953125	457.619792	Eb5	98	80	0	0	68250	P1-95-7	0	-
1580	455.962240	457.938802	C5	81	80	0	0	68250	P1-95-6	0	-
1581	455.973958	457.649740	A4	82	80	0	0	68250	P1-95-5	0	-
1582	455.979167	457.029948	Eb4	81	80	0	0	68250	P1-95-16	0	-
1583	455.981771	457.559896	F#3	71	80	0	0	68250	P1-95-14	0	-
1584	455.983073	456.908854	C4	72	80	0	0	68250	P1-95-15	0	-
1585	457.631510	458.093750	D5	86	80	0	0	68490	P1-96-2	0	-
1586	457.638021	458.158854	Bb4	72	80	0	0	68490	P1-96-1	0	-
1587	457.645833	458.239583	D4	62	80	0	0	68490	P1-96-13	0	-
1588	457.648438	458.188802	G4	66	80	0	0	68490	P1-96-11	0	-
1589	457.654948	458.088542	Bb3	66	80	0	0	68490	P1-96-12	0	-
1590	457.662760	458.250000	G3	61	80	0	0	68490	P1-96-11	0	-
1591	459.252604	462.500000	G5	103	80	0	0	68730	P1-96-4	0	-
1592	460.087240	460.438802	Db4	79	80	0	0	68850	P1-96-18	0	-
1593	460.088542	460.389323	Bb3	77	80	0	0	68850	P1-96-17	0	-
1594	460.088542	460.152344	E3	75	80	0	0	68850	P1-96-16	0	-
1595	460.996094	461.299479	G4	75	80	0	0	68970	P1-96-7	0	-
1596	460.997396	461.359375	Db5	81	80	0	0	68970	P1-96-9	0	-
1597	460.998698	461.309896	Bb4	77	80	0	0	68970	P1-96-8	0	-
1598	463.700521	464.919271	F5	63	80	0	0	69210	P1-97-1	0	-
1599	464.572917	464.729167	D4	40	80	0	0	69330	P1-97-15	0	-
1600	464.574219	464.729167	Bb3	40	80	0	0	69330	P1-97-14	0	-
1601	464.574219	464.726562	F3	36	80	0	0	69330	P1-97-13	0	-
1602	465.348958	465.593750	D5	52	80	0	0	69450	P1-97-6	0	-
1603	465.356771	465.570312	F4	32	80	0	0	69450	P1-97-4	0	-
1604	465.358073	465.593750	Bb4	41	80	0	0	69450	P1-97-5	0	-
1605	465.364583	465.369792	Bb2	28	80	0	0	69450	P1-97-4	0	-
1606	466.130208	466.319010	F1	38	80	0	0	69570	P1-97-17	0	-
1607	466.135417	466.309896	F2	33	80	0	0	69570	P1-97-18	0	-
1608	466.927083	467.173177	Eb4	46	80	0	0	69690	P1-97-9	0	-
1609	466.934896	467.121094	C4	39	80	0	0	69690	P1-97-8	0	-
1610	466.944010	467.170573	A4	45	80	0	0	69690	P1-97-10	0	-
1611	467.777344	467.972656	F2	39	80	0	0	69810	P1-97-20	0	-
1612	467.778646	467.963542	F3	39	80	0	0	69810	P1-97-21	0	-
1613	468.805990	469.489583	D4	38	80	0	0	69930	P1-98-2	0	-
1614	468.808594	469.239583	Bb4	42	80	0	0	69930	P1-98-3	0	-
1615	468.812500	469.119792	Bb3	38	80	0	0	69930	P1-98-1	0	-
1616	468.833333	473.059896	Bb2	33	80	0	0	69930	P1-98-15	0	-
1617	468.838542	473.039062	Bb1	34	80	0	0	69930	P1-98-14	0	-
1618	470.014323	470.389323	F5	50	80	0	0	70050	P1-98-5	0	-
1619	470.016927	470.539062	F4	37	80	0	0	70050	P1-98-4	0	-
1620	470.854167	472.500000	D4	47	80	0	0	70170	P1-98-6	0	-
1621	470.861979	471.299479	D5	51	80	0	0	70170	P1-98-7	0	-
1622	471.610677	472.339844	Cb5	48	80	0	0	70290	P1-98-9	0	-
1623	471.610677	472.569010	Cb4	49	80	0	0	70290	P1-98-8	0	-
1624	472.372396	472.889323	Bb4	47	80	0	0	70410	P1-98-11	0	-
1625	472.376302	473.149740	Bb3	44	80	0	0	70410	P1-98-10	0	-
1626	473.088542	473.919271	Ab4	45	80	0	0	70530	P1-98-13	0	-
1627	473.096354	473.429688	Ab3	42	80	0	0	70530	P1-98-12	0	-
1628	473.873698	474.789062	G4	44	80	0	0	70650	P1-99-2	0	-
1629	473.877604	475.848958	G3	41	80	0	0	70650	P1-99-1	0	-
1630	473.904948	477.500000	Bb2	28	80	0	0	70650	P1-99-16	0	-
1631	473.906250	474.919271	Bb1	29	80	0	0	70650	P1-99-15	0	-
1632	474.658854	477.500000	Bb4	50	80	0	0	70770	P1-99-4	0	-
1633	474.671875	476.039062	Bb3	35	80	0	0	70770	P1-99-3	0	-
1634	475.417969	477.188802	Eb4	35	80	0	0	70890	P1-99-6	0	-
1635	475.428385	477.309896	Eb3	30	80	0	0	70890	P1-99-5	0	-
1636	476.204427	477.319010	G4	35	80	0	0	71010	P1-99-8	0	-
1637	476.234375	477.789062	G3	34	80	0	0	71010	P1-99-7	0	-
1638	476.964844	478.188802	C4	35	80	0	0	71130	P1-99-10	0	-
1639	476.989583	478.479167	C3	35	80	0	0	71130	P1-99-9	0	-
1640	477.725260	478.699219	F4	35	80	0	0	71250	P1-99-12	0	-
1641	477.734375	478.329427	F3	28	80	0	0	71250	P1-99-11	0	-
1642	478.134115	478.829427	Eb4	47	80	0	0	71310	P1-99-14	0	-
1643	478.140625	478.729167	Eb3	39	80	0	0	71310	P1-99-13	0	-
1644	478.593750	479.679688	D4	47	80	0	0	71370	P1-100-1	0	-
1645	478.622396	481.408854	D3	40	80	0	0	71370	P1-100-5	0	-
1646	478.632812	482.468750	Bb2	41	80	0	0	71370	P1-100-19	0	-
1647	479.441406	480.319010	F4	50	80	0	0	71490	P1-100-6	0	-
1648	480.212240	481.348958	D4	49	80	0	0	71610	P1-100-7	0	-
1649	480.975260	482.059896	D5	67	80	0	0	71730	P1-100-3	0	-
1650	481.061198	481.889323	Cb4	40	80	0	0	71730	P1-100-8	0	-
1651	481.824219	483.319010	Bb3	53	80	0	0	71850	P1-100-9	0	-
1652	482.623698	483.789062	Ab3	54	80	0	0	71970	P1-100-10	0	-
1653	482.657552	482.822917	D5	53	80	0	0	71985	P1-100-12	0	-
1654	482.842448	482.903646	Eb5	62	80	0	0	72000	P1-100-13	0	-
1655	482.973958	483.010417	D5	51	80	0	0	72015	P1-100-14	0	-
1656	483.023438	483.063802	Eb5	60	80	0	0	72030	P1-100-15	0	-
1657	483.100260	483.147135	D5	57	80	0	0	72045	P1-100-16	0	-
1658	483.170573	483.217448	Eb5	68	80	0	0	72060	P1-100-17	0	-
1659	483.264323	483.329427	D5	58	80	0	0	72075	P1-100-18	0	-
1660	483.325521	483.382812	Eb5	65	80	0	0	72075	P1-100-4	0	-
1661	483.402344	483.446615	D5	68	80	0	0	72075	P1-100-4	0	-
1662	483.502604	483.553385	C5	53	80	0	0	72075	P1-100-4	0	-
1663	483.571615	483.750000	D5	63	80	0	0	72075	P1-100-4	0	-
1664	483.723958	484.848958	F5	68	80	0	0	72090	P1-101-1	0	-
1665	483.764323	485.919271	G3	40	80	0	0	72090	P1-101-16	0	-
1666	483.774740	487.500000	Bb2	41	80	0	0	72090	P1-101-15	0	-
1667	484.643229	486.299479	Eb5	59	80	0	0	72210	P1-101-2	0	-
1668	484.713542	487.500000	Bb3	39	80	0	0	72210	P1-101-17	0	-
1669	485.496094	487.158854	Eb3	43	80	0	0	72330	P1-101-18	0	-
1670	486.304688	488.279948	Eb5	65	80	0	0	72450	P1-101-4	0	-
1671	486.373698	487.949219	G3	43	80	0	0	72450	P1-101-19	0	-
1672	487.104167	489.000000	C3	43	80	0	0	72570	P1-101-20	0	-
1673	487.863281	489.069010	F3	41	80	0	0	72690	P1-101-21	0	-
1674	487.923177	488.029948	A4	41	80	0	0	72705	P1-101-8	0	-
1675	488.071615	488.149740	Bb4	44	80	0	0	72720	P1-101-9	0	-
1676	488.196615	488.289062	A4	41	80	0	0	72735	P1-101-10	0	-
1677	488.242188	488.359375	Bb4	49	80	0	0	72735	P1-101-5	0	-
1678	488.345052	489.199219	Eb3	42	80	0	0	72750	P1-101-22	0	-
1679	488.414062	488.446615	Bb4	49	80	0	0	72765	P1-101-5	0	-
1680	488.492188	488.589844	A4	42	80	0	0	72765	P1-101-12	0	-
1681	488.555990	488.769531	Bb4	67	80	0	0	72780	P1-101-13	0	-
1682	488.658854	488.716146	A4	57	80	0	0	72795	P1-101-14	0	-
1683	488.763021	488.878906	G4	47	80	0	0	72795	P1-101-5	0	-
1684	488.854167	489.109375	A4	58	80	0	0	72795	P1-101-5	0	-
1685	489.011719	490.109375	Bb4	50	80	0	0	72810	P1-102-1	0	-
1686	489.042969	490.229167	D3	38	80	0	0	72810	P1-102-13	0	-
1687	489.042969	490.500000	Bb2	42	80	0	0	72810	P1-102-22	0	-
1688	489.860677	490.304688	F3	46	80	0	0	72930	P1-102-14	0	-
1689	490.233073	490.779948	A4	59	80	0	0	72990	P1-102-3	0	-
1690	490.263021	490.809896	Eb3	52	80	0	0	72990	P1-102-15	0	-
1691	490.673177	492.000000	Bb4	49	80	0	0	73050	P1-102-4	0	-
1692	490.695312	491.658854	Bb3	42	80	0	0	73050	P1-102-4	0	-
1693	490.704427	492.009115	D3	41	80	0	0	73050	P1-102-16	0	-
1694	490.704427	492.218750	Bb2	42	80	0	0	73050	P1-102-23	0	-
1695	491.510417	492.109375	F3	41	80	0	0	73170	P1-102-17	0	-
1696	491.903646	492.416667	C5	64	80	0	0	73230	P1-102-7	0	-
1697	491.927083	492.449219	Eb3	46	80	0	0	73230	P1-102-18	0	-
1698	491.928385	492.389323	A4	45	80	0	0	73230	P1-102-6	0	-
1699	492.371094	493.799479	D5	57	80	0	0	73290	P1-102-9	0	-
1700	492.404948	492.500000	Bb4	42	80	0	0	73290	P1-102-8	0	-
1701	492.406250	494.054688	Bb2	42	80	0	0	73290	P1-102-24	0	-
1702	492.407552	493.809896	D3	42	80	0	0	73290	P1-102-19	0	-
1703	493.234375	493.949219	F3	43	80	0	0	73410	P1-102-20	0	-
1704	493.726562	494.609375	A5	72	80	0	0	73470	P1-102-12	0	-
1705	493.739583	494.158854	C5	50	80	0	0	73470	P1-102-11	0	-
1706	493.757812	494.598958	Eb3	37	80	0	0	73470	P1-102-21	0	-
1707	494.436198	496.049479	Bb5	68	80	0	0	73530	P1-103-2	0	-
1708	494.445312	495.649740	D5	51	80	0	0	73530	P1-103-1	0	-
1709	494.473958	496.039062	Bb2	35	80	0	0	73530	P1-103-8	0	-
1710	494.483073	495.968750	D3	29	80	0	0	73530	P1-103-9	0	-
1711	495.799479	498.269531	D6	87	80	0	0	73650	P1-103-3	0	-
1712	497.470052	498.109375	C6	55	80	0	0	73740	P1-103-4	0	-
1713	498.118490	501.979167	C6	43	80	0	0	73770	P1-103-5	0	-
1714	501.794271	504.799479	Bb5	36	80	0	0	74010	P1-103-6	0	-
1715	503.511719	504.819010	Bb1	22	80	0	0	74130	P1-103-13	0	-
