//Version: PianoRoll_v170101
0	1.136719	6.039062	Bb1	30	80	0
1	1.273438	5.459635	F2	25	80	0
2	1.429688	4.609375	Bb2	33	80	0
3	1.501302	4.049479	D3	31	80	0
4	1.614583	4.688802	F3	40	80	0
5	1.773438	4.199219	Bb3	42	80	0
6	5.945312	6.769531	D5	51	80	0
7	6.912760	7.438802	Eb5	59	80	0
8	7.214844	7.938802	F5	60	80	0
9	8.529948	9.809896	Bb3	29	80	0
10	8.536458	9.098958	F3	26	80	0
11	8.542969	8.959635	F2	23	80	0
12	8.549479	9.069010	D3	22	80	0
13	8.549479	9.149740	Bb1	23	80	0
14	8.554688	8.989583	Bb2	21	80	0
15	10.095052	12.500000	F3	23	80	0
16	10.101562	12.079427	A3	19	80	0
17	10.102865	12.250000	C4	17	80	0
18	10.108073	12.000000	C3	19	80	0
19	10.109375	12.389323	C2	20	80	0
20	13.553385	14.259115	A5	39	80	0
21	14.861979	15.359375	Bb5	42	80	0
22	15.197917	15.559896	C6	41	80	0
23	16.558594	17.649740	Eb4	31	80	0
24	16.572917	17.119792	A3	20	80	0
25	16.579427	17.250000	C4	21	80	0
26	16.587240	17.319010	F3	20	80	0
27	18.141927	19.549479	D4	22	80	0
28	18.179688	21.019531	F3	19	80	0
29	18.182292	19.729167	Bb3	20	80	0
30	18.183594	21.279948	Bb2	21	80	0
31	20.244792	20.598958	D4	28	80	0
32	20.674479	20.809896	F4	28	80	0
33	20.796875	20.859375	Eb4	29	80	0
34	20.875000	21.019531	D4	28	80	0
35	20.944010	21.029948	Eb4	34	80	0
36	21.026042	21.158854	F4	33	80	0
37	21.027344	21.389323	F3	31	80	0
38	21.132812	21.269531	G4	35	80	0
39	21.225260	21.378906	A4	45	80	0
40	21.303385	21.449219	Bb4	42	80	0
41	21.402344	21.529948	C5	49	80	0
42	21.505208	22.209635	D5	52	80	0
43	22.388021	22.769531	Eb5	71	80	0
44	22.692708	23.348958	F5	81	80	0
45	23.940104	25.009115	F5	53	80	0
46	23.959635	24.429688	G#4	38	80	0
47	23.959635	24.549479	D3	27	80	0
48	25.355469	27.279948	F5	45	80	0
49	25.373698	26.559896	G4	33	80	0
50	25.393229	26.169271	Eb3	18	80	0
51	25.397135	25.408854	Eb2	16	80	0
52	26.606771	27.079427	Eb5	46	80	0
53	26.606771	26.889323	C4	27	80	0
54	27.256510	28.019531	D5	55	80	0
55	27.274740	27.649740	Bb4	40	80	0
56	27.282552	27.718750	F3	28	80	0
57	27.285156	27.649740	D4	30	80	0
58	27.933594	28.250000	C5	63	80	0
59	27.963542	27.968750	Eb3	31	80	0
60	27.963542	28.348958	Bb4	46	80	0
61	27.967448	28.218750	Eb4	29	80	0
62	27.973958	28.279948	G3	28	80	0
63	27.976562	28.399740	G4	31	80	0
64	28.572917	28.579427	G3	20	80	0
65	28.641927	28.899740	C5	68	80	0
66	28.662760	28.669271	E4	33	80	0
67	28.664062	28.919271	Bb4	50	80	0
68	29.123698	30.149740	F3	28	80	0
69	29.125000	29.139323	C5	37	80	0
70	29.294271	29.419271	Bb4	42	80	0
71	29.354167	29.384115	C5	38	80	0
72	29.407552	29.440104	D5	46	80	0
73	29.470052	29.513021	C5	52	80	0
74	29.542969	29.582031	D5	51	80	0
75	29.613281	29.654948	C5	43	80	0
76	29.694010	29.746094	D5	50	80	0
77	29.795573	29.809896	C5	49	80	0
78	29.796875	29.899740	B4	46	80	0
79	29.871094	30.000000	C5	59	80	0
80	29.979167	30.359375	D5	53	80	0
81	30.313802	30.438802	C5	46	80	0
82	30.687500	31.019531	C5	34	80	0
83	30.687500	31.688802	F3	23	80	0
84	30.700521	31.848958	A4	30	80	0
85	30.708333	31.729167	F4	21	80	0
86	32.089844	32.579427	F3	40	80	0
87	32.440104	32.789062	G3	40	80	0
88	32.455729	32.750000	Eb3	38	80	0
89	32.752604	33.239583	A3	39	80	0
90	32.761719	32.878906	Eb3	33	80	0
91	32.772135	33.059896	C3	31	80	0
92	33.173177	33.519531	F3	32	80	0
93	33.173177	33.829427	D3	32	80	0
94	33.175781	36.750000	Bb1	31	80	0
95	33.175781	33.878906	Bb2	35	80	0
96	33.175781	34.158854	Bb3	40	80	0
97	34.503906	34.839844	Eb3	26	80	0
98	34.511719	34.789062	C3	23	80	0
99	34.770833	35.468750	D3	29	80	0
100	34.770833	35.459635	F3	32	80	0
101	36.071615	36.549479	F3	40	80	0
102	36.072917	36.609375	D3	31	80	0
103	37.165365	37.269531	Bb2	18	80	0
104	37.170573	37.179688	Bb3	19	80	0
105	37.243490	37.489583	D3	17	80	0
106	37.364583	37.589844	D5	49	80	0
107	37.720052	37.919271	Eb5	39	80	0
108	37.805990	37.889323	D5	38	80	0
109	37.876302	38.098958	C5	39	80	0
110	37.933594	38.169271	D5	37	80	0
111	38.402344	38.799479	Eb5	36	80	0
112	38.682292	39.109375	F5	46	80	0
113	39.888021	40.949219	Bb3	39	80	0
114	39.891927	40.348958	F3	35	80	0
115	39.903646	40.419271	D3	30	80	0
116	39.903646	40.399740	Bb2	32	80	0
117	39.906250	40.479167	Bb1	33	80	0
118	41.485677	42.119792	A3	26	80	0
119	41.489583	42.289062	Eb3	24	80	0
120	41.493490	42.419271	F1	22	80	0
121	41.496094	42.149740	F3	23	80	0
122	41.500000	42.188802	F2	22	80	0
123	41.515625	42.089844	C3	19	80	0
124	42.845052	43.158854	F3	29	80	0
125	42.850260	42.979167	D3	23	80	0
126	43.145833	43.739583	Eb3	26	80	0
127	43.153646	43.769531	F#3	25	80	0
128	44.446615	44.769531	F#3	32	80	0
129	44.454427	44.759115	Eb3	28	80	0
130	45.514323	45.959635	F2	16	80	0
131	45.752604	45.949219	F#3	20	80	0
132	45.796875	46.009115	C6	50	80	0
133	46.212240	46.309896	D6	35	80	0
134	46.292969	46.429688	C6	39	80	0
135	46.364583	46.429688	B5	45	80	0
136	46.444010	47.059896	C6	44	80	0
137	46.828125	47.309896	D6	62	80	0
138	47.257812	47.529948	Eb6	52	80	0
139	48.513021	49.609375	F#4	41	80	0
140	48.520833	49.250000	Eb4	28	80	0
141	48.526042	49.149740	C4	29	80	0
142	48.544271	49.218750	Bb3	32	80	0
143	50.053385	53.938802	F4	40	80	0
144	50.072917	50.789062	C4	26	80	0
145	50.078125	50.479167	A3	22	80	0
146	50.082031	50.878906	Eb4	28	80	0
147	51.333333	51.669271	D4	36	80	0
148	51.333333	51.658854	B3	29	80	0
149	51.682292	52.419271	Eb4	34	80	0
150	51.688802	52.359375	C4	24	80	0
151	53.015625	53.949219	C4	16	80	0
152	53.029948	54.378906	Eb4	22	80	0
153	54.386719	55.908854	Eb4	24	80	0
154	54.390625	56.378906	C4	25	80	0
155	54.391927	54.729167	C6	47	80	0
156	54.404948	56.259115	F3	21	80	0
157	54.915365	54.959635	D6	33	80	0
158	54.989583	55.059896	C6	36	80	0
159	55.069010	55.079427	B5	41	80	0
160	55.141927	55.569010	C6	45	80	0
161	55.214844	55.519531	D5	23	80	0
162	55.520833	55.989583	D6	55	80	0
163	55.904948	56.199219	Eb6	49	80	0
164	55.906250	56.598958	A3	25	80	0
165	55.915365	56.628906	Eb4	18	80	0
166	57.169271	58.500000	Eb5	54	80	0
167	57.178385	58.089844	C4	30	80	0
168	57.183594	57.989583	A4	39	80	0
169	57.183594	57.188802	F#3	28	80	0
170	57.188802	58.029948	F#4	30	80	0
171	57.192708	58.029948	Eb4	29	80	0
172	58.550781	59.459635	D5	41	80	0
173	58.562500	60.699219	Bb3	27	80	0
174	58.565104	60.709635	Bb4	29	80	0
175	58.574219	60.688802	G3	21	80	0
176	58.583333	60.149740	Eb4	21	80	0
177	59.821615	60.848958	G5	79	80	0
178	61.158854	61.419271	C#5	64	80	0
179	61.160156	61.384115	G4	54	80	0
180	61.160156	61.390625	Bb4	61	80	0
181	61.161458	61.385417	C#4	48	80	0
182	61.166667	61.389323	E4	43	80	0
183	61.171875	61.388021	Bb3	47	80	0
184	62.665365	64.149740	F5	45	80	0
185	63.993490	64.252604	D5	37	80	0
186	64.005208	64.261719	F3	26	80	0
187	64.009115	64.263021	Bb3	26	80	0
188	64.013021	64.339844	Bb4	29	80	0
189	64.014323	64.263021	D4	23	80	0
190	65.304688	65.878906	A4	33	80	0
191	65.315104	65.779948	C4	21	80	0
192	65.315104	65.799479	Eb4	22	80	0
193	65.326823	65.679688	F2	21	80	0
194	65.333333	65.699219	F3	20	80	0
195	66.632812	69.609375	Bb3	25	80	0
196	66.635417	67.109375	Bb2	22	80	0
197	66.635417	67.179688	Bb1	23	80	0
198	66.636719	67.169271	D4	17	80	0
199	66.641927	66.908854	F2	21	80	0
200	66.644531	67.229167	F3	16	80	0
201	67.606771	67.789062	Bb2	24	80	0
202	67.746094	68.059896	F3	18	80	0
203	67.799479	68.098958	Bb2	27	80	0
204	67.930990	68.109375	Bb1	27	80	0
205	68.845052	69.019531	Bb2	26	80	0
206	68.942708	69.559896	Bb1	27	80	0
207	69.024740	69.489583	Bb2	21	80	0
208	70.174479	70.399740	Bb1	27	80	0
209	70.255208	71.098958	Bb2	26	80	0
210	70.404948	71.250000	Bb1	27	80	0
211	70.415365	71.098958	Eb4	41	80	0
212	70.462240	70.979167	G3	17	80	0
213	71.653646	72.500000	Bb2	26	80	0
214	71.653646	72.279948	Bb1	28	80	0
215	71.654948	72.389323	D4	36	80	0
216	71.654948	72.389323	F3	27	80	0
217	71.664062	72.348958	Bb3	29	80	0
218	72.979167	73.989583	C#4	31	80	0
219	72.993490	73.128906	D4	28	80	0
220	73.002604	73.908854	Bb3	23	80	0
221	73.007812	73.729167	E3	23	80	0
222	74.375000	75.419271	C#4	22	80	0
223	74.402344	77.500000	Bb3	20	80	0
224	74.415365	74.949219	E3	16	80	0
225	75.376302	75.529948	Bb2	22	80	0
226	75.505208	76.279948	Bb1	21	80	0
227	75.585938	75.848958	Bb2	31	80	0
228	75.723958	77.549479	F3	25	80	0
229	75.727865	78.209635	D4	27	80	0
230	76.833333	76.968750	Bb1	22	80	0
231	76.908854	77.459635	Bb2	29	80	0
232	77.022135	77.799479	Bb1	31	80	0
233	77.921875	78.089844	Bb2	32	80	0
234	78.053385	81.149740	Bb1	20	80	0
235	78.135417	78.628906	Bb2	34	80	0
236	78.251302	79.029948	C4	42	80	0
237	78.263021	78.809896	Eb3	32	80	0
238	78.272135	78.709635	G3	33	80	0
239	79.186198	79.389323	D4	41	80	0
240	79.315104	79.389323	C4	42	80	0
241	79.376302	79.579427	B3	40	80	0
242	79.475260	80.408854	C4	59	80	0
243	80.145833	81.029948	Eb4	54	80	0
244	80.854167	81.639323	C4	41	80	0
245	80.861979	81.069010	Eb2	33	80	0
246	80.864583	81.519531	Eb3	31	80	0
247	81.421875	81.429688	G3	23	80	0
248	81.524740	82.098958	A3	37	80	0
249	81.526042	81.989583	Eb3	30	80	0
250	82.247396	83.449219	C4	31	80	0
251	82.252604	84.809896	F#4	32	80	0
252	82.255208	82.339844	Bb1	28	80	0
253	82.265625	82.799479	F#3	24	80	0
254	82.283854	83.919271	Eb4	24	80	0
255	83.226562	83.459635	Bb2	22	80	0
256	83.471354	83.709635	Bb2	24	80	0
257	83.553385	84.128906	F3	26	80	0
258	83.555990	84.579427	Bb1	26	80	0
259	84.462240	84.609375	Bb2	21	80	0
260	84.593750	84.779948	Bb1	19	80	0
261	84.684896	85.029948	Bb2	22	80	0
262	84.783854	85.989583	Bb1	24	80	0
263	85.645833	85.829427	Bb2	21	80	0
264	85.760417	85.769531	F1	15	80	0
265	85.768229	85.869792	F2	14	80	0
266	85.872396	87.009115	Bb2	17	80	0
267	85.997396	86.809896	Bb4	49	80	0
268	85.998698	86.929688	Bb1	27	80	0
269	86.033854	86.579427	Bb3	24	80	0
270	86.035156	86.628906	D4	20	80	0
271	87.269531	88.000000	G4	39	80	0
272	87.277344	87.848958	D4	28	80	0
273	87.283854	88.000000	Bb3	28	80	0
274	88.813802	90.000000	F4	31	80	0
275	88.833333	89.369792	A3	20	80	0
276	88.834635	89.519531	D4	18	80	0
277	90.437500	92.039062	E4	23	80	0
278	90.458333	91.968750	C4	19	80	0
279	90.467448	91.408854	G3	16	80	0
280	91.430990	91.589844	C3	26	80	0
281	91.725260	91.889323	C3	27	80	0
282	91.815104	92.009115	C2	28	80	0
283	92.475260	92.979167	C4	26	80	0
284	92.476562	92.789062	E4	31	80	0
285	92.485677	92.688802	G3	23	80	0
286	92.826823	92.968750	C6	35	80	0
287	92.951823	93.188802	C5	34	80	0
288	93.138021	93.569010	F4	33	80	0
289	93.864583	94.339844	G4	28	80	0
290	93.873698	94.348958	C4	28	80	0
291	94.654948	95.109375	G4	29	80	0
292	94.678385	95.158854	C4	26	80	0
293	94.696615	95.109375	Bb3	21	80	0
294	95.687500	96.218750	E4	27	80	0
295	95.703125	96.378906	C4	18	80	0
296	95.704427	95.799479	C2	20	80	0
297	95.731771	96.049479	G#3	17	80	0
298	95.813802	95.899740	C2	15	80	0
299	95.912760	95.919271	C3	24	80	0
300	95.914062	96.329427	C2	24	80	0
301	96.713542	96.979167	C4	29	80	0
302	96.713542	97.039062	F4	35	80	0
303	96.714844	96.968750	A3	25	80	0
304	97.029948	97.188802	C6	42	80	0
305	97.152344	97.250000	C5	36	80	0
306	97.234375	97.378906	C6	32	80	0
307	97.385417	97.619792	C5	45	80	0
308	97.394531	97.718750	G4	40	80	0
309	97.399740	97.709635	E4	34	80	0
310	97.404948	97.639323	C4	29	80	0
311	98.114583	98.390625	A4	41	80	0
312	98.145833	98.402344	F4	26	80	0
313	98.149740	98.449219	C4	23	80	0
314	98.886719	100.188802	A4	38	80	0
315	98.916667	99.299479	C4	18	80	0
316	98.924479	99.419271	F4	17	80	0
317	99.953125	100.119792	C2	25	80	0
318	99.954427	100.169271	C4	23	80	0
319	99.955729	100.199219	Eb4	25	80	0
320	99.955729	100.579427	F#4	28	80	0
321	100.174479	100.309896	C4	26	80	0
322	100.174479	100.188802	G4	29	80	0
323	100.177083	100.269531	C3	27	80	0
324	100.178385	100.429688	C2	25	80	0
325	100.313802	100.628906	G4	33	80	0
326	100.316406	100.515625	C4	26	80	0
327	100.322917	100.628906	E4	26	80	0
328	100.950521	101.399740	G4	39	80	0
329	100.960938	101.348958	C4	31	80	0
330	100.963542	101.250000	E4	36	80	0
331	101.276042	101.399740	C6	49	80	0
332	101.367188	101.468750	C5	49	80	0
333	101.467448	101.549479	C6	48	80	0
334	101.524740	101.679688	C5	51	80	0
335	101.544271	102.239583	A4	63	80	0
336	101.557292	102.128906	F4	42	80	0
337	101.563802	101.908854	C4	44	80	0
338	102.216146	102.619792	Bb4	60	80	0
339	102.227865	102.658854	C4	35	80	0
340	102.255208	102.718750	G4	29	80	0
341	102.963542	104.059896	Bb4	62	80	0
342	102.990885	103.639323	C4	38	80	0
343	103.011719	103.750000	G4	34	80	0
344	103.975260	104.209635	G#4	53	80	0
345	103.986979	104.054688	E4	47	80	0
346	103.990885	104.239583	C4	42	80	0
347	104.000000	104.229167	C2	37	80	0
348	104.005208	104.019531	C3	36	80	0
349	104.170573	104.239583	C3	32	80	0
350	104.294271	104.718750	A4	65	80	0
351	104.300781	104.429688	C2	41	80	0
352	104.304688	104.789062	F4	49	80	0
353	104.304688	104.658854	C4	44	80	0
354	104.960938	105.429688	A4	69	80	0
355	104.984375	105.000000	F2	40	80	0
356	104.985677	105.449219	F4	47	80	0
357	104.993490	105.378906	C4	51	80	0
358	105.282552	105.334635	C6	66	80	0
359	105.358073	105.559896	C5	60	80	0
360	105.437500	105.509115	C6	79	80	0
361	105.688802	106.158854	B4	77	80	0
362	105.713542	106.179688	F4	44	80	0
363	105.716146	105.968750	D4	44	80	0
364	106.385417	106.699219	B4	77	80	0
365	106.410156	106.609375	G#4	61	80	0
366	106.420573	106.628906	D4	50	80	0
367	106.425781	106.809896	F4	39	80	0
368	106.691406	106.759115	C6	73	80	0
369	106.770833	106.878906	C5	65	80	0
370	106.845052	106.929688	C6	78	80	0
371	107.055990	107.750000	C5	74	80	0
372	107.072917	107.468750	E4	52	80	0
373	107.076823	107.468750	G4	49	80	0
374	107.722656	108.519531	G4	56	80	0
375	107.731771	108.529948	E4	49	80	0
376	107.738281	108.549479	C4	42	80	0
377	108.144531	108.250000	C3	48	80	0
378	108.225260	108.468750	C2	45	80	0
379	108.322917	108.459635	C3	47	80	0
380	108.925781	109.066406	G4	56	80	0
381	108.950521	109.309896	E4	48	80	0
382	108.950521	109.074219	C4	45	80	0
383	109.375000	109.509115	C6	57	80	0
384	109.450521	109.609375	C5	53	80	0
385	109.553385	109.658854	C6	70	80	0
386	109.559896	109.789062	B4	69	80	0
387	109.600260	109.819010	D4	36	80	0
388	109.604167	109.859375	F4	34	80	0
389	110.221354	110.789062	G4	61	80	0
390	110.243490	110.878906	F4	46	80	0
391	110.279948	110.408854	D4	25	80	0
392	110.281250	110.479167	C4	22	80	0
393	110.850260	111.929688	C5	61	80	0
394	110.864583	111.209635	E4	40	80	0
395	110.869792	111.289062	C4	41	80	0
396	110.876302	111.049479	G4	34	80	0
397	111.527344	112.158854	G4	46	80	0
398	111.532552	112.139323	E4	34	80	0
399	111.535156	112.158854	C4	31	80	0
400	111.954427	112.059896	C3	28	80	0
401	112.011719	112.319010	C2	33	80	0
402	112.115885	112.259115	C3	39	80	0
403	112.686198	112.959635	G4	55	80	0
404	112.726562	112.864583	C4	36	80	0
405	112.726562	112.855469	E4	34	80	0
406	113.105469	113.218750	C6	45	80	0
407	113.186198	113.299479	C5	55	80	0
408	113.302083	113.779948	B4	57	80	0
409	113.317708	113.658854	F4	33	80	0
410	113.328125	113.628906	D4	29	80	0
411	113.954427	114.250000	G4	45	80	0
412	113.983073	113.989583	C4	26	80	0
413	113.994792	114.348958	F4	25	80	0
414	114.002604	114.239583	D4	24	80	0
415	114.584635	115.688802	C5	50	80	0
416	114.610677	114.989583	E4	30	80	0
417	114.614583	114.979167	C4	29	80	0
418	114.621094	114.759115	G4	28	80	0
419	115.270833	115.878906	E4	29	80	0
420	115.270833	117.069010	G4	37	80	0
421	115.273438	115.839844	C4	28	80	0
422	115.658854	115.779948	C3	21	80	0
423	115.746094	115.759115	G2	25	80	0
424	115.750000	115.949219	C2	26	80	0
425	115.860677	116.029948	C3	28	80	0
426	116.531250	118.250000	E4	30	80	0
427	116.535156	117.179688	C4	21	80	0
428	116.539062	116.750000	G3	24	80	0
429	117.013021	117.229167	C2	29	80	0
430	117.143229	117.299479	C3	28	80	0
431	117.747396	118.598958	C4	25	80	0
432	117.791667	118.259115	E3	15	80	0
433	117.794271	118.139323	G3	14	80	0
434	118.147135	118.289062	C3	18	80	0
435	118.234375	118.389323	C2	25	80	0
436	118.358073	118.559896	C3	25	80	0
437	119.003906	119.628906	C4	32	80	0
438	119.638021	120.139323	B3	36	80	0
439	119.641927	119.908854	C4	34	80	0
440	120.355469	121.429688	C4	34	80	0
441	120.358073	120.779948	Bb3	35	80	0
442	121.003906	121.549479	A3	36	80	0
443	121.365885	121.440104	D4	47	80	0
444	121.514323	121.567708	E4	57	80	0
445	121.674479	121.756510	F4	54	80	0
446	121.682292	121.774740	C4	44	80	0
447	121.683594	121.783854	G3	40	80	0
448	121.683594	121.783854	Bb3	43	80	0
449	121.834635	122.019531	G4	56	80	0
450	121.989583	122.089844	A4	64	80	0
451	122.145833	122.216146	Bb4	64	80	0
452	122.332031	122.598958	F2	30	80	0
453	122.351562	123.949219	C5	55	80	0
454	123.020833	123.899740	F3	23	80	0
455	123.605469	123.979167	F4	25	80	0
456	123.632812	123.899740	A3	17	80	0
457	123.635417	123.989583	C4	15	80	0
458	124.213542	125.149740	F3	27	80	0
459	124.598958	124.819010	A4	47	80	0
460	124.614583	124.688802	C4	24	80	0
461	124.800781	125.239583	Bb3	23	80	0
462	124.837240	125.429688	D4	25	80	0
463	124.845052	126.029948	F5	55	80	0
464	125.493490	125.769531	F3	25	80	0
465	125.889323	126.158854	D5	47	80	0
466	126.114583	127.098958	C5	45	80	0
467	126.132812	126.859375	C4	26	80	0
468	126.795573	127.829427	F3	21	80	0
469	127.414062	127.869792	F4	24	80	0
470	127.424479	127.669271	A3	17	80	0
471	127.425781	127.968750	C4	14	80	0
472	128.095052	128.699219	F3	16	80	0
473	128.563802	128.929688	A4	45	80	0
474	128.916667	128.929688	D2	25	80	0
475	128.920573	129.529948	Bb4	35	80	0
476	128.923177	129.759115	F4	27	80	0
477	129.691406	130.029948	D4	15	80	0
478	129.716146	130.199219	Bb3	20	80	0
479	129.718750	130.009115	Bb2	20	80	0
480	130.152344	130.509115	G4	36	80	0
481	130.501302	131.209635	F4	30	80	0
482	130.501302	130.729167	C2	21	80	0
483	131.214844	132.098958	A3	20	80	0
484	131.216146	132.128906	F4	17	80	0
485	131.221354	131.459635	C4	19	80	0
486	131.225260	131.919271	C3	20	80	0
487	131.847656	132.209635	C4	26	80	0
488	131.854167	132.679688	F3	21	80	0
489	132.484375	132.779948	C4	17	80	0
490	132.486979	132.769531	C3	21	80	0
491	132.497396	132.598958	C2	21	80	0
492	132.500000	132.769531	A3	17	80	0
493	133.091146	133.559896	A4	36	80	0
494	133.105469	133.468750	C4	21	80	0
495	133.111979	133.339844	E3	21	80	0
496	133.434896	133.779948	G4	39	80	0
497	133.730469	134.079427	F4	35	80	0
498	133.744792	134.158854	C4	23	80	0
499	133.752604	134.229167	C3	21	80	0
500	134.035156	134.218750	G4	41	80	0
501	134.394531	134.848958	G4	33	80	0
502	134.412760	135.109375	C4	23	80	0
503	135.015625	135.609375	C3	25	80	0
504	135.324219	135.619792	G#4	38	80	0
505	135.356771	135.459635	C4	16	80	0
506	135.654948	136.500000	F3	25	80	0
507	135.661458	136.669271	A4	36	80	0
508	135.669271	136.549479	F4	22	80	0
509	135.673177	136.579427	C4	23	80	0
510	136.274740	136.989583	A2	33	80	0
511	136.276042	136.289062	A1	36	80	0
512	136.910156	137.555990	Bb2	41	80	0
513	137.061198	137.145833	C4	43	80	0
514	137.223958	137.312500	D4	44	80	0
515	137.360677	137.416667	E4	51	80	0
516	137.505208	137.592448	F4	54	80	0
517	137.513021	137.519531	G1	38	80	0
518	137.661458	137.779948	G4	50	80	0
519	137.794271	137.852865	A4	71	80	0
520	137.940104	138.000000	Bb4	67	80	0
521	138.118490	138.339844	F2	35	80	0
522	138.125000	139.598958	C5	70	80	0
523	138.776042	139.718750	F3	30	80	0
524	139.385417	139.789062	F4	36	80	0
525	139.386719	140.188802	C4	25	80	0
526	139.393229	139.859375	A3	24	80	0
527	140.015625	141.179688	F3	36	80	0
528	140.404948	140.769531	A4	67	80	0
529	140.664062	141.789062	F5	70	80	0
530	141.278646	141.878906	F3	32	80	0
531	141.605469	141.878906	D5	64	80	0
532	141.834635	143.589844	C5	61	80	0
533	141.835938	142.750000	C4	38	80	0
534	142.510417	143.019531	F3	29	80	0
535	142.946615	143.218750	E4	37	80	0
536	143.204427	144.039062	F4	34	80	0
537	143.204427	143.718750	A3	27	80	0
538	143.234375	143.718750	C4	21	80	0
539	143.800781	144.109375	F3	36	80	0
540	144.085938	144.572917	A4	68	80	0
541	144.123698	145.029948	F3	28	80	0
542	144.455729	145.378906	D3	37	80	0
543	144.473958	145.039062	C5	60	80	0
544	144.514323	145.289062	F4	34	80	0
545	144.885417	145.509115	Bb4	57	80	0
546	145.188802	145.619792	Bb2	31	80	0
547	145.197917	145.598958	D4	36	80	0
548	145.454427	145.779948	G4	53	80	0
549	145.782552	148.669271	F4	49	80	0
550	145.783854	146.639323	C3	32	80	0
551	145.798177	146.053385	A3	30	80	0
552	146.425781	146.759115	A3	37	80	0
553	146.425781	146.438802	C5	45	80	0
554	146.429688	146.579427	C4	32	80	0
555	146.433594	147.399740	F3	35	80	0
556	147.054688	148.039062	C4	44	80	0
557	147.055990	147.429688	A3	33	80	0
558	147.729167	148.348958	A3	39	80	0
559	147.764323	148.500000	F3	21	80	0
560	148.421875	150.429688	C4	35	80	0
561	148.441406	149.149740	C2	27	80	0
562	148.444010	149.029948	E3	28	80	0
563	149.147135	149.789062	E3	24	80	0
564	149.161458	149.889323	C2	19	80	0
565	149.833333	151.049479	A3	26	80	0
566	149.839844	150.179688	F2	22	80	0
567	149.841146	151.029948	F1	25	80	0
568	149.842448	151.639323	F3	24	80	0
569	150.742188	150.878906	F2	19	80	0
570	150.934896	151.299479	F2	26	80	0
571	151.042969	151.628906	F1	35	80	0
572	152.065104	152.158854	F2	18	80	0
573	152.066406	152.169271	F1	21	80	0
574	152.174479	152.348958	F1	27	80	0
575	152.272135	152.449219	F2	16	80	0
576	152.361979	153.039062	F1	30	80	0
577	153.023438	153.569010	F4	38	80	0
578	153.705729	154.938802	F4	41	80	0
579	154.700521	154.839844	F2	20	80	0
580	154.915365	155.109375	F2	21	80	0
581	155.045573	156.489583	F#4	34	80	0
582	155.050781	157.199219	C4	24	80	0
583	155.059896	158.489583	Eb4	26	80	0
584	156.093750	156.279948	F1	22	80	0
585	156.095052	156.158854	F2	18	80	0
586	156.289062	156.959635	F1	29	80	0
587	156.923177	157.529948	F#4	47	80	0
588	157.651042	158.979167	F#4	48	80	0
589	158.608073	158.739583	F2	30	80	0
590	158.712240	158.869792	F1	34	80	0
591	158.783854	158.839844	F2	32	80	0
592	158.873698	160.609375	A4	67	80	0
593	158.882812	159.429688	F1	47	80	0
594	158.904948	159.438802	C4	45	80	0
595	159.799479	159.899740	F2	34	80	0
596	159.881510	159.959635	F1	46	80	0
597	159.966146	160.109375	F2	43	80	0
598	159.972656	160.039062	F1	45	80	0
599	160.048177	160.279948	F1	51	80	0
600	160.292969	161.718750	F1	32	80	0
601	160.755208	161.408854	A4	76	80	0
602	161.419271	162.500000	A4	79	80	0
603	162.274740	162.289062	F1	24	80	0
604	162.403646	162.519531	F2	39	80	0
605	162.484375	163.098958	F1	49	80	0
606	162.558594	162.709635	F2	46	80	0
607	162.644531	162.779948	F4	64	80	0
608	162.654948	163.839844	Eb4	74	80	0
609	163.634115	163.789062	F2	54	80	0
610	163.638021	163.709635	F1	58	80	0
611	163.718750	163.869792	F1	65	80	0
612	163.800781	164.169271	F2	59	80	0
613	163.875000	165.289062	F1	75	80	0
614	164.592448	164.889323	C5	83	80	0
615	165.326823	166.179688	C5	81	80	0
616	165.363281	166.539062	F1	41	80	0
617	166.158854	167.479167	Eb5	90	80	0
618	166.524740	166.829427	C4	47	80	0
619	166.545573	166.839844	F1	39	80	0
620	166.545573	166.869792	A3	39	80	0
621	166.662760	168.878906	F2	38	80	0
622	166.667969	166.679688	F3	42	80	0
623	166.852865	167.438802	F1	43	80	0
624	166.855469	167.789062	F3	47	80	0
625	167.406250	167.968750	D5	69	80	0
626	167.445312	169.549479	F1	33	80	0
627	167.673177	168.408854	C5	56	80	0
628	167.881510	168.149740	Bb4	51	80	0
629	168.053385	169.109375	A4	49	80	0
630	168.201823	168.329427	G4	48	80	0
631	168.345052	168.729167	F4	50	80	0
632	168.497396	168.639323	E4	54	80	0
633	168.644531	168.878906	Eb4	53	80	0
634	168.811198	169.000000	D4	51	80	0
635	168.959635	169.378906	C4	51	80	0
636	169.115885	169.309896	Bb3	52	80	0
637	169.286458	169.438802	A3	49	80	0
638	169.460938	169.889323	Eb4	49	80	0
639	169.623698	169.889323	A3	44	80	0
640	169.776042	173.329427	F2	29	80	0
641	169.897135	169.908854	D3	36	80	0
642	169.897135	171.539062	Bb3	36	80	0
643	169.903646	169.908854	D4	32	80	0
644	171.236979	171.609375	Eb3	31	80	0
645	171.492188	172.199219	F3	40	80	0
646	172.832031	173.259115	F3	41	80	0
647	174.015625	174.239583	Bb3	20	80	0
648	174.055990	176.149740	D3	19	80	0
649	174.114583	176.039062	F3	21	80	0
650	174.175781	174.759115	D5	49	80	0
651	174.989583	175.109375	Eb5	37	80	0
652	175.074219	175.188802	D5	45	80	0
653	175.140625	175.250000	C5	38	80	0
654	175.203125	175.440104	D5	55	80	0
655	175.444010	175.662760	Eb5	57	80	0
656	175.662760	176.119792	F5	57	80	0
657	176.851562	178.479167	Bb3	43	80	0
658	176.864583	177.509115	Bb1	30	80	0
659	176.865885	177.468750	D3	31	80	0
660	176.872396	177.378906	Bb2	32	80	0
661	178.473958	180.569010	A3	34	80	0
662	178.479167	178.489583	C4	26	80	0
663	178.483073	181.628906	F2	26	80	0
664	178.492188	180.489583	Eb3	28	80	0
665	178.511719	179.369792	C3	23	80	0
666	179.695312	180.299479	F3	37	80	0
667	179.998698	180.619792	F#3	38	80	0
668	181.347656	181.718750	F#3	45	80	0
669	182.712240	183.938802	F#3	30	80	0
670	182.714844	184.029948	Eb4	32	80	0
671	182.721354	183.809896	C4	32	80	0
672	183.217448	183.348958	Bb5	50	80	0
673	183.304688	183.369792	A5	49	80	0
674	183.377604	183.559896	G5	47	80	0
675	183.445312	183.819010	A5	51	80	0
676	183.789062	184.128906	Bb5	57	80	0
677	184.101562	185.169271	F3	36	80	0
678	184.101562	184.109375	C6	47	80	0
679	185.424479	187.000000	Eb4	38	80	0
680	185.425781	186.539062	C4	40	80	0
681	185.432292	186.869792	A1	30	80	0
682	185.433594	186.289062	A2	30	80	0
683	186.764323	186.769531	Bb1	20	80	0
684	186.904948	188.369792	G#3	37	80	0
685	186.908854	189.089844	Bb2	29	80	0
686	186.914062	189.069010	Bb1	30	80	0
687	186.915365	189.109375	D4	40	80	0
688	186.915365	189.718750	F3	33	80	0
689	187.990885	188.309896	Bb3	57	80	0
690	188.234375	189.059896	B3	59	80	0
691	189.494792	189.729167	B3	50	80	0
692	190.619792	190.628906	C4	18	80	0
693	190.621094	192.500000	B3	19	80	0
694	190.694010	192.839844	F4	20	80	0
695	190.761719	192.869792	G#4	27	80	0
696	190.807292	191.149740	D5	44	80	0
697	191.272135	191.419271	Eb5	36	80	0
698	191.356771	191.407552	D5	37	80	0
699	191.440104	191.497396	C5	42	80	0
700	191.526042	192.149740	D5	40	80	0
701	192.033854	192.459635	Eb5	40	80	0
702	192.343750	193.989583	Bb3	27	80	0
703	192.345052	192.979167	F5	39	80	0
704	193.535156	194.339844	F5	51	80	0
705	193.540365	194.609375	D3	24	80	0
706	193.554688	193.929688	G#4	32	80	0
707	194.880208	195.869792	F5	44	80	0
708	194.888021	195.218750	Bb3	24	80	0
709	194.902344	196.128906	G4	27	80	0
710	195.567708	195.789062	B3	27	80	0
711	196.259115	196.679688	Eb5	37	80	0
712	196.261719	196.569010	C4	25	80	0
713	196.946615	197.559896	D5	41	80	0
714	196.973958	197.309896	Bb4	28	80	0
715	196.975260	197.222656	F3	23	80	0
716	196.979167	197.329427	D4	23	80	0
717	197.649740	197.979167	C5	39	80	0
718	197.664062	197.968750	Eb4	23	80	0
719	197.666667	197.979167	G4	26	80	0
720	197.674479	197.968750	G3	19	80	0
721	197.677083	197.688802	C4	18	80	0
722	198.186198	198.199219	F#4	20	80	0
723	198.346354	198.848958	C5	49	80	0
724	198.384115	198.769531	G4	23	80	0
725	198.384115	198.658854	Bb4	31	80	0
726	198.394531	198.658854	E4	20	80	0
727	198.398438	198.899740	G3	20	80	0
728	198.876302	201.199219	F3	24	80	0
729	198.881510	200.009115	F4	22	80	0
730	199.005208	199.149740	Bb4	38	80	0
731	199.014323	199.057292	C5	42	80	0
732	199.098958	199.169271	D5	38	80	0
733	199.157552	199.250000	C5	43	80	0
734	199.235677	199.277344	D5	40	80	0
735	199.302083	199.378906	C5	31	80	0
736	199.385417	199.468750	D5	40	80	0
737	199.446615	199.509115	C5	43	80	0
738	199.507812	199.519531	B4	32	80	0
739	199.576823	199.635417	C5	44	80	0
740	199.682292	199.949219	D5	38	80	0
741	200.183594	200.259115	C5	32	80	0
742	200.335938	200.878906	C5	33	80	0
743	200.354167	201.069010	F4	18	80	0
744	200.364583	201.079427	A4	25	80	0
745	201.694010	201.889323	F3	46	80	0
746	201.871094	202.039062	G3	50	80	0
747	202.011719	202.149740	F3	62	80	0
748	202.165365	202.289062	E3	46	80	0
749	202.295573	202.919271	F3	51	80	0
750	202.440104	202.609375	G3	45	80	0
751	202.463542	202.598958	Eb3	47	80	0
752	202.593750	202.819010	C3	45	80	0
753	202.824219	203.399740	D3	48	80	0
754	202.825521	203.348958	Bb2	49	80	0
755	202.829427	203.609375	Bb1	44	80	0
756	203.832031	203.968750	Eb3	59	80	0
757	204.104167	205.069010	F3	64	80	0
758	204.114583	204.938802	D3	52	80	0
759	204.273438	204.419271	Bb5	56	80	0
760	204.419271	204.628906	D6	60	80	0
761	204.565104	204.699219	Bb5	59	80	0
762	204.722656	204.908854	F5	58	80	0
763	204.858073	204.945312	Bb5	55	80	0
764	205.002604	205.259115	D5	53	80	0
765	205.295573	205.789062	F3	49	80	0
766	205.300781	205.949219	D3	43	80	0
767	205.449219	205.536458	D5	42	80	0
768	205.619792	205.809896	F4	40	80	0
769	205.768229	205.843750	Bb4	45	80	0
770	205.904948	205.980469	D4	39	80	0
771	206.040365	206.309896	F4	38	80	0
772	206.208333	206.408854	Bb3	34	80	0
773	206.354167	206.539062	D4	32	80	0
774	206.501302	206.739583	D5	51	80	0
775	206.526042	206.759115	F3	39	80	0
776	206.680990	206.799479	Bb3	31	80	0
777	206.803385	207.009115	D3	42	80	0
778	206.942708	207.119792	F3	51	80	0
779	207.070312	207.628906	Bb2	49	80	0
780	207.200521	207.339844	Eb5	52	80	0
781	207.212240	207.500000	D3	42	80	0
782	207.292969	207.408854	D5	57	80	0
783	207.348958	207.669271	F2	37	80	0
784	207.428385	207.619792	D5	65	80	0
785	207.584635	207.729167	Eb5	72	80	0
786	207.700521	207.878906	D2	35	80	0
787	207.782552	208.289062	F5	84	80	0
788	207.925781	208.049479	F2	40	80	0
789	208.111979	208.119792	D2	35	80	0
790	208.167969	208.369792	F2	40	80	0
791	208.324219	208.500000	Bb2	46	80	0
792	208.445312	208.579427	D2	51	80	0
793	208.608073	208.687500	F2	44	80	0
794	208.723958	208.848958	Bb2	55	80	0
795	208.929688	209.079427	D3	47	80	0
796	208.933594	209.059896	Bb3	71	80	0
797	209.121094	209.279948	Bb2	53	80	0
798	209.274740	209.355469	F2	43	80	0
799	209.415365	209.579427	D2	48	80	0
800	209.562500	209.839844	Bb2	66	80	0
801	209.735677	209.833333	F2	40	80	0
802	209.881510	210.019531	D2	46	80	0
803	210.014323	210.209635	Bb1	57	80	0
804	210.194010	210.848958	F1	52	80	0
805	211.201823	211.399740	F3	63	80	0
806	211.205729	211.359375	D3	49	80	0
807	211.453125	211.658854	F#3	63	80	0
808	211.494792	211.649740	Eb3	45	80	0
809	211.777344	211.968750	Eb6	64	80	0
810	211.932292	212.049479	C6	57	80	0
811	212.085938	212.209635	A5	53	80	0
812	212.214844	212.369792	C6	56	80	0
813	212.361979	212.519531	F#5	61	80	0
814	212.483073	212.639323	A5	63	80	0
815	212.643229	213.089844	F#3	52	80	0
816	212.644531	213.209635	Eb3	51	80	0
817	212.776042	212.929688	F#5	55	80	0
818	212.894531	213.098958	C5	59	80	0
819	213.055990	213.209635	Eb5	60	80	0
820	213.178385	213.399740	A4	62	80	0
821	213.334635	213.509115	C5	64	80	0
822	213.464844	213.649740	F#4	49	80	0
823	213.604167	213.779948	A4	64	80	0
824	213.774740	214.299479	C6	72	80	0
825	213.783854	213.919271	Eb4	45	80	0
826	213.923177	214.089844	F#4	43	80	0
827	214.044271	214.128906	C4	59	80	0
828	214.171875	214.299479	Eb4	54	80	0
829	214.324219	214.500000	A3	57	80	0
830	214.416667	214.477865	D6	64	80	0
831	214.484375	214.598958	C6	66	80	0
832	214.536458	214.587240	B5	72	80	0
833	214.593750	214.598958	F#4	48	80	0
834	214.613281	214.968750	C6	75	80	0
835	214.700521	214.809896	A3	45	80	0
836	214.764323	215.009115	D6	88	80	0
837	214.933594	216.119792	Eb6	87	80	0
838	214.944010	215.359375	C3	44	80	0
839	215.102865	215.289062	F#3	48	80	0
840	215.234375	215.449219	Eb3	59	80	0
841	215.401042	215.639323	A3	56	80	0
842	215.545573	215.635417	F#3	60	80	0
843	215.682292	215.899740	C4	65	80	0
844	215.846354	216.029948	A3	68	80	0
845	215.973958	216.188802	F#3	62	80	0
846	216.132812	217.799479	F#4	73	80	0
847	216.162760	217.500000	Eb4	64	80	0
848	216.162760	216.869792	C4	58	80	0
849	216.287760	216.459635	Eb3	60	80	0
850	216.459635	216.839844	Bb2	66	80	0
851	216.625000	216.929688	F#3	57	80	0
852	216.798177	217.179688	Eb3	59	80	0
853	216.981771	217.309896	Bb3	59	80	0
854	217.173177	217.519531	F#3	60	80	0
855	217.346354	217.569010	Eb3	65	80	0
856	217.539062	219.750000	F4	70	80	0
857	217.561198	217.929688	A2	51	80	0
858	217.566406	217.899740	C4	52	80	0
859	218.183594	218.729167	C4	72	80	0
860	218.214844	218.500000	A3	41	80	0
861	218.664062	218.938802	D4	65	80	0
862	218.671875	218.769531	B3	49	80	0
863	218.915365	219.759115	Eb4	62	80	0
864	218.923177	219.519531	C4	54	80	0
865	219.071615	219.231771	C6	59	80	0
866	219.235677	219.429688	Eb6	53	80	0
867	219.395833	219.549479	C6	46	80	0
868	219.542969	219.688802	A5	50	80	0
869	219.675781	219.919271	C6	51	80	0
870	219.845052	220.109375	Eb5	58	80	0
871	219.985677	220.149740	A5	55	80	0
872	220.145833	220.819010	C4	53	80	0
873	220.145833	220.359375	Eb4	54	80	0
874	220.303385	220.569010	Eb5	44	80	0
875	220.453125	220.546875	A4	50	80	0
876	220.593750	220.979167	C5	56	80	0
877	220.755208	221.000000	Eb4	40	80	0
878	220.891927	221.158854	A4	50	80	0
879	221.033854	221.348958	C6	73	80	0
880	221.069010	221.229167	C4	36	80	0
881	221.175781	221.274740	Eb4	40	80	0
882	221.320312	221.539062	A3	39	80	0
883	221.355469	222.009115	C6	66	80	0
884	221.502604	221.583333	C4	49	80	0
885	221.653646	221.735677	F3	48	80	0
886	221.794271	221.889323	A3	50	80	0
887	221.929688	222.016927	C3	44	80	0
888	221.986979	222.119792	D6	63	80	0
889	222.054688	222.179688	F3	54	80	0
890	222.058594	222.069010	F2	50	80	0
891	222.072917	222.188802	C6	59	80	0
892	222.125000	222.209635	B5	66	80	0
893	222.191406	222.348958	A2	58	80	0
894	222.196615	222.419271	C6	71	80	0
895	222.361979	222.609375	D6	85	80	0
896	222.369792	222.519531	C3	50	80	0
897	222.511719	222.709635	F2	50	80	0
898	222.526042	223.089844	Eb6	79	80	0
899	222.657552	222.748698	A2	48	80	0
900	222.783854	222.907552	C2	57	80	0
901	222.936198	223.128906	F2	55	80	0
902	223.075521	223.279948	A1	61	80	0
903	223.195312	223.509115	C2	62	80	0
904	223.326823	223.579427	F1	65	80	0
905	223.643229	225.468750	Eb5	85	80	0
906	223.656250	224.839844	A4	69	80	0
907	223.657552	225.339844	C5	66	80	0
908	223.783854	224.049479	F#1	58	80	0
909	223.934896	224.009115	A1	51	80	0
910	224.067708	224.170573	C2	55	80	0
911	224.201823	224.468750	F#2	62	80	0
912	224.365885	224.529948	A2	55	80	0
913	224.505208	224.619792	C2	57	80	0
914	224.657552	224.669271	F#1	53	80	0
915	224.664062	224.809896	F#2	55	80	0
916	224.821615	225.049479	D5	73	80	0
917	224.984375	225.279948	G1	65	80	0
918	225.132812	225.218750	Bb1	60	80	0
919	225.240885	225.361979	D2	52	80	0
920	225.395833	225.519531	G1	54	80	0
921	225.399740	225.729167	G2	55	80	0
922	225.544271	225.729167	Bb2	63	80	0
923	225.692708	225.782552	D3	58	80	0
924	225.824219	225.829427	G3	54	80	0
925	226.028646	228.289062	G5	92	80	0
926	226.221354	226.459635	E2	50	80	0
927	226.399740	226.522135	G2	59	80	0
928	226.535156	226.688802	Bb2	63	80	0
929	226.707031	226.899740	E2	54	80	0
930	226.869792	226.878906	G2	55	80	0
931	226.872396	227.019531	G3	63	80	0
932	227.020833	227.123698	Bb3	66	80	0
933	227.166667	227.329427	G3	56	80	0
934	227.352865	228.669271	Bb4	73	80	0
935	227.354167	228.438802	G4	65	80	0
936	227.360677	227.669271	C#4	60	80	0
937	227.809896	227.929688	G2	31	80	0
938	227.957031	228.128906	E3	38	80	0
939	228.110677	228.188802	C#3	46	80	0
940	228.255208	228.559896	Bb2	38	80	0
941	228.453125	228.679688	G2	33	80	0
942	228.644531	228.929688	E2	32	80	0
943	228.923177	232.500000	F5	66	80	0
944	229.152344	229.348958	F2	26	80	0
945	229.326823	229.519531	Bb2	31	80	0
946	229.475260	229.606771	D3	35	80	0
947	229.664062	229.766927	F3	30	80	0
948	229.815104	229.898438	D3	32	80	0
949	229.971354	230.128906	Bb2	30	80	0
950	230.144531	230.309896	F2	24	80	0
951	230.277344	231.899740	Bb4	36	80	0
952	230.277344	231.299479	D5	43	80	0
953	230.277344	232.908854	F4	34	80	0
954	230.454427	230.575521	F2	25	80	0
955	230.597656	230.829427	Bb2	36	80	0
956	230.764323	230.842448	D3	40	80	0
957	230.924479	231.011719	F3	40	80	0
958	231.067708	231.209635	D3	45	80	0
959	231.204427	231.378906	Bb2	47	80	0
960	231.343750	231.519531	F2	41	80	0
961	231.529948	231.688802	F2	35	80	0
962	231.708333	231.829427	C3	38	80	0
963	231.861979	231.949219	A2	35	80	0
964	232.015625	232.139323	F2	25	80	0
965	232.125000	232.226562	Eb2	33	80	0
966	232.312500	232.380208	C2	36	80	0
967	232.430990	232.529948	A1	40	80	0
968	232.600260	232.729167	F2	32	80	0
969	232.600260	232.729167	F1	36	80	0
970	232.756510	233.089844	Bb4	40	80	0
971	232.772135	232.779948	D4	26	80	0
972	232.773438	233.369792	Bb3	30	80	0
973	232.773438	233.359375	Bb1	32	80	0
974	233.644531	233.709635	Bb2	32	80	0
975	233.744792	233.929688	Bb1	27	80	0
976	233.826823	234.250000	Bb2	36	80	0
977	233.936198	234.799479	Bb1	27	80	0
978	234.704427	234.709635	Eb2	15	80	0
979	234.834635	234.949219	Bb2	26	80	0
980	234.923177	235.000000	Bb1	23	80	0
981	235.031250	235.449219	Bb2	29	80	0
982	235.125000	235.769531	Bb1	29	80	0
983	236.000000	236.199219	Bb2	27	80	0
984	236.115885	236.169271	Bb1	20	80	0
985	236.242188	237.169271	Bb2	26	80	0
986	236.325521	237.229167	F4	46	80	0
987	236.330729	237.029948	Bb1	31	80	0
988	236.358073	236.919271	D4	25	80	0
989	236.359375	236.959635	G#3	30	80	0
990	237.559896	238.389323	Eb4	41	80	0
991	237.574219	238.239583	Bb3	30	80	0
992	237.592448	238.299479	G3	26	80	0
993	238.800781	239.468750	D4	33	80	0
994	238.816406	239.539062	Bb3	25	80	0
995	238.825521	239.000000	F#3	21	80	0
996	238.825521	238.839844	F#2	23	80	0
997	240.140625	240.679688	D4	29	80	0
998	240.144531	240.989583	Bb3	23	80	0
999	240.147135	240.429688	F#3	23	80	0
1000	240.152344	240.158854	F#2	24	80	0
1001	241.104167	241.289062	Bb2	36	80	0
1002	241.230469	241.506510	Bb1	30	80	0
1003	241.304688	241.519531	Bb2	39	80	0
1004	241.430990	241.438802	G#1	31	80	0
1005	241.485677	243.519531	Eb4	33	80	0
1006	242.416667	242.500000	Bb2	28	80	0
1007	242.518229	242.619792	Bb1	26	80	0
1008	242.592448	242.769531	Bb2	27	80	0
1009	242.696615	242.899740	Bb1	30	80	0
1010	243.648438	243.799479	Bb2	26	80	0
1011	243.898438	246.319010	Bb2	29	80	0
1012	244.031250	244.839844	G#4	42	80	0
1013	244.059896	244.609375	F4	22	80	0
1014	245.429688	246.819010	G4	34	80	0
1015	245.434896	246.239583	Eb4	23	80	0
1016	245.458333	245.989583	Bb3	18	80	0
1017	246.658854	247.250000	F#4	35	80	0
1018	246.684896	247.269531	Bb3	24	80	0
1019	246.687500	247.149740	D4	21	80	0
1020	247.984375	249.819010	F#4	22	80	0
1021	248.010417	248.899740	D4	14	80	0
1022	248.013021	248.449219	Bb3	15	80	0
1023	248.902344	249.699219	Eb3	19	80	0
1024	249.032552	249.039062	Eb2	15	80	0
1025	249.266927	249.779948	Eb2	21	80	0
1026	249.276042	250.750000	G4	26	80	0
1027	249.283854	251.628906	Eb4	18	80	0
1028	250.118490	250.619792	Eb3	19	80	0
1029	250.255208	250.348958	Eb2	20	80	0
1030	250.451823	250.591146	Eb2	27	80	0
1031	251.067708	251.489583	G4	33	80	0
1032	251.074219	251.239583	Eb2	19	80	0
1033	251.325521	251.468750	Eb3	32	80	0
1034	251.555990	252.289062	Eb3	29	80	0
1035	251.557292	252.378906	G4	30	80	0
1036	251.697917	253.408854	Eb5	48	80	0
1037	251.704427	252.229167	Eb2	22	80	0
1038	252.927083	253.718750	C5	52	80	0
1039	252.953125	253.399740	Eb4	26	80	0
1040	252.960938	253.378906	G4	29	80	0
1041	254.212240	254.908854	Bb4	49	80	0
1042	254.246094	254.718750	G4	25	80	0
1043	254.248698	254.479167	D4	24	80	0
1044	255.824219	257.250000	A4	33	80	0
1045	255.846354	256.908854	F4	20	80	0
1046	255.850260	256.899740	C4	18	80	0
1047	256.718750	256.829427	F3	25	80	0
1048	256.835938	256.908854	F2	17	80	0
1049	256.916667	257.158854	F3	29	80	0
1050	256.920573	257.239583	F4	26	80	0
1051	257.035156	257.135417	F2	23	80	0
1052	257.671875	257.968750	A4	42	80	0
1053	257.707031	257.979167	F4	23	80	0
1054	257.713542	257.839844	C4	21	80	0
1055	258.140625	258.218750	F5	43	80	0
1056	258.214844	258.429688	F6	45	80	0
1057	258.335938	258.699219	F5	50	80	0
1058	258.339844	258.658854	Bb4	51	80	0
1059	258.368490	258.779948	F4	27	80	0
1060	258.375000	258.609375	D4	23	80	0
1061	259.033854	259.319010	C5	40	80	0
1062	259.058594	259.352865	Eb4	25	80	0
1063	259.059896	259.449219	F4	24	80	0
1064	259.744792	260.079427	C5	39	80	0
1065	259.782552	260.199219	F4	17	80	0
1066	259.789062	259.799479	C4	13	80	0
1067	259.791667	260.098958	Eb4	17	80	0
1068	260.783854	261.098958	A4	31	80	0
1069	260.804688	260.863281	C#4	16	80	0
1070	260.812500	261.009115	F4	13	80	0
1071	260.915365	261.438802	F2	22	80	0
1072	261.072917	261.079427	C5	22	80	0
1073	261.075521	261.209635	F4	15	80	0
1074	261.164062	261.519531	Bb4	29	80	0
1075	261.220052	261.375000	D4	18	80	0
1076	261.220052	261.459635	F4	16	80	0
1077	261.863281	262.139323	Bb4	44	80	0
1078	261.863281	262.069010	D4	23	80	0
1079	261.867188	262.029948	F3	24	80	0
1080	261.869792	262.109375	F4	25	80	0
1081	262.217448	262.329427	F6	39	80	0
1082	262.342448	262.468750	F5	38	80	0
1083	262.531250	262.899740	C5	47	80	0
1084	262.557292	262.869792	F5	36	80	0
1085	262.569010	262.839844	A4	29	80	0
1086	262.575521	262.899740	F4	23	80	0
1087	263.195312	263.500000	D5	44	80	0
1088	263.223958	263.489583	Bb4	30	80	0
1089	263.231771	263.579427	F4	21	80	0
1090	263.966146	264.459635	D5	38	80	0
1091	263.988281	264.329427	Bb4	24	80	0
1092	263.996094	264.459635	F4	17	80	0
1093	264.951823	265.158854	B4	28	80	0
1094	264.954427	265.109375	C5	30	80	0
1095	264.971354	265.098958	F2	18	80	0
1096	264.972656	265.519531	F4	18	80	0
1097	264.973958	265.069010	F3	19	80	0
1098	264.973958	265.359375	G#4	25	80	0
1099	264.992188	265.000000	C4	15	80	0
1100	265.108073	265.250000	F2	17	80	0
1101	265.204427	265.468750	F3	30	80	0
1102	265.298177	265.699219	C5	44	80	0
1103	265.335938	265.539062	F2	22	80	0
1104	265.338542	265.639323	A4	24	80	0
1105	265.343750	265.549479	C4	19	80	0
1106	265.924479	266.199219	C5	48	80	0
1107	265.964844	266.348958	A4	33	80	0
1108	265.964844	266.259115	F4	28	80	0
1109	265.994792	266.139323	C4	19	80	0
1110	266.276042	266.333333	F6	48	80	0
1111	266.376302	266.421875	F5	51	80	0
1112	266.463542	266.559896	F6	48	80	0
1113	266.542969	266.829427	F5	59	80	0
1114	266.544271	266.779948	D5	57	80	0
1115	266.553385	266.829427	Bb4	46	80	0
1116	266.561198	266.979167	F4	36	80	0
1117	267.174479	267.529948	Eb5	58	80	0
1118	267.175781	267.359375	F3	34	80	0
1119	267.854167	268.979167	Eb5	59	80	0
1120	267.880208	268.000000	F3	26	80	0
1121	268.787760	269.259115	A4	54	80	0
1122	268.794271	269.069010	C#5	64	80	0
1123	268.803385	268.889323	F2	39	80	0
1124	268.898438	269.033854	F2	31	80	0
1125	269.003906	269.089844	F3	34	80	0
1126	269.123698	269.194010	F2	49	80	0
1127	269.123698	269.359375	D5	66	80	0
1128	269.132812	269.369792	Bb4	58	80	0
1129	269.757812	270.128906	D5	73	80	0
1130	269.776042	269.959635	Bb4	48	80	0
1131	269.782552	270.158854	F4	45	80	0
1132	270.020833	270.079427	F6	63	80	0
1133	270.022135	270.179688	Bb4	40	80	0
1134	270.089844	270.197917	F5	63	80	0
1135	270.174479	270.279948	F6	80	80	0
1136	270.402344	270.809896	E5	74	80	0
1137	270.414062	270.769531	Bb4	58	80	0
1138	270.415365	270.739583	G4	50	80	0
1139	270.416667	270.739583	C#5	58	80	0
1140	271.066406	271.218750	E5	67	80	0
1141	271.087240	271.239583	C#5	49	80	0
1142	271.088542	271.309896	G4	45	80	0
1143	271.095052	271.408854	Bb4	44	80	0
1144	271.212240	271.319010	F6	64	80	0
1145	271.296875	271.429688	F5	52	80	0
1146	271.388021	271.709635	F6	55	80	0
1147	271.743490	273.128906	F5	59	80	0
1148	271.753906	272.209635	C5	39	80	0
1149	271.755208	272.039062	A4	35	80	0
1150	272.406250	273.069010	C5	49	80	0
1151	272.407552	273.128906	A4	36	80	0
1152	272.412760	273.139323	F4	32	80	0
1153	272.785156	272.869792	F3	31	80	0
1154	272.885417	273.119792	F2	35	80	0
1155	272.973958	273.149740	F3	51	80	0
1156	273.555990	273.779948	C5	65	80	0
1157	273.563802	273.809896	A4	48	80	0
1158	273.591146	273.669271	F4	35	80	0
1159	273.677083	273.809896	F4	23	80	0
1160	273.930990	274.049479	F6	54	80	0
1161	274.010417	274.188802	F5	55	80	0
1162	274.125000	274.539062	E5	67	80	0
1163	274.147135	274.425781	Bb4	47	80	0
1164	274.152344	274.438802	G4	41	80	0
1165	274.764323	275.188802	C5	62	80	0
1166	274.796875	275.029948	Bb4	42	80	0
1167	274.804688	274.958333	G4	37	80	0
1168	275.417969	277.059896	F5	54	80	0
1169	275.436198	275.763021	A4	35	80	0
1170	275.440104	275.770833	F4	34	80	0
1171	276.139323	276.819010	C5	46	80	0
1172	276.144531	276.859375	A4	32	80	0
1173	276.165365	276.899740	F4	22	80	0
1174	276.522135	276.574219	F3	30	80	0
1175	276.635417	276.750000	F2	25	80	0
1176	276.743490	277.128906	F3	34	80	0
1177	277.355469	277.609375	C5	46	80	0
1178	277.364583	277.718750	A4	41	80	0
1179	277.371094	277.639323	F4	35	80	0
1180	277.744792	277.859375	F6	45	80	0
1181	277.833333	278.079427	F5	46	80	0
1182	277.953125	278.408854	E5	45	80	0
1183	277.963542	278.329427	Bb4	35	80	0
1184	277.975260	278.309896	G4	25	80	0
1185	278.652344	279.079427	C5	48	80	0
1186	278.662760	278.938802	Bb4	35	80	0
1187	279.334635	281.669271	F5	48	80	0
1188	279.342448	279.636719	A4	29	80	0
1189	279.371094	279.652344	F4	21	80	0
1190	280.041667	282.149740	C5	44	80	0
1191	280.054688	280.729167	A4	29	80	0
1192	280.070312	280.769531	F4	21	80	0
1193	280.494792	280.589844	F3	30	80	0
1194	280.587240	280.718750	F2	30	80	0
1195	280.686198	280.779948	F3	38	80	0
1196	281.324219	284.149740	A4	40	80	0
1197	281.343750	282.079427	F4	27	80	0
1198	281.345052	281.889323	C4	26	80	0
1199	281.786458	281.869792	F3	20	80	0
1200	281.869792	282.009115	F2	27	80	0
1201	281.984375	282.027344	F3	31	80	0
1202	282.674479	283.500000	F4	26	80	0
1203	282.679688	283.378906	C4	25	80	0
1204	282.684896	282.829427	A3	22	80	0
1205	283.092448	283.134115	F3	24	80	0
1206	283.197917	283.369792	F2	23	80	0
1207	283.305990	283.598958	F3	21	80	0
1208	283.954427	284.319010	F4	35	80	0
1209	284.355469	285.149740	F4	20	80	0
1210	284.656250	285.139323	E4	38	80	0
1211	284.664062	284.839844	C4	23	80	0
1212	285.432292	286.134115	F4	29	80	0
1213	285.433594	285.889323	Eb4	31	80	0
1214	286.101562	286.869792	D4	27	80	0
1215	286.455729	286.529948	G4	48	80	0
1216	286.463542	286.468750	C4	32	80	0
1217	286.662760	286.708333	A4	53	80	0
1218	286.864583	286.902344	Bb4	50	80	0
1219	286.867188	287.138021	C4	36	80	0
1220	286.872396	287.188802	Eb4	32	80	0
1221	287.076823	287.218750	C5	44	80	0
1222	287.309896	287.589844	D5	47	80	0
1223	287.562500	287.859375	Eb5	42	80	0
1224	287.837240	288.250000	Bb2	18	80	0
1225	287.903646	289.809896	F5	51	80	0
1226	288.545573	289.489583	Bb3	22	80	0
1227	289.196615	289.688802	Bb4	31	80	0
1228	289.221354	289.688802	F4	16	80	0
1229	289.229167	289.239583	D4	14	80	0
1230	289.843750	290.369792	Bb3	27	80	0
1231	290.285156	290.569010	D5	41	80	0
1232	290.520833	291.878906	Bb5	51	80	0
1233	290.553385	291.169271	G4	17	80	0
1234	291.178385	291.899740	Bb3	26	80	0
1235	291.183594	291.589844	G4	20	80	0
1236	291.195312	291.669271	Eb4	13	80	0
1237	291.636719	291.919271	G5	40	80	0
1238	291.848958	293.619792	F5	43	80	0
1239	291.875000	292.688802	D4	19	80	0
1240	291.884115	293.759115	F4	18	80	0
1241	292.550781	293.468750	Bb3	19	80	0
1242	293.171875	294.119792	Bb4	27	80	0
1243	293.194010	293.959635	D4	16	80	0
1244	293.824219	294.319010	Bb3	20	80	0
1245	294.209635	294.559896	D5	40	80	0
1246	294.501302	295.839844	Eb5	39	80	0
1247	294.502604	295.319010	Bb4	29	80	0
1248	295.127604	295.628906	G4	28	80	0
1249	295.134115	295.449219	Eb3	28	80	0
1250	295.523438	296.029948	C5	45	80	0
1251	295.773438	296.848958	Bb4	39	80	0
1252	296.427083	296.679688	D4	21	80	0
1253	296.442708	296.658854	Bb3	19	80	0
1254	296.442708	297.299479	F3	20	80	0
1255	297.063802	297.598958	F4	24	80	0
1256	297.063802	297.759115	Bb3	21	80	0
1257	297.067708	297.229167	D4	16	80	0
1258	297.669271	298.658854	F3	22	80	0
1259	298.272135	298.769531	F4	19	80	0
1260	298.273438	298.789062	Bb3	22	80	0
1261	298.276042	298.609375	C4	23	80	0
1262	298.276042	298.658854	D5	37	80	0
1263	298.592448	298.919271	C5	50	80	0
1264	298.891927	299.669271	F3	25	80	0
1265	298.893229	299.299479	Bb4	54	80	0
1266	299.194010	299.408854	C5	62	80	0
1267	299.386719	300.669271	Bb2	24	80	0
1268	299.563802	300.739583	C5	57	80	0
1269	300.248698	301.069010	F3	29	80	0
1270	300.255208	301.009115	F4	22	80	0
1271	300.255208	300.809896	Bb4	26	80	0
1272	300.675781	301.079427	C#5	43	80	0
1273	300.985677	301.859375	Bb3	30	80	0
1274	300.994792	301.598958	D5	34	80	0
1275	301.018229	302.139323	F4	19	80	0
1276	301.018229	301.819010	Bb4	24	80	0
1277	301.632812	302.371094	D3	45	80	0
1278	302.266927	302.884115	Eb3	49	80	0
1279	302.270833	302.279948	C4	34	80	0
1280	302.438802	302.520833	F4	47	80	0
1281	302.595052	302.654948	G4	55	80	0
1282	302.752604	302.819010	A4	65	80	0
1283	302.884115	303.532552	C3	39	80	0
1284	302.890625	302.932292	Bb4	61	80	0
1285	303.050781	303.218750	C5	56	80	0
1286	303.214844	303.274740	D5	60	80	0
1287	303.365885	303.473958	Eb5	60	80	0
1288	303.522135	304.158854	Bb2	29	80	0
1289	303.622396	305.188802	F5	56	80	0
1290	304.272135	304.929688	Bb3	25	80	0
1291	304.730469	304.864583	A4	38	80	0
1292	304.911458	305.579427	Bb4	30	80	0
1293	304.921875	305.919271	D4	19	80	0
1294	304.928385	306.079427	F4	16	80	0
1295	305.523438	306.188802	Bb3	23	80	0
1296	305.968750	306.250000	D5	45	80	0
1297	306.199219	307.369792	Bb5	51	80	0
1298	306.203125	308.299479	Bb4	35	80	0
1299	306.208333	307.319010	G4	25	80	0
1300	306.897135	307.619792	Bb3	23	80	0
1301	307.356771	307.639323	G5	37	80	0
1302	307.589844	309.098958	F5	40	80	0
1303	307.615885	308.619792	F4	18	80	0
1304	307.625000	308.459635	D4	16	80	0
1305	308.261719	308.688802	Bb3	19	80	0
1306	308.733073	308.949219	A4	36	80	0
1307	308.942708	310.019531	Bb4	38	80	0
1308	308.944010	309.750000	D4	22	80	0
1309	309.559896	310.000000	Bb3	23	80	0
1310	309.927083	310.479167	D5	59	80	0
1311	310.384115	310.919271	G4	31	80	0
1312	310.384115	311.299479	G3	28	80	0
1313	310.386719	310.979167	F5	51	80	0
1314	310.406250	310.509115	Bb3	30	80	0
1315	310.411458	311.000000	Bb4	32	80	0
1316	310.786458	311.869792	Eb5	56	80	0
1317	311.164062	311.438802	Eb3	29	80	0
1318	311.171875	311.549479	G4	33	80	0
1319	311.458333	311.839844	C5	60	80	0
1320	311.809896	312.809896	Bb4	48	80	0
1321	311.822917	313.149740	F3	26	80	0
1322	311.845052	312.179688	D4	20	80	0
1323	312.572917	312.869792	D4	36	80	0
1324	312.605469	312.919271	Bb3	24	80	0
1325	313.304688	313.649740	F4	41	80	0
1326	313.328125	313.549479	D4	29	80	0
1327	313.337240	313.569010	Bb3	21	80	0
1328	314.035156	314.170573	D4	32	80	0
1329	314.046875	314.229167	Bb3	26	80	0
1330	314.829427	317.500000	F4	32	80	0
1331	314.867188	315.378906	F1	21	80	0
1332	314.867188	315.209635	A3	20	80	0
1333	314.868490	315.128906	F2	19	80	0
1334	314.869792	315.329427	C4	19	80	0
1335	315.592448	315.759115	F3	17	80	0
1336	315.605469	315.769531	C4	18	80	0
1337	315.606771	315.769531	A3	19	80	0
1338	316.305990	316.819010	Bb1	25	80	0
1339	316.307292	316.319010	Bb2	23	80	0
1340	316.311198	317.500000	F3	22	80	0
1341	316.313802	316.949219	D4	22	80	0
1342	316.320312	317.779948	Bb3	21	80	0
1343	317.294271	317.429688	Bb2	27	80	0
1344	317.503906	318.109375	Bb2	27	80	0
1345	317.611979	318.399740	Bb1	30	80	0
1346	318.664062	318.869792	Bb2	20	80	0
1347	318.772135	318.829427	Bb1	21	80	0
1348	318.875000	319.459635	Bb2	19	80	0
1349	318.979167	319.658854	Bb1	24	80	0
1350	319.677083	319.959635	Bb3	25	80	0
1351	319.679688	319.809896	Bb2	20	80	0
1352	320.005208	320.149740	Bb2	15	80	0
1353	320.143229	320.369792	Bb1	23	80	0
1354	320.250000	320.369792	Bb2	19	80	0
1355	320.375000	321.619792	Bb1	23	80	0
1356	320.380208	320.979167	Bb2	24	80	0
1357	321.597656	323.389323	B3	29	80	0
1358	321.621094	322.158854	G#3	23	80	0
1359	321.626302	323.269531	F3	18	80	0
1360	321.630208	321.989583	Bb1	21	80	0
1361	322.496094	322.609375	Bb2	22	80	0
1362	322.604167	322.859375	Bb1	24	80	0
1363	322.699219	323.139323	Bb2	26	80	0
1364	322.864583	323.899740	Bb1	23	80	0
1365	323.545573	323.908854	B3	48	80	0
1366	323.798177	323.949219	Bb2	23	80	0
1367	323.912760	324.158854	Bb1	25	80	0
1368	324.005208	324.389323	Bb2	32	80	0
1369	324.164062	325.079427	Bb1	35	80	0
1370	324.167969	325.119792	B3	59	80	0
1371	324.174479	324.789062	Bb3	56	80	0
1372	324.402344	325.149740	Bb2	23	80	0
1373	325.114583	326.348958	F3	29	80	0
1374	325.227865	326.039062	G#3	31	80	0
1375	325.305990	326.419271	B3	41	80	0
1376	325.395833	326.968750	D4	58	80	0
1377	326.205729	326.339844	Bb2	33	80	0
1378	326.317708	326.509115	Bb1	32	80	0
1379	326.391927	326.809896	Bb2	43	80	0
1380	326.523438	327.128906	Bb1	36	80	0
1381	327.134115	327.579427	D4	65	80	0
1382	327.134115	327.489583	Bb1	39	80	0
1383	327.402344	327.569010	Bb2	41	80	0
1384	327.494792	327.688802	Bb1	46	80	0
1385	327.583333	328.019531	Bb2	48	80	0
1386	327.703125	328.369792	Bb1	48	80	0
1387	327.704427	328.649740	D4	76	80	0
1388	328.545573	328.688802	Bb2	42	80	0
1389	328.622396	328.809896	Bb1	34	80	0
1390	328.695312	328.929688	Bb2	54	80	0
1391	328.821615	329.549479	D4	59	80	0
1392	328.821615	329.119792	Bb1	49	80	0
1393	328.871094	329.929688	F4	69	80	0
1394	329.438802	329.739583	Bb1	34	80	0
1395	329.653646	329.759115	Bb2	63	80	0
1396	329.752604	329.938802	Bb1	60	80	0
1397	329.838542	330.339844	Bb2	62	80	0
1398	329.945312	330.729167	Bb1	63	80	0
1399	330.003906	331.848958	G#4	83	80	0
1400	330.005208	331.819010	F4	70	80	0
1401	330.010417	332.109375	B3	75	80	0
1402	330.014323	330.669271	D4	65	80	0
1403	330.813802	330.876302	Bb2	60	80	0
1404	330.924479	331.098958	Bb1	51	80	0
1405	331.005208	331.759115	Bb2	63	80	0
1406	331.108073	331.158854	Bb1	56	80	0
1407	331.166667	332.919271	B4	88	80	0
1408	331.169271	331.639323	Bb1	46	80	0
1409	331.225260	331.239583	C4	34	80	0
1410	332.061198	332.218750	G#3	46	80	0
1411	332.151042	332.205729	Bb2	49	80	0
1412	332.227865	333.339844	G#3	45	80	0
1413	332.316406	333.059896	Bb2	67	80	0
1414	332.324219	332.468750	Bb1	65	80	0
1415	332.326823	333.718750	G#4	76	80	0
1416	332.339844	333.408854	D4	52	80	0
1417	333.350260	333.423177	Bb2	38	80	0
1418	333.421875	333.839844	G#3	22	80	0
1419	333.544271	334.369792	Bb4	76	80	0
1420	333.563802	334.059896	Bb2	41	80	0
1421	333.570312	333.789062	Bb1	42	80	0
1422	333.574219	334.289062	D4	46	80	0
1423	334.253906	335.003906	G#4	63	80	0
1424	334.933594	336.229167	F#4	47	80	0
1425	335.855469	336.019531	Bb2	42	80	0
1426	335.984375	336.139323	Bb1	37	80	0
1427	336.057292	336.209635	Bb2	48	80	0
1428	336.141927	337.179688	G4	54	80	0
1429	336.151042	336.195312	Bb1	50	80	0
1430	336.161458	337.199219	Eb4	45	80	0
1431	336.161458	336.979167	Bb3	43	80	0
1432	336.944010	337.013021	Bb2	40	80	0
1433	337.059896	337.179688	Bb1	38	80	0
1434	337.143229	337.399740	Bb2	43	80	0
1435	337.251302	338.389323	Bb1	49	80	0
1436	337.821615	338.359375	Bb4	74	80	0
1437	338.524740	342.500000	Eb5	75	80	0
1438	339.454427	340.199219	Bb3	28	80	0
1439	339.554688	339.669271	Bb2	36	80	0
1440	339.744792	341.229167	A4	51	80	0
1441	339.752604	341.489583	Eb4	45	80	0
1442	339.755208	340.188802	Bb2	37	80	0
1443	340.765625	340.979167	Bb2	31	80	0
1444	340.951823	342.158854	C5	63	80	0
1445	340.993490	341.479167	Bb2	27	80	0
1446	341.652344	342.789062	A4	52	80	0
1447	341.662760	341.669271	Bb1	28	80	0
1448	342.381510	343.869792	C5	54	80	0
1449	343.372396	343.529948	Bb2	24	80	0
1450	343.505208	343.688802	Bb1	28	80	0
1451	343.591146	343.968750	Bb2	29	80	0
1452	343.662760	344.929688	Bb4	53	80	0
1453	343.695312	344.119792	D4	27	80	0
1454	343.703125	344.329427	Bb1	27	80	0
1455	344.545573	344.596354	Bb2	37	80	0
1456	344.654948	344.809896	Bb1	33	80	0
1457	344.716146	345.239583	Bb2	41	80	0
1458	344.821615	345.589844	F4	56	80	0
1459	344.822917	346.348958	Bb1	47	80	0
1460	344.825521	345.878906	G#4	66	80	0
1461	344.826823	344.839844	D4	44	80	0
1462	345.460938	345.809896	D5	72	80	0
1463	346.253906	347.169271	F5	74	80	0
1464	346.951823	347.598958	Eb5	65	80	0
1465	347.289062	347.429688	Bb3	40	80	0
1466	347.361979	347.412760	Bb2	42	80	0
1467	347.562500	347.859375	Bb2	38	80	0
1468	347.591146	348.389323	Bb4	59	80	0
1469	347.598958	348.348958	G4	45	80	0
1470	348.321615	349.529948	A4	54	80	0
1471	348.324219	349.468750	F#4	44	80	0
1472	348.333333	348.598958	Bb2	29	80	0
1473	348.755208	348.968750	Bb3	42	80	0
1474	348.845052	348.959635	Bb2	36	80	0
1475	349.048177	349.119792	Bb2	35	80	0
1476	349.048177	349.739583	C5	57	80	0
1477	349.050781	349.438802	Eb4	44	80	0
1478	349.894531	350.889323	A4	46	80	0
1479	349.906250	350.179688	C4	31	80	0
1480	349.912760	350.848958	F#4	33	80	0
1481	349.923177	350.128906	Eb4	29	80	0
1482	350.412760	350.539062	Bb2	29	80	0
1483	350.783854	352.109375	Bb2	35	80	0
1484	350.785156	350.799479	Bb1	33	80	0
1485	350.785156	351.679688	D3	36	80	0
1486	351.947917	352.195312	Eb3	32	80	0
1487	351.953125	352.192708	C3	32	80	0
1488	352.201823	353.500000	D3	31	80	0
1489	352.203125	353.579427	F3	34	80	0
1490	352.204427	352.979167	Bb2	31	80	0
1491	353.446615	354.509115	Eb3	30	80	0
1492	353.463542	354.529948	C4	24	80	0
1493	353.472656	354.609375	C3	26	80	0
1494	353.634115	353.682292	F4	49	80	0
1495	353.802083	353.809896	E4	51	80	0
1496	353.955729	354.029948	F4	53	80	0
1497	354.135417	354.269531	G4	48	80	0
1498	354.302083	354.399740	A4	59	80	0
1499	354.464844	354.505208	Bb4	56	80	0
1500	354.630208	354.699219	C5	57	80	0
1501	354.833333	355.839844	D5	53	80	0
1502	354.863281	355.839844	F4	32	80	0
1503	354.864583	355.809896	D3	28	80	0
1504	354.865885	354.878906	Bb4	33	80	0
1505	354.868490	355.968750	Bb2	29	80	0
1506	354.871094	354.878906	D4	30	80	0
1507	356.207031	356.589844	Eb5	43	80	0
1508	356.212240	356.479167	C5	36	80	0
1509	356.463542	357.348958	F5	53	80	0
1510	356.494792	356.929688	D5	24	80	0
1511	357.805990	359.628906	Eb5	45	80	0
1512	357.808594	357.938802	F3	32	80	0
1513	358.014323	358.098958	F3	40	80	0
1514	358.226562	358.283854	E3	43	80	0
1515	358.407552	358.462240	F3	52	80	0
1516	358.600260	358.674479	G3	49	80	0
1517	358.782552	358.839844	A3	37	80	0
1518	358.970052	359.042969	Bb3	46	80	0
1519	359.165365	359.227865	C4	44	80	0
1520	359.406250	360.199219	D4	36	80	0
1521	359.410156	362.500000	D5	40	80	0
1522	359.415365	360.709635	F4	30	80	0
1523	359.416667	360.179688	Bb3	30	80	0
1524	359.421875	360.009115	Bb4	32	80	0
1525	360.654948	360.979167	Eb4	39	80	0
1526	360.654948	360.949219	C4	41	80	0
1527	360.958333	364.938802	F4	34	80	0
1528	360.977865	364.739583	D4	27	80	0
1529	362.558594	364.959635	Bb1	22	80	0
1530	364.736979	367.179688	A1	25	80	0
1531	364.738281	366.598958	C#4	16	80	0
1532	368.074219	368.259115	C6	40	80	0
1533	368.535156	368.628906	D6	45	80	0
1534	368.604167	368.679688	C6	44	80	0
1535	368.678385	368.752604	B5	54	80	0
1536	368.739583	368.949219	C6	56	80	0
1537	369.125000	369.559896	D6	75	80	0
1538	369.520833	369.819010	Eb6	68	80	0
1539	370.865885	372.509115	F#4	45	80	0
1540	370.875000	372.049479	Eb4	32	80	0
1541	370.876302	372.029948	C4	29	80	0
1542	370.882812	372.419271	Bb3	32	80	0
1543	372.910156	374.119792	F4	26	80	0
1544	372.912760	373.809896	C4	16	80	0
1545	372.925781	373.779948	A3	16	80	0
1546	374.437500	374.669271	G4	25	80	0
1547	374.786458	375.109375	F4	21	80	0
1548	375.078125	375.289062	E4	30	80	0
1549	375.294271	375.529948	F4	33	80	0
1550	375.510417	375.628906	G4	29	80	0
1551	375.626302	375.750000	A4	43	80	0
1552	375.713542	375.779948	Bb4	26	80	0
1553	375.786458	375.889323	C5	47	80	0
1554	375.875000	375.968750	D5	40	80	0
1555	375.942708	376.089844	Eb5	47	80	0
1556	376.040365	376.239583	F5	54	80	0
1557	376.108073	376.178385	G5	51	80	0
1558	376.182292	376.250000	A5	54	80	0
1559	376.252604	376.304688	Bb5	54	80	0
1560	376.347656	376.509115	C6	54	80	0
1561	376.704427	376.809896	D6	53	80	0
1562	376.781250	376.832031	C6	57	80	0
1563	376.852865	376.929688	B5	57	80	0
1564	376.923177	377.069010	C6	70	80	0
1565	377.347656	377.846354	D6	79	80	0
1566	377.795573	378.119792	Eb6	81	80	0
1567	379.234375	381.098958	Eb5	53	80	0
1568	379.235677	379.809896	Eb4	32	80	0
1569	379.238281	380.239583	C4	35	80	0
1570	379.244792	380.089844	A4	36	80	0
1571	379.247396	380.089844	F#3	30	80	0
1572	381.055990	382.319010	D5	36	80	0
1573	381.063802	382.059896	Bb4	28	80	0
1574	381.071615	382.209635	G4	22	80	0
1575	381.074219	382.149740	Bb3	21	80	0
1576	381.076823	381.968750	D4	18	80	0
1577	381.083333	382.149740	G3	19	80	0
1578	382.494792	385.359375	G5	86	80	0
1579	383.269531	383.441406	C#4	46	80	0
1580	383.270833	383.429688	C#5	54	80	0
1581	383.270833	383.434896	E3	46	80	0
1582	383.273438	383.440104	Bb3	44	80	0
1583	383.273438	383.500000	Bb4	50	80	0
1584	384.147135	384.500000	C#5	49	80	0
1585	384.151042	384.399740	Bb4	47	80	0
1586	384.153646	384.391927	G4	41	80	0
1587	385.822917	388.229167	F5	42	80	0
1588	386.653646	386.938802	F4	22	80	0
1589	386.654948	386.902344	F3	23	80	0
1590	386.656250	386.890625	D4	20	80	0
1591	386.656250	386.894531	Bb3	24	80	0
1592	386.665365	386.869792	Bb4	22	80	0
1593	387.513021	387.769531	D5	30	80	0
1594	387.516927	388.468750	F4	21	80	0
1595	387.516927	387.869792	Bb4	28	80	0
1596	387.524740	387.529948	F2	19	80	0
1597	388.363281	388.559896	F1	17	80	0
1598	389.171875	390.878906	A4	28	80	0
1599	389.199219	389.869792	C4	17	80	0
1600	389.203125	389.989583	Eb4	18	80	0
1601	389.994792	390.299479	F2	20	80	0
1602	389.994792	390.369792	F3	24	80	0
1603	390.791667	390.959635	D4	20	80	0
1604	390.803385	391.449219	Bb3	25	80	0
1605	390.805990	394.779948	Bb2	24	80	0
1606	391.561198	392.489583	F5	47	80	0
1607	391.567708	391.829427	F4	21	80	0
1608	392.268229	392.989583	D5	53	80	0
1609	392.274740	392.688802	D4	36	80	0
1610	392.964844	393.789062	B4	54	80	0
1611	392.966146	393.500000	B3	36	80	0
1612	393.714844	394.549479	Bb4	41	80	0
1613	393.753906	394.399740	Bb3	23	80	0
1614	394.488281	395.389323	G#4	38	80	0
1615	394.500000	394.789062	G#3	23	80	0
1616	395.276042	396.098958	G4	25	80	0
1617	395.286458	395.688802	Bb2	20	80	0
1618	395.290365	395.809896	Bb3	20	80	0
1619	395.290365	396.029948	Bb1	23	80	0
1620	395.294271	395.628906	G3	18	80	0
1621	396.075521	397.500000	Bb4	32	80	0
1622	396.105469	396.619792	Bb3	15	80	0
1623	396.108073	397.139323	G4	18	80	0
1624	396.122396	396.289062	G3	13	80	0
1625	396.875000	397.319010	Eb4	23	80	0
1626	396.882812	397.579427	Eb3	22	80	0
1627	397.643229	398.628906	G4	28	80	0
1628	397.658854	398.479167	G3	20	80	0
1629	397.664062	398.169271	Bb3	20	80	0
1630	397.667969	398.619792	Eb4	15	80	0
1631	398.377604	399.609375	Bb2	20	80	0
1632	398.381510	398.799479	C3	18	80	0
1633	398.382812	398.639323	Eb3	20	80	0
1634	398.384115	399.539062	C4	21	80	0
1635	399.170573	399.669271	F3	27	80	0
1636	399.177083	399.619792	F4	24	80	0
1637	399.578125	400.069010	Eb4	28	80	0
1638	399.584635	400.218750	Eb3	28	80	0
1639	400.001302	400.959635	Bb2	28	80	0
1640	400.002604	400.759115	Bb3	29	80	0
1641	400.003906	400.399740	D4	25	80	0
1642	400.005208	400.938802	D3	26	80	0
1643	400.725260	401.699219	F4	34	80	0
1644	401.425781	401.899740	D4	39	80	0
1645	402.149740	402.989583	B3	33	80	0
1646	402.184896	403.139323	D5	50	80	0
1647	402.908854	402.919271	Bb4	33	80	0
1648	402.910156	403.489583	Bb3	36	80	0
1649	403.378906	403.389323	Bb2	20	80	0
1650	403.593750	403.679688	D5	38	80	0
1651	403.625000	404.359375	G#3	19	80	0
1652	403.677083	403.688802	Eb5	23	80	0
1653	403.734375	403.819010	D5	50	80	0
1654	403.804688	403.878906	Eb5	53	80	0
1655	403.868490	403.949219	D5	44	80	0
1656	403.946615	404.049479	Eb5	38	80	0
1657	404.005208	404.098958	D5	48	80	0
1658	404.089844	404.188802	C5	48	80	0
1659	404.154948	404.329427	D5	53	80	0
1660	404.309896	405.109375	F5	48	80	0
1661	405.130208	406.250000	Eb5	34	80	0
1662	405.131510	406.769531	Bb3	22	80	0
1663	405.873698	406.919271	Eb3	22	80	0
1664	406.687500	406.949219	G3	23	80	0
1665	406.687500	407.899740	Eb5	42	80	0
1666	407.485677	407.500000	C4	18	80	0
1667	407.489583	408.938802	Bb2	22	80	0
1668	407.490885	408.309896	Bb3	21	80	0
1669	407.492188	407.989583	C3	20	80	0
1670	407.496094	407.509115	F3	16	80	0
1671	408.295573	408.658854	F3	31	80	0
1672	408.334635	408.389323	A4	36	80	0
1673	408.430990	408.529948	Bb4	31	80	0
1674	408.523438	408.569010	A4	36	80	0
1675	408.597656	408.688802	Bb4	46	80	0
1676	408.686198	408.789062	A4	43	80	0
1677	408.725260	409.209635	F3	29	80	0
1678	408.733073	409.199219	Eb3	30	80	0
1679	408.753906	408.789062	Bb4	45	80	0
1680	408.920573	408.989583	Bb4	43	80	0
1681	409.007812	409.149740	A4	33	80	0
1682	409.111979	410.489583	Bb4	39	80	0
1683	409.135417	409.968750	Bb3	27	80	0
1684	409.154948	410.649740	Bb2	24	80	0
1685	409.161458	410.500000	D3	24	80	0
1686	409.972656	411.089844	F3	41	80	0
1687	410.433594	411.009115	A4	52	80	0
1688	410.436198	411.009115	Eb3	30	80	0
1689	410.934896	411.848958	Bb3	32	80	0
1690	410.936198	412.139323	Bb4	37	80	0
1691	410.941406	412.449219	Bb2	28	80	0
1692	410.947917	412.389323	D3	25	80	0
1693	411.817708	412.509115	F3	31	80	0
1694	412.359375	413.029948	C5	37	80	0
1695	412.365885	412.500000	A4	28	80	0
1696	412.376302	413.069010	Eb3	27	80	0
1697	412.950521	414.158854	Bb3	23	80	0
1698	412.951823	414.979167	Bb2	22	80	0
1699	412.971354	414.049479	D5	30	80	0
1700	412.975260	413.188802	F3	19	80	0
1701	412.977865	413.179688	Bb4	25	80	0
1702	412.983073	414.859375	D3	21	80	0
1703	413.992188	414.908854	F3	26	80	0
1704	414.654948	415.269531	A5	46	80	0
1705	414.675781	415.549479	Eb3	20	80	0
1706	414.675781	414.968750	C5	31	80	0
1707	415.246094	417.229167	Bb2	21	80	0
1708	415.333333	417.279948	D3	23	80	0
1709	415.356771	416.658854	Bb5	63	80	0
1710	415.401042	415.938802	D5	26	80	0
1711	416.524740	417.759115	D6	76	80	0
1712	417.714844	418.059896	C6	65	80	0
1713	418.118490	419.739583	C6	60	80	0
1714	421.046875	423.468750	Bb5	30	80	0
1715	422.893229	426.949219	Bb1	19	80	0
#SusPed	0.058594	49	0
#SusPed	0.199219	0	0
#SusPed	0.213542	51	0
#SusPed	0.468750	0	0
#SusPed	0.475260	67	0
#SusPed	6.479167	0	0
#SusPed	6.990885	70	0
#SusPed	7.158854	0	0
#SusPed	7.171875	66	0
#SusPed	7.309896	0	0
#SusPed	7.317708	58	0
#SusPed	7.549479	0	0
#SusPed	7.563802	46	0
#SusPed	8.559896	0	0
#SusPed	8.574219	74	0
#SusPed	8.908854	0	0
#SusPed	8.915365	86	0
#SusPed	10.759115	0	0
#SusPed	10.773438	76	0
#SusPed	10.968750	0	0
#SusPed	10.977865	79	0
#SusPed	11.149740	0	0
#SusPed	11.157552	84	0
#SusPed	14.959635	0	0
#SusPed	14.973958	66	0
#SusPed	15.259115	0	0
#SusPed	15.265625	61	0
#SusPed	15.539062	0	0
#SusPed	15.544271	84	0
#SusPed	18.279948	0	0
#SusPed	18.289062	76	0
#SusPed	18.639323	0	0
#SusPed	18.644531	99	0
#SusPed	21.500000	0	0
#SusPed	21.511719	62	0
#SusPed	22.029948	0	0
#SusPed	22.042969	72	0
#SusPed	22.688802	0	0
#SusPed	22.704427	63	0
#SusPed	23.169271	0	0
#SusPed	23.182292	71	0
#SusPed	23.959635	0	0
#SusPed	23.964844	71	0
#SusPed	24.039062	0	0
#SusPed	24.049479	76	0
#SusPed	25.438802	0	0
#SusPed	25.454427	58	0
#SusPed	25.598958	0	0
#SusPed	25.605469	52	0
#SusPed	26.628906	0	0
#SusPed	26.638021	71	0
#SusPed	27.289062	0	0
#SusPed	27.303385	59	0
#SusPed	27.459635	0	0
#SusPed	27.467448	71	0
#SusPed	27.959635	0	0
#SusPed	27.966146	78	0
#SusPed	28.149740	0	0
#SusPed	28.164062	60	0
#SusPed	28.699219	0	0
#SusPed	28.705729	65	0
#SusPed	28.829427	0	0
#SusPed	28.834635	64	0
#SusPed	29.218750	0	0
#SusPed	29.229167	64	0
#SusPed	29.389323	0	0
#SusPed	29.403646	65	0
#SusPed	30.009115	0	0
#SusPed	30.016927	69	0
#SusPed	30.750000	0	0
#SusPed	30.761719	72	0
#SusPed	31.098958	0	0
#SusPed	31.113281	70	0
#SusPed	32.438802	0	0
#SusPed	32.447917	83	0
#SusPed	33.269531	0	0
#SusPed	33.278646	61	0
#SusPed	33.569010	0	0
#SusPed	33.582031	83	0
#SusPed	33.658854	0	0
#SusPed	33.670573	83	0
#SusPed	34.809896	0	0
#SusPed	34.824219	67	0
#SusPed	35.098958	0	0
#SusPed	35.113281	86	0
#SusPed	37.359375	0	0
#SusPed	37.364583	75	0
#SusPed	38.139323	0	0
#SusPed	38.145833	61	0
#SusPed	38.399740	0	0
#SusPed	38.406250	51	0
#SusPed	38.878906	0	0
#SusPed	38.889323	77	0
#SusPed	39.908854	0	0
#SusPed	39.923177	85	0
#SusPed	40.229167	0	0
#SusPed	40.236979	78	0
#SusPed	41.649740	0	0
#SusPed	41.661458	61	0
#SusPed	41.889323	0	0
#SusPed	41.898438	68	0
#SusPed	43.139323	0	0
#SusPed	43.152344	61	0
#SusPed	43.319010	0	0
#SusPed	43.330729	70	0
#SusPed	43.579427	0	0
#SusPed	43.584635	79	0
#SusPed	48.529948	0	0
#SusPed	48.544271	75	0
#SusPed	48.819010	0	0
#SusPed	48.833333	83	0
#SusPed	50.079427	0	0
#SusPed	50.087240	81	0
#SusPed	50.348958	0	0
#SusPed	50.356771	70	0
#SusPed	51.628906	0	0
#SusPed	51.643229	67	0
#SusPed	52.029948	0	0
#SusPed	52.044271	88	0
#SusPed	53.019531	0	0
#SusPed	53.029948	76	0
#SusPed	53.209635	0	0
#SusPed	53.216146	74	0
#SusPed	54.039062	0	0
#SusPed	54.054688	76	0
#SusPed	54.399740	0	0
#SusPed	54.411458	66	0
#SusPed	54.489583	0	0
#SusPed	54.502604	69	0
#SusPed	54.908854	0	0
#SusPed	54.916667	91	0
#SusPed	55.188802	0	0
#SusPed	55.195312	60	0
#SusPed	55.289062	0	0
#SusPed	55.302083	54	0
#SusPed	56.039062	0	0
#SusPed	56.050781	76	0
#SusPed	57.179688	0	0
#SusPed	57.191406	76	0
#SusPed	57.399740	0	0
#SusPed	57.412760	73	0
#SusPed	58.559896	0	0
#SusPed	58.572917	78	0
#SusPed	58.750000	0	0
#SusPed	58.757812	57	0
#SusPed	58.899740	0	0
#SusPed	58.910156	73	0
#SusPed	59.859375	0	0
#SusPed	59.872396	64	0
#SusPed	61.169271	0	0
#SusPed	61.175781	72	0
#SusPed	61.408854	0	0
#SusPed	62.471354	47	0
#SusPed	62.699219	0	0
#SusPed	62.713542	58	0
#SusPed	63.119792	0	0
#SusPed	63.126302	74	0
#SusPed	63.539062	0	0
#SusPed	63.552083	82	0
#SusPed	63.619792	0	0
#SusPed	63.628906	81	0
#SusPed	64.019531	0	0
#SusPed	64.026042	64	0
#SusPed	64.089844	0	0
#SusPed	64.095052	59	0
#SusPed	64.218750	0	0
#SusPed	64.223958	61	0
#SusPed	64.919271	0	0
#SusPed	64.925781	60	0
#SusPed	66.639323	0	0
#SusPed	66.644531	65	0
#SusPed	66.819010	0	0
#SusPed	66.824219	73	0
#SusPed	70.438802	0	0
#SusPed	70.445312	65	0
#SusPed	70.799479	0	0
#SusPed	70.809896	79	0
#SusPed	71.709635	0	0
#SusPed	71.722656	68	0
#SusPed	71.779948	0	0
#SusPed	71.785156	59	0
#SusPed	72.289062	0	0
#SusPed	72.303385	82	0
#SusPed	72.489583	0	0
#SusPed	72.503906	86	0
#SusPed	73.009115	0	0
#SusPed	73.015625	68	0
#SusPed	73.459635	0	0
#SusPed	73.464844	69	0
#SusPed	74.509115	0	0
#SusPed	74.514323	61	0
#SusPed	74.739583	0	0
#SusPed	74.753906	78	0
#SusPed	75.459635	0	0
#SusPed	75.472656	82	0
#SusPed	75.579427	0	0
#SusPed	75.588542	77	0
#SusPed	75.718750	0	0
#SusPed	75.726562	63	0
#SusPed	75.908854	0	0
#SusPed	75.916667	64	0
#SusPed	76.128906	0	0
#SusPed	76.143229	78	0
#SusPed	76.609375	0	0
#SusPed	76.617188	88	0
#SusPed	77.059896	0	0
#SusPed	77.074219	68	0
#SusPed	77.319010	0	0
#SusPed	77.325521	86	0
#SusPed	78.250000	0	0
#SusPed	78.260417	62	0
#SusPed	78.549479	0	0
#SusPed	78.563802	76	0
#SusPed	79.529948	0	0
#SusPed	79.539062	54	0
#SusPed	79.759115	0	0
#SusPed	79.774740	60	0
#SusPed	80.179688	0	0
#SusPed	80.188802	66	0
#SusPed	80.869792	0	0
#SusPed	80.884115	73	0
#SusPed	81.699219	0	0
#SusPed	81.704427	54	0
#SusPed	82.269531	0	0
#SusPed	82.283854	67	0
#SusPed	82.529948	0	0
#SusPed	82.541667	76	0
#SusPed	83.549479	0	0
#SusPed	83.558594	70	0
#SusPed	83.938802	0	0
#SusPed	83.945312	70	0
#SusPed	84.699219	0	0
#SusPed	84.713542	70	0
#SusPed	84.848958	0	0
#SusPed	84.860677	80	0
#SusPed	86.029948	0	0
#SusPed	86.044271	73	0
#SusPed	86.279948	0	0
#SusPed	86.294271	86	0
#SusPed	87.339844	0	0
#SusPed	87.354167	73	0
#SusPed	87.639323	0	0
#SusPed	87.645833	84	0
#SusPed	88.878906	0	0
#SusPed	88.891927	81	0
#SusPed	89.179688	0	0
#SusPed	89.184896	75	0
#SusPed	90.408854	0	0
#SusPed	90.420573	80	0
#SusPed	90.799479	0	0
#SusPed	90.813802	78	0
#SusPed	91.769531	0	0
#SusPed	91.782552	75	0
#SusPed	92.489583	0	0
#SusPed	92.494792	89	0
#SusPed	92.750000	0	0
#SusPed	92.755208	105	0
#SusPed	93.158854	0	0
#SusPed	93.170573	78	0
#SusPed	93.319010	0	0
#SusPed	93.324219	94	0
#SusPed	93.878906	0	0
#SusPed	93.891927	52	0
#SusPed	94.049479	0	0
#SusPed	94.057292	92	0
#SusPed	96.009115	0	0
#SusPed	96.018229	66	0
#SusPed	96.158854	0	0
#SusPed	96.166667	92	0
#SusPed	97.408854	0	0
#SusPed	97.415365	60	0
#SusPed	97.519531	0	0
#SusPed	97.533854	91	0
#SusPed	98.179688	0	0
#SusPed	98.184896	64	0
#SusPed	98.319010	0	0
#SusPed	98.328125	77	0
#SusPed	99.959635	0	0
#SusPed	99.971354	100	0
#SusPed	100.059896	0	0
#SusPed	100.067708	96	0
#SusPed	100.279948	0	0
#SusPed	100.290365	62	0
#SusPed	100.479167	0	0
#SusPed	100.493490	85	0
#SusPed	101.009115	0	0
#SusPed	101.015625	74	0
#SusPed	101.049479	0	0
#SusPed	101.059896	85	0
#SusPed	101.569010	0	0
#SusPed	101.582031	78	0
#SusPed	101.729167	0	0
#SusPed	101.734375	71	0
#SusPed	102.259115	0	0
#SusPed	102.268229	67	0
#SusPed	102.438802	0	0
#SusPed	102.453125	90	0
#SusPed	103.009115	0	0
#SusPed	103.020833	79	0
#SusPed	103.199219	0	0
#SusPed	103.204427	84	0
#SusPed	104.019531	0	0
#SusPed	104.031250	89	0
#SusPed	104.239583	0	0
#SusPed	104.247396	63	0
#SusPed	104.449219	0	0
#SusPed	104.459635	88	0
#SusPed	105.000000	0	0
#SusPed	105.007812	89	0
#SusPed	105.718750	0	0
#SusPed	105.729167	76	0
#SusPed	105.809896	0	0
#SusPed	105.824219	72	0
#SusPed	106.419271	0	0
#SusPed	106.433594	77	0
#SusPed	107.149740	0	0
#SusPed	107.164062	68	0
#SusPed	107.359375	0	0
#SusPed	107.373698	70	0
#SusPed	107.729167	0	0
#SusPed	107.742188	79	0
#SusPed	108.259115	0	0
#SusPed	108.272135	54	0
#SusPed	108.389323	0	0
#SusPed	108.403646	76	0
#SusPed	110.959635	0	0
#SusPed	110.966146	61	0
#SusPed	111.149740	0	0
#SusPed	111.154948	78	0
#SusPed	111.549479	0	0
#SusPed	111.563802	62	0
#SusPed	111.938802	0	0
#SusPed	111.946615	64	0
#SusPed	112.718750	0	0
#SusPed	112.733073	79	0
#SusPed	113.299479	0	0
#SusPed	113.305990	68	0
#SusPed	113.479167	0	0
#SusPed	113.484375	77	0
#SusPed	114.639323	0	0
#SusPed	114.645833	64	0
#SusPed	114.809896	0	0
#SusPed	114.813802	64	0
#SusPed	120.819010	0	0
#SusPed	121.026042	63	0
#SusPed	121.449219	0	0
#SusPed	121.464844	55	0
#SusPed	122.549479	0	0
#SusPed	122.563802	76	0
#SusPed	124.839844	0	0
#SusPed	124.852865	70	0
#SusPed	125.089844	0	0
#SusPed	125.095052	91	0
#SusPed	126.109375	0	0
#SusPed	126.123698	69	0
#SusPed	126.348958	0	0
#SusPed	126.356771	88	0
#SusPed	128.929688	0	0
#SusPed	128.940104	55	0
#SusPed	129.109375	0	0
#SusPed	129.123698	86	0
#SusPed	129.718750	0	0
#SusPed	129.733073	62	0
#SusPed	130.500000	0	0
#SusPed	130.507812	55	0
#SusPed	130.679688	0	0
#SusPed	130.690104	85	0
#SusPed	133.079427	0	0
#SusPed	133.091146	77	0
#SusPed	134.399740	0	0
#SusPed	134.411458	62	0
#SusPed	134.628906	0	0
#SusPed	134.638021	85	0
#SusPed	135.709635	0	0
#SusPed	135.720052	61	0
#SusPed	136.289062	0	0
#SusPed	136.298177	65	0
#SusPed	136.449219	0	0
#SusPed	136.463542	69	0
#SusPed	137.179688	0	0
#SusPed	137.186198	50	0
#SusPed	138.359375	0	0
#SusPed	138.368490	93	0
#SusPed	140.658854	0	0
#SusPed	140.666667	72	0
#SusPed	140.869792	0	0
#SusPed	140.880208	85	0
#SusPed	141.829427	0	0
#SusPed	141.842448	52	0
#SusPed	142.049479	0	0
#SusPed	142.055990	76	0
#SusPed	143.209635	0	0
#SusPed	143.214844	66	0
#SusPed	143.399740	0	0
#SusPed	143.407552	68	0
#SusPed	144.029948	0	0
#SusPed	144.044271	64	0
#SusPed	144.569010	0	0
#SusPed	144.580729	62	0
#SusPed	144.919271	0	0
#SusPed	144.925781	61	0
#SusPed	145.049479	0	0
#SusPed	145.061198	64	0
#SusPed	145.779948	0	0
#SusPed	145.785156	68	0
#SusPed	146.009115	0	0
#SusPed	146.022135	68	0
#SusPed	147.158854	0	0
#SusPed	147.169271	59	0
#SusPed	148.459635	0	0
#SusPed	148.472656	72	0
#SusPed	148.729167	0	0
#SusPed	148.735677	72	0
#SusPed	149.819010	0	0
#SusPed	149.833333	63	0
#SusPed	150.059896	0	0
#SusPed	150.072917	72	0
#SusPed	151.029948	0	0
#SusPed	151.044271	73	0
#SusPed	152.259115	0	0
#SusPed	152.265625	70	0
#SusPed	152.359375	0	0
#SusPed	152.367188	63	0
#SusPed	152.649740	0	0
#SusPed	152.654948	70	0
#SusPed	153.049479	0	0
#SusPed	153.055990	64	0
#SusPed	153.369792	0	0
#SusPed	153.382812	68	0
#SusPed	155.039062	0	0
#SusPed	155.045573	66	0
#SusPed	155.438802	0	0
#SusPed	155.449219	64	0
#SusPed	156.098958	0	0
#SusPed	156.110677	83	0
#SusPed	156.979167	0	0
#SusPed	156.994792	71	0
#SusPed	157.699219	0	0
#SusPed	157.707031	79	0
#SusPed	157.829427	0	0
#SusPed	157.839844	95	0
#SusPed	158.938802	0	0
#SusPed	158.944010	69	0
#SusPed	159.128906	0	0
#SusPed	159.140625	69	0
#SusPed	159.309896	0	0
#SusPed	159.324219	90	0
#SusPed	162.639323	0	0
#SusPed	162.653646	73	0
#SusPed	164.609375	0	0
#SusPed	164.623698	76	0
#SusPed	165.359375	0	0
#SusPed	165.364583	79	0
#SusPed	166.549479	0	0
#SusPed	166.555990	91	0
#SusPed	166.669271	0	0
#SusPed	166.675781	80	0
#SusPed	166.769531	0	0
#SusPed	166.779948	68	0
#SusPed	166.829427	0	0
#SusPed	166.842448	67	0
#SusPed	167.438802	0	0
#SusPed	167.451823	87	0
#SusPed	167.628906	0	0
#SusPed	167.643229	76	0
#SusPed	167.878906	0	0
#SusPed	167.893229	72	0
#SusPed	168.009115	0	0
#SusPed	168.014323	75	0
#SusPed	168.139323	0	0
#SusPed	168.153646	78	0
#SusPed	168.319010	0	0
#SusPed	168.325521	73	0
#SusPed	169.949219	0	0
#SusPed	169.957031	68	0
#SusPed	170.609375	0	0
#SusPed	170.617188	84	0
#SusPed	171.169271	0	0
#SusPed	171.174479	86	0
#SusPed	171.609375	0	0
#SusPed	171.614583	61	0
#SusPed	171.799479	0	0
#SusPed	171.807292	87	0
#SusPed	174.199219	0	0
#SusPed	174.214844	83	0
#SusPed	175.688802	0	0
#SusPed	175.694010	38	0
#SusPed	175.899740	0	0
#SusPed	175.912760	64	0
#SusPed	176.908854	0	0
#SusPed	176.916667	70	0
#SusPed	178.579427	0	0
#SusPed	178.592448	67	0
#SusPed	179.039062	0	0
#SusPed	179.052083	77	0
#SusPed	180.029948	0	0
#SusPed	180.037760	63	0
#SusPed	180.259115	0	0
#SusPed	180.269531	72	0
#SusPed	181.389323	0	0
#SusPed	181.394531	77	0
#SusPed	181.500000	0	0
#SusPed	181.514323	78	0
#SusPed	182.750000	0	0
#SusPed	182.756510	68	0
#SusPed	183.429688	0	0
#SusPed	183.437500	60	0
#SusPed	183.769531	0	0
#SusPed	183.781250	58	0
#SusPed	184.179688	0	0
#SusPed	184.194010	47	0
#SusPed	184.449219	0	0
#SusPed	184.459635	81	0
#SusPed	185.479167	0	0
#SusPed	185.485677	83	0
#SusPed	185.699219	0	0
#SusPed	185.713542	74	0
#SusPed	186.949219	0	0
#SusPed	186.960938	85	0
#SusPed	188.279948	0	0
#SusPed	188.285156	58	0
#SusPed	188.779948	0	0
#SusPed	188.791667	82	0
#SusPed	190.878906	0	0
#SusPed	190.889323	67	0
#SusPed	191.489583	0	0
#SusPed	191.501302	52	0
#SusPed	191.729167	0	0
#SusPed	191.735677	59	0
#SusPed	192.029948	0	0
#SusPed	192.036458	59	0
#SusPed	192.339844	0	0
#SusPed	192.350260	52	0
#SusPed	192.489583	0	0
#SusPed	192.503906	56	0
#SusPed	192.649740	0	0
#SusPed	192.654948	65	0
#SusPed	193.569010	0	0
#SusPed	193.575521	71	0
#SusPed	193.679688	0	0
#SusPed	193.684896	74	0
#SusPed	194.949219	0	0
#SusPed	194.960938	56	0
#SusPed	195.149740	0	0
#SusPed	195.154948	55	0
#SusPed	196.259115	0	0
#SusPed	196.266927	57	0
#SusPed	196.399740	0	0
#SusPed	196.406250	73	0
#SusPed	196.979167	0	0
#SusPed	196.985677	52	0
#SusPed	197.098958	0	0
#SusPed	197.111979	64	0
#SusPed	197.649740	0	0
#SusPed	197.660156	67	0
#SusPed	197.829427	0	0
#SusPed	197.839844	76	0
#SusPed	198.389323	0	0
#SusPed	198.397135	64	0
#SusPed	198.500000	0	0
#SusPed	198.513021	70	0
#SusPed	199.089844	0	0
#SusPed	199.096354	73	0
#SusPed	199.669271	0	0
#SusPed	199.683594	50	0
#SusPed	200.348958	0	0
#SusPed	200.358073	61	0
#SusPed	200.408854	0	0
#SusPed	200.417969	57	0
#SusPed	200.769531	0	0
#SusPed	200.778646	81	0
#SusPed	201.438802	0	0
#SusPed	201.446615	103	0
#SusPed	201.718750	0	0
#SusPed	201.733073	96	0
#SusPed	201.789062	0	0
#SusPed	201.795573	96	0
#SusPed	202.149740	0	0
#SusPed	202.154948	58	0
#SusPed	202.279948	0	0
#SusPed	202.294271	61	0
#SusPed	202.809896	0	0
#SusPed	202.816406	63	0
#SusPed	203.119792	0	0
#SusPed	203.132812	78	0
#SusPed	204.158854	0	0
#SusPed	204.173177	74	0
#SusPed	204.408854	0	0
#SusPed	204.423177	70	0
#SusPed	207.869792	0	0
#SusPed	207.875000	89	0
#SusPed	209.569010	0	0
#SusPed	209.576823	58	0
#SusPed	209.718750	0	0
#SusPed	209.733073	73	0
#SusPed	210.188802	0	0
#SusPed	210.195312	67	0
#SusPed	210.489583	0	0
#SusPed	210.503906	63	0
#SusPed	212.649740	0	0
#SusPed	212.661458	78	0
#SusPed	212.739583	0	0
#SusPed	212.753906	65	0
#SusPed	215.089844	0	0
#SusPed	215.102865	54	0
#SusPed	216.128906	0	0
#SusPed	216.143229	81	0
#SusPed	216.549479	0	0
#SusPed	216.563802	68	0
#SusPed	216.839844	0	0
#SusPed	216.852865	66	0
#SusPed	217.209635	0	0
#SusPed	217.221354	90	0
#SusPed	217.529948	0	0
#SusPed	217.544271	72	0
#SusPed	217.829427	0	0
#SusPed	217.835938	64	0
#SusPed	218.269531	0	0
#SusPed	218.281250	78	0
#SusPed	218.669271	0	0
#SusPed	218.679688	64	0
#SusPed	218.908854	0	0
#SusPed	218.917969	55	0
#SusPed	219.029948	0	0
#SusPed	219.037760	45	0
#SusPed	219.239583	0	0
#SusPed	219.247396	68	0
#SusPed	220.158854	0	0
#SusPed	220.167969	74	0
#SusPed	220.250000	0	0
#SusPed	220.257812	63	0
#SusPed	221.098958	0	0
#SusPed	221.108073	60	0
#SusPed	221.169271	0	0
#SusPed	221.175781	66	0
#SusPed	221.449219	0	0
#SusPed	221.459635	86	0
#SusPed	222.509115	0	0
#SusPed	222.518229	57	0
#SusPed	223.658854	0	0
#SusPed	223.666667	71	0
#SusPed	223.919271	0	0
#SusPed	223.930990	67	0
#SusPed	224.250000	0	0
#SusPed	224.255208	84	0
#SusPed	224.319010	0	0
#SusPed	224.328125	85	0
#SusPed	224.509115	0	0
#SusPed	224.514323	87	0
#SusPed	224.809896	0	0
#SusPed	224.815104	70	0
#SusPed	225.119792	0	0
#SusPed	225.125000	75	0
#SusPed	225.598958	0	0
#SusPed	225.604167	96	0
#SusPed	225.729167	0	0
#SusPed	225.742188	95	0
#SusPed	226.029948	0	0
#SusPed	226.035156	68	0
#SusPed	226.319010	0	0
#SusPed	226.333333	72	0
#SofPed	227.539062	43	0
#SofPed	227.598958	0	0
#SofPed	227.614583	51	0
#SusPed	228.938802	0	0
#SusPed	228.944010	70	0
#SusPed	229.239583	0	0
#SusPed	229.244792	60	0
#SusPed	229.989583	0	0
#SusPed	230.001302	72	0
#SusPed	230.269531	0	0
#SusPed	230.277344	53	0
#SusPed	230.399740	0	0
#SusPed	230.408854	63	0
#SusPed	231.339844	0	0
#SusPed	231.345052	64	0
#SusPed	231.489583	0	0
#SusPed	231.500000	61	0
#SusPed	231.869792	0	0
#SusPed	231.877604	62	0
#SusPed	232.389323	0	0
#SusPed	232.399740	74	0
#SofPed	232.500000	0	0
#SusPed	232.718750	0	0
#SusPed	232.723958	58	0
#SusPed	233.149740	0	0
#SusPed	233.154948	76	0
#SusPed	233.848958	0	0
#SusPed	233.863281	66	0
#SusPed	234.908854	0	0
#SusPed	234.915365	57	0
#SusPed	235.218750	0	0
#SusPed	235.234375	64	0
#SusPed	236.319010	0	0
#SusPed	236.328125	71	0
#SusPed	236.598958	0	0
#SusPed	236.609375	78	0
#SusPed	237.579427	0	0
#SusPed	237.584635	69	0
#SusPed	238.039062	0	0
#SusPed	238.049479	78	0
#SusPed	238.839844	0	0
#SusPed	238.846354	67	0
#SusPed	240.149740	0	0
#SusPed	240.162760	69	0
#SusPed	240.309896	0	0
#SusPed	240.322917	68	0
#SusPed	241.229167	0	0
#SusPed	241.235677	76	0
#SusPed	241.429688	0	0
#SusPed	241.442708	63	0
#SusPed	241.848958	0	0
#SusPed	241.855469	60	0
#SusPed	242.468750	0	0
#SusPed	242.483073	75	0
#SusPed	242.729167	0	0
#SusPed	242.743490	76	0
#SusPed	243.759115	0	0
#SusPed	243.773438	73	0
#SusPed	244.069010	0	0
#SusPed	244.082031	53	0
#SusPed	245.419271	0	0
#SusPed	245.430990	72	0
#SusPed	246.759115	0	0
#SusPed	246.770833	65	0
#SusPed	246.968750	0	0
#SusPed	246.976562	63	0
#SusPed	248.000000	0	0
#SusPed	248.010417	71	0
#SusPed	248.158854	0	0
#SusPed	248.165365	80	0
#SusPed	249.029948	0	0
#SusPed	249.036458	81	0
#SusPed	249.259115	0	0
#SusPed	249.269531	63	0
#SusPed	249.500000	0	0
#SusPed	249.505208	73	0
#SusPed	250.119792	0	0
#SusPed	250.126302	84	0
#SusPed	250.250000	0	0
#SusPed	250.263021	79	0
#SusPed	250.438802	0	0
#SusPed	250.450521	72	0
#SusPed	251.069010	0	0
#SusPed	251.082031	65	0
#SusPed	251.149740	0	0
#SusPed	251.164062	63	0
#SusPed	251.769531	0	0
#SusPed	251.783854	74	0
#SusPed	252.959635	0	0
#SusPed	252.971354	68	0
#SusPed	253.119792	0	0
#SusPed	253.125000	64	0
#SusPed	254.250000	0	0
#SusPed	254.264323	64	0
#SusPed	254.408854	0	0
#SusPed	254.421875	71	0
#SusPed	255.938802	0	0
#SusPed	255.951823	55	0
#SusPed	256.179688	0	0
#SusPed	256.184896	77	0
#SusPed	258.359375	0	0
#SusPed	258.365885	73	0
#SusPed	258.509115	0	0
#SusPed	258.514323	95	0
#SusPed	259.079427	0	0
#SusPed	259.091146	67	0
#SusPed	259.289062	0	0
#SusPed	259.302083	69	0
#SusPed	259.789062	0	0
#SusPed	259.798177	68	0
#SusPed	259.869792	0	0
#SusPed	259.876302	77	0
#SusPed	260.739583	0	0
#SusPed	260.748698	81	0
#SusPed	260.859375	0	0
#SusPed	260.864583	99	0
#SusPed	260.968750	0	0
#SusPed	260.976562	110	0
#SusPed	261.139323	0	0
#SusPed	261.153646	79	0
#SusPed	261.329427	0	0
#SusPed	261.343750	76	0
#SusPed	262.569010	0	0
#SusPed	262.578125	74	0
#SusPed	262.739583	0	0
#SusPed	262.753906	81	0
#SusPed	263.188802	0	0
#SusPed	263.203125	75	0
#SusPed	263.348958	0	0
#SusPed	263.354167	75	0
#SusPed	263.968750	0	0
#SusPed	263.977865	73	0
#SusPed	264.109375	0	0
#SusPed	264.123698	67	0
#SusPed	265.019531	0	0
#SusPed	265.027344	98	0
#SusPed	265.289062	0	0
#SusPed	265.298177	63	0
#SusPed	265.979167	0	0
#SusPed	265.989583	83	0
#SusPed	266.539062	0	0
#SusPed	266.553385	73	0
#SusPed	266.649740	0	0
#SusPed	266.658854	73	0
#SusPed	267.209635	0	0
#SusPed	267.214844	61	0
#SusPed	267.378906	0	0
#SusPed	267.388021	72	0
#SusPed	267.878906	0	0
#SusPed	267.885417	65	0
#SusPed	267.979167	0	0
#SusPed	267.985677	62	0
#SusPed	268.869792	0	0
#SusPed	268.875000	88	0
#SusPed	269.109375	0	0
#SusPed	269.123698	52	0
#SusPed	269.239583	0	0
#SusPed	269.251302	93	0
#SusPed	269.809896	0	0
#SusPed	269.816406	59	0
#SusPed	270.429688	0	0
#SusPed	270.438802	68	0
#SusPed	270.569010	0	0
#SusPed	270.576823	83	0
#SusPed	271.109375	0	0
#SusPed	271.115885	84	0
#SusPed	271.750000	0	0
#SusPed	271.761719	65	0
#SusPed	272.000000	0	0
#SusPed	272.014323	77	0
#SusPed	274.149740	0	0
#SusPed	274.164062	69	0
#SusPed	274.319010	0	0
#SusPed	274.325521	95	0
#SusPed	274.809896	0	0
#SusPed	274.824219	57	0
#SusPed	274.908854	0	0
#SusPed	274.917969	98	0
#SusPed	275.479167	0	0
#SusPed	275.493490	71	0
#SusPed	275.699219	0	0
#SusPed	275.704427	87	0
#SusPed	276.789062	0	0
#SusPed	276.795573	103	0
#SusPed	277.989583	0	0
#SusPed	278.002604	66	0
#SusPed	278.699219	0	0
#SusPed	278.714844	57	0
#SusPed	278.809896	0	0
#SusPed	278.822917	101	0
#SusPed	279.389323	0	0
#SusPed	279.403646	65	0
#SusPed	279.609375	0	0
#SusPed	279.617188	66	0
#SusPed	281.279948	0	0
#SusPed	281.286458	64	0
#SusPed	281.359375	0	0
#SusPed	281.367188	66	0
#SusPed	281.869792	0	0
#SusPed	281.878906	67	0
#SusPed	282.169271	0	0
#SusPed	282.183594	58	0
#SusPed	282.399740	0	0
#SusPed	282.412760	63	0
#SusPed	282.619792	0	0
#SusPed	282.626302	71	0
#SusPed	283.158854	0	0
#SusPed	283.173177	66	0
#SusPed	283.339844	0	0
#SusPed	283.345052	79	0
#SusPed	283.959635	0	0
#SusPed	283.973958	87	0
#SusPed	284.649740	0	0
#SusPed	284.654948	73	0
#SusPed	284.848958	0	0
#SusPed	284.854167	78	0
#SusPed	285.429688	0	0
#SusPed	285.441406	79	0
#SusPed	285.929688	0	0
#SusPed	285.944010	76	0
#SusPed	286.089844	0	0
#SusPed	286.101562	67	0
#SusPed	286.449219	0	0
#SusPed	286.460938	56	0
#SusPed	286.628906	0	0
#SusPed	286.640625	42	0
#SusPed	288.079427	0	0
#SusPed	288.089844	85	0
#SusPed	290.500000	0	0
#SusPed	290.511719	64	0
#SusPed	290.759115	0	0
#SusPed	290.764323	84	0
#SusPed	291.869792	0	0
#SusPed	291.884115	69	0
#SusPed	292.119792	0	0
#SusPed	292.126302	90	0
#SusPed	294.489583	0	0
#SusPed	294.497396	66	0
#SusPed	294.699219	0	0
#SusPed	294.709635	64	0
#SusPed	295.128906	0	0
#SusPed	295.136719	76	0
#SusPed	295.759115	0	0
#SusPed	295.770833	49	0
#SusPed	295.908854	0	0
#SusPed	295.920573	72	0
#SusPed	299.598958	0	0
#SusPed	299.611979	59	0
#SusPed	299.789062	0	0
#SusPed	299.804688	65	0
#SusPed	301.019531	0	0
#SusPed	301.026042	64	0
#SusPed	301.199219	0	0
#SusPed	301.204427	73	0
#SusPed	301.669271	0	0
#SusPed	301.680990	73	0
#SusPed	302.319010	0	0
#SusPed	302.330729	63	0
#SusPed	303.839844	0	0
#SusPed	303.848958	89	0
#SusPed	304.848958	0	0
#SusPed	304.855469	73	0
#SusPed	305.109375	0	0
#SusPed	305.117188	86	0
#SusPed	306.199219	0	0
#SusPed	306.212240	69	0
#SusPed	306.419271	0	0
#SusPed	306.430990	85	0
#SusPed	307.589844	0	0
#SusPed	307.604167	70	0
#SusPed	307.789062	0	0
#SusPed	307.803385	77	0
#SusPed	308.929688	0	0
#SusPed	308.937500	50	0
#SusPed	309.119792	0	0
#SusPed	309.126302	77	0
#SusPed	310.449219	0	0
#SusPed	310.457031	56	0
#SusPed	310.609375	0	0
#SusPed	310.615885	69	0
#SusPed	310.869792	0	0
#SusPed	310.876302	56	0
#SusPed	311.158854	0	0
#SusPed	311.171875	67	0
#SusPed	311.829427	0	0
#SusPed	311.834635	57	0
#SusPed	312.069010	0	0
#SusPed	312.079427	77	0
#SusPed	314.848958	0	0
#SusPed	314.861979	64	0
#SusPed	315.049479	0	0
#SusPed	315.063802	65	0
#SusPed	316.319010	0	0
#SusPed	316.334635	67	0
#SusPed	316.649740	0	0
#SusPed	316.662760	79	0
#SusPed	317.218750	0	0
#SusPed	317.225260	78	0
#SusPed	317.529948	0	0
#SusPed	317.544271	70	0
#SusPed	317.619792	0	0
#SusPed	317.625000	67	0
#SusPed	317.789062	0	0
#SusPed	317.794271	69	0
#SusPed	318.128906	0	0
#SusPed	318.136719	77	0
#SusPed	318.779948	0	0
#SusPed	318.785156	62	0
#SusPed	319.019531	0	0
#SusPed	319.026042	73	0
#SusPed	321.639323	0	0
#SusPed	321.644531	73	0
#SusPed	321.718750	0	0
#SusPed	321.731771	67	0
#SusPed	321.899740	0	0
#SusPed	321.908854	82	0
#SusPed	322.759115	0	0
#SusPed	322.770833	62	0
#SusPed	322.889323	0	0
#SusPed	322.895833	62	0
#SusPed	324.218750	0	0
#SusPed	324.233073	70	0
#SusPed	329.098958	0	0
#SusPed	329.109375	60	0
#SusPed	329.250000	0	0
#SusPed	329.256510	79	0
#SusPed	333.688802	0	0
#SusPed	333.704427	98	0
#SusPed	334.279948	0	0
#SusPed	334.294271	70	0
#SusPed	335.188802	0	0
#SusPed	335.199219	86	0
#SusPed	336.158854	0	0
#SusPed	336.165365	75	0
#SusPed	336.658854	0	0
#SusPed	336.673177	75	0
#SusPed	337.919271	0	0
#SusPed	337.932292	88	0
#SusPed	338.699219	0	0
#SusPed	338.708333	65	0
#SofPed	338.794271	36	0
#SusPed	338.829427	0	0
#SusPed	338.842448	82	0
#SusPed	339.658854	0	0
#SusPed	339.667969	107	0
#SusPed	339.739583	0	0
#SusPed	339.751302	98	0
#SusPed	339.929688	0	0
#SusPed	339.940104	76	0
#SusPed	340.949219	0	0
#SusPed	340.955729	76	0
#SusPed	341.098958	0	0
#SusPed	341.114583	84	0
#SusPed	342.019531	0	0
#SusPed	342.032552	82	0
#SusPed	342.429688	0	0
#SusPed	342.442708	71	0
#SusPed	342.559896	0	0
#SusPed	342.565104	90	0
#SusPed	343.688802	0	0
#SusPed	343.704427	62	0
#SusPed	343.908854	0	0
#SusPed	343.924479	99	0
#SusPed	344.549479	0	0
#SusPed	344.558594	103	0
#SusPed	344.619792	0	0
#SusPed	344.631510	104	0
#SofPed	344.789062	0	0
#SusPed	344.848958	0	0
#SusPed	344.855469	74	0
#SusPed	345.069010	0	0
#SusPed	345.083333	75	0
#SusPed	345.509115	0	0
#SusPed	345.520833	91	0
#SusPed	346.289062	0	0
#SusPed	346.294271	70	0
#SusPed	346.529948	0	0
#SusPed	346.537760	48	0
#SusPed	347.000000	0	0
#SusPed	347.013021	66	0
#SusPed	347.609375	0	0
#SusPed	347.617188	52	0
#SusPed	347.750000	0	0
#SusPed	347.763021	76	0
#SusPed	348.359375	0	0
#SusPed	348.365885	61	0
#SusPed	348.459635	0	0
#SusPed	348.466146	64	0
#SusPed	348.809896	0	0
#SusPed	348.816406	91	0
#SusPed	349.069010	0	0
#SusPed	349.082031	43	0
#SusPed	349.218750	0	0
#SusPed	349.231771	101	0
#SusPed	349.959635	0	0
#SusPed	349.971354	62	0
#SusPed	350.089844	0	0
#SusPed	350.102865	65	0
#SusPed	350.799479	0	0
#SusPed	350.813802	60	0
#SusPed	351.239583	0	0
#SusPed	351.253906	80	0
#SusPed	351.979167	0	0
#SusPed	351.992188	65	0
#SusPed	352.209635	0	0
#SusPed	352.214844	43	0
#SusPed	353.500000	0	0
#SusPed	353.514323	63	0
#SusPed	353.789062	0	0
#SusPed	353.795573	36	0
#SusPed	353.899740	0	0
#SusPed	353.914062	32	0
#SusPed	354.128906	0	0
#SusPed	354.138021	34	0
#SusPed	354.209635	0	0
#SusPed	354.222656	36	0
#SusPed	354.259115	0	0
#SusPed	354.266927	37	0
#SusPed	354.369792	0	0
#SusPed	354.375000	32	0
#SusPed	354.500000	0	0
#SusPed	354.509115	34	0
#SusPed	354.658854	0	0
#SusPed	354.674479	39	0
#SusPed	354.869792	0	0
#SusPed	354.882812	36	0
#SusPed	355.269531	0	0
#SusPed	355.281250	61	0
#SusPed	356.188802	0	0
#SusPed	356.203125	76	0
#SusPed	356.949219	0	0
#SusPed	356.962240	67	0
#SusPed	358.049479	0	0
#SusPed	358.057292	59	0
#SusPed	359.658854	0	0
#SusPed	359.669271	74	0
#SusPed	360.709635	0	0
#SusPed	360.718750	65	0
#SusPed	360.929688	0	0
#SusPed	360.936198	59	0
#SusPed	361.598958	0	0
#SusPed	361.610677	67	0
#SusPed	363.059896	0	0
#SusPed	363.072917	86	0
#SusPed	365.419271	0	0
#SusPed	365.427083	77	0
#SusPed	365.869792	0	0
#SusPed	365.881510	87	0
#SusPed	366.419271	0	0
#SusPed	366.432292	96	0
#SusPed	366.929688	0	0
#SusPed	366.937500	96	0
#SusPed	367.459635	0	0
#SusPed	367.468750	96	0
#SusPed	367.809896	0	0
#SusPed	367.815104	94	0
#SusPed	368.139323	0	0
#SusPed	368.151042	66	0
#SusPed	368.378906	0	0
#SusPed	368.390625	69	0
#SusPed	368.739583	0	0
#SusPed	368.746094	65	0
#SusPed	370.149740	0	0
#SusPed	370.164062	64	0
#SusPed	370.878906	0	0
#SusPed	370.886719	95	0
#SusPed	370.929688	0	0
#SusPed	370.944010	94	0
#SusPed	376.709635	0	0
#SusPed	376.720052	80	0
#SusPed	376.968750	0	0
#SusPed	376.977865	59	0
#SusPed	378.359375	0	0
#SusPed	378.365885	71	0
#SusPed	379.239583	0	0
#SusPed	379.252604	81	0
#SusPed	381.089844	0	0
#SusPed	381.095052	75	0
#SusPed	381.269531	0	0
#SusPed	381.278646	69	0
#SusPed	382.519531	0	0
#SusPed	382.524740	67	0
#SusPed	383.279948	0	0
#SusPed	383.294271	88	0
#SusPed	383.468750	0	0
#SusPed	383.483073	66	0
#SusPed	384.188802	0	0
#SusPed	384.196615	54	0
#SusPed	385.149740	0	0
#SusPed	385.154948	50	0
#SusPed	386.000000	0	0
#SusPed	386.005208	66	0
#SusPed	386.589844	0	0
#SusPed	386.595052	67	0
#SusPed	386.658854	0	0
#SusPed	386.674479	63	0
#SusPed	386.889323	0	0
#SusPed	386.894531	63	0
#SusPed	387.669271	0	0
#SusPed	387.678385	82	0
#SusPed	390.819010	0	0
#SusPed	390.833333	73	0
#SusPed	390.989583	0	0
#SusPed	391.001302	74	0
#SusPed	392.429688	0	0
#SusPed	392.436198	87	0
#SusPed	393.000000	0	0
#SusPed	393.013021	69	0
#SusPed	393.158854	0	0
#SusPed	393.170573	80	0
#SusPed	393.759115	0	0
#SusPed	393.768229	65	0
#SusPed	393.989583	0	0
#SusPed	393.996094	76	0
#SusPed	394.598958	0	0
#SusPed	394.610677	70	0
#SusPed	395.299479	0	0
#SusPed	395.305990	82	0
#SusPed	398.479167	0	0
#SusPed	398.493490	55	0
#SusPed	398.569010	0	0
#SusPed	398.576823	57	0
#SusPed	399.949219	0	0
#SusPed	399.960938	59	0
#SusPed	400.089844	0	0
#SusPed	400.100260	57	0
#SusPed	403.819010	0	0
#SusPed	403.829427	82	0
#SusPed	404.139323	0	0
#SusPed	404.153646	66	0
#SusPed	404.299479	0	0
#SusPed	404.313802	57	0
#SusPed	404.679688	0	0
#SusPed	404.684896	76	0
#SusPed	405.218750	0	0
#SusPed	405.233073	55	0
#SusPed	405.419271	0	0
#SusPed	405.433594	57	0
#SusPed	409.149740	0	0
#SusPed	409.154948	62	0
#SusPed	409.429688	0	0
#SusPed	409.440104	68	0
#SusPed	410.589844	0	0
#SusPed	410.601562	75	0
#SusPed	410.949219	0	0
#SusPed	410.958333	63	0
#SusPed	411.199219	0	0
#SusPed	411.210938	63	0
#SusPed	412.399740	0	0
#SusPed	412.408854	60	0
#SusPed	412.979167	0	0
#SusPed	412.992188	63	0
#SusPed	413.348958	0	0
#SusPed	413.363281	68	0
#SusPed	417.479167	0	0
#SusPed	417.485677	70	0
#SusPed	423.489583	0	0
#SusPed	427.665365	62	0
#SusPed	429.989583	0	0
