//Version: ScorePerfmMatch_v170503
// Score: /Users/toddywang/Documents/VsCodeProjects/xmltoexp/ATEPP-1.2/ATEPP-1.2/Ludwig_van_Beethoven/Piano_Sonata_No._17_in_D_Minor,_Op._31_No._2_"Tempest"/II._Adagio/score_hmm.txt
// Perfm: /Users/toddywang/Documents/VsCodeProjects/xmltoexp/ATEPP-1.2/ATEPP-1.2/Ludwig_van_Beethoven/Piano_Sonata_No._17_in_D_Minor,_Op._31_No._2_"Tempest"/II._Adagio/08361_spr.txt
// fmt3x: /Users/toddywang/Documents/VsCodeProjects/xmltoexp/ATEPP-1.2/ATEPP-1.2/Ludwig_van_Beethoven/Piano_Sonata_No._17_in_D_Minor,_Op._31_No._2_"Tempest"/II._Adagio/score_fmt3x.txt
0	0.675781	5.399740	Bb1	20	80	0	0	0	P1-1-4	0	0
1	0.845052	4.369792	F2	20	80	0	0	0	P1-1-5	0	-
2	1.005208	4.179688	Bb2	24	80	0	0	0	P1-1-6	0	-
3	1.115885	3.259115	D3	25	80	0	0	0	P1-1-7	0	-
4	1.235677	3.919271	F3	32	80	0	0	0	P1-1-8	0	-
5	1.403646	3.619792	Bb3	38	80	0	0	0	P1-1-9	0	-
6	5.532552	6.694010	D5	60	80	0	0	720	P1-2-1	0	-
7	6.643229	6.914062	Eb5	60	80	0	0	930	P1-2-2	0	-
8	6.903646	8.169271	F5	67	80	0	0	960	P1-2-3	0	-
9	8.240885	9.848958	Bb3	41	80	0	0	1200	P1-2-6	0	-
10	8.273438	8.489583	F3	31	80	0	0	1200	P1-2-5	0	-
11	8.274740	9.000000	D3	28	80	0	0	1200	P1-2-4	0	-
12	8.276042	9.359375	F2	29	80	0	0	1200	P1-2-10	0	-
13	8.279948	8.809896	Bb2	29	80	0	0	1200	P1-2-11	0	-
14	8.281250	9.229167	Bb1	29	80	0	0	1200	P1-2-9	0	-
15	9.725260	11.669271	F3	31	80	0	0	1440	P1-3-2	0	-
16	9.733073	12.500000	F2	27	80	0	0	1440	P1-3-5	0	-
17	9.739583	11.929688	A3	32	80	0	0	1440	P1-3-3	0	-
18	9.742188	10.968750	F1	29	80	0	0	1440	*	3	-
19	9.744792	12.500000	Eb3	30	80	0	0	1440	P1-3-1	0	-
20	9.750000	9.759115	C6	39	80	0	0	1440	*	3	-
21	9.760417	12.500000	C3	25	80	0	0	1440	P1-3-6	0	-
22	9.772135	12.500000	C2	26	80	0	0	1440	P1-3-4	0	-
23	13.507812	14.769531	A5	49	80	0	0	2160	P1-4-1	0	-
24	14.683594	15.229167	Bb5	54	80	0	0	2370	P1-4-2	0	-
25	14.958333	15.489583	C6	62	80	0	0	2400	P1-4-3	0	-
26	16.233073	18.029948	Eb4	40	80	0	0	2640	P1-4-5	0	-
27	16.265625	17.079427	A2	25	80	0	0	2640	P1-4-8	0	-
28	16.276042	17.929688	C4	23	80	0	0	2640	P1-4-4	0	-
29	16.283854	17.348958	F3	22	80	0	0	2640	P1-4-9	0	-
30	17.773438	19.609375	D4	30	80	0	0	2880	P1-5-2	0	-
31	17.803385	19.519531	Bb3	25	80	0	0	2880	P1-5-1	0	-
32	17.811198	21.709635	Bb2	23	80	0	0	2880	P1-5-13	0	-
33	17.813802	21.389323	F3	18	80	0	0	2880	P1-5-14	0	-
34	20.136719	20.649740	D4	38	80	0	0	3360	P1-5-3	0	-
35	20.567708	20.769531	F4	30	80	0	0	3390	P1-5-4	0	-
36	20.811198	20.933594	Eb4	32	80	0	0	3420	P1-5-5	0	-
37	20.972656	21.188802	D4	38	80	0	0	3450	P1-5-6	0	-
38	21.091146	21.205729	Eb4	34	80	0	0	3480	P1-5-7	0	-
39	21.220052	21.364583	F4	43	80	0	0	3510	P1-5-8	0	-
40	21.337240	21.395833	G4	48	80	0	0	3540	P1-5-9	0	-
41	21.421875	21.506510	A4	55	80	0	0	3570	P1-5-10	0	-
42	21.537760	21.623698	Bb4	53	80	0	0	3600	P1-5-11	0	-
43	21.661458	21.777344	C5	58	80	0	0	3630	P1-5-12	0	-
44	21.776042	22.837240	D5	61	80	0	0	3690	P1-6-1	0	-
45	22.783854	23.085938	Eb5	63	80	0	0	3900	P1-6-2	0	-
46	23.045573	24.289062	F5	71	80	0	0	3930	P1-6-3	0	-
47	24.294271	25.419271	F5	72	80	0	0	4170	P1-6-4	0	-
48	24.322917	25.549479	D3	38	80	0	0	4170	P1-6-9	0	-
49	24.325521	25.299479	Ab4	44	80	0	0	4170	P1-6-5	0	-
50	24.325521	25.889323	B3	38	80	0	0	4170	P1-6-8	0	-
51	25.877604	27.359375	F5	50	80	0	0	4410	P1-7-1	0	-
52	25.894531	27.628906	Eb3	33	80	0	0	4410	P1-7-15	0	-
53	25.894531	27.679688	G4	37	80	0	0	4410	P1-7-6	0	-
54	25.899740	27.229167	B3	31	80	0	0	4410	P1-7-10	0	-
55	27.173177	27.878906	Eb5	57	80	0	0	4650	P1-7-2	0	-
56	27.194010	27.848958	C4	29	80	0	0	4650	P1-7-11	0	-
57	27.792969	28.529948	D5	71	80	0	0	4770	P1-7-3	0	-
58	27.812500	28.500000	D4	43	80	0	0	4770	P1-7-12	0	-
59	27.812500	28.269531	Bb4	55	80	0	0	4770	P1-7-7	0	-
60	27.813802	28.468750	F3	41	80	0	0	4770	P1-7-16	0	-
61	28.414062	28.839844	C5	72	80	0	0	4890	P1-7-4	0	-
62	28.445312	28.949219	Bb4	59	80	0	0	4890	P1-7-8	0	-
63	28.445312	29.109375	Eb4	39	80	0	0	4890	P1-7-13	0	-
64	28.446615	28.799479	G3	40	80	0	0	4890	P1-7-17	0	-
65	28.971354	29.229167	G3	40	80	0	0	5010	P1-7-18	0	-
66	29.082031	29.089844	E4	46	80	0	0	5010	P1-7-14	0	-
67	29.083333	29.609375	C5	76	80	0	0	5010	P1-7-5	0	-
68	29.111979	29.299479	Bb4	61	80	0	0	5010	P1-7-9	0	-
69	29.305990	29.649740	Bb4	45	80	0	0	-1	*	3	-
70	29.592448	31.128906	F3	35	80	0	0	5130	P1-8-23	0	-
71	29.665365	30.479167	E4	39	80	0	0	-1	*	3	-
72	29.748698	29.789062	C5	52	80	0	0	-1	*	3	-
73	29.750000	29.869792	Bb4	45	80	0	0	5130	P1-8-9	0	-
74	29.816406	29.872396	D5	54	80	0	0	5130	P1-8-11	0	-
75	29.902344	29.936198	C5	49	80	0	0	5145	P1-8-12	0	-
76	29.962240	30.003906	D5	51	80	0	0	5160	P1-8-13	0	-
77	30.044271	30.083333	C5	53	80	0	0	5175	P1-8-14	0	-
78	30.052083	30.169271	Bb4	48	80	0	0	-1	*	3	-
79	30.114583	30.164062	D5	50	80	0	0	5190	P1-8-15	0	-
80	30.196615	30.230469	C5	63	80	0	0	5205	P1-8-16	0	-
81	30.263021	30.307292	B4	58	80	0	0	5220	P1-8-17	0	-
82	30.334635	30.394531	C5	67	80	0	0	5235	P1-8-18	0	-
83	30.415365	30.859375	D5	64	80	0	0	5250	P1-8-4	0	-
84	30.756510	30.833333	C5	52	80	0	0	5310	P1-8-5	0	-
85	31.128906	32.019531	A4	38	80	0	0	5370	P1-8-10	0	-
86	31.131510	31.848958	C5	43	80	0	0	5370	P1-8-6	0	-
87	31.135417	32.019531	F3	26	80	0	0	5670	*	3	-
88	32.574219	32.904948	F3	46	80	0	0	5670	P1-8-26	0	-
89	32.914062	33.339844	G3	49	80	0	0	5730	P1-8-28	0	-
90	32.924479	33.679688	Eb3	41	80	0	0	5730	P1-8-27	0	-
91	33.244792	33.670573	A3	51	80	0	0	5790	P1-8-30	0	-
92	33.286458	33.559896	C3	41	80	0	0	5790	P1-8-29	0	-
93	33.535156	37.139323	Bb1	31	80	0	0	5850	P1-9-10	0	-
94	33.661458	36.859375	Bb3	46	80	0	0	5850	P1-9-1	0	-
95	33.674479	33.679688	D3	35	80	0	0	5850	P1-9-3	0	-
96	34.904948	35.179688	Eb3	39	80	0	0	6060	P1-9-5	0	-
97	34.904948	35.171875	C3	39	80	0	0	6060	P1-9-4	0	-
98	35.143229	35.839844	F3	37	80	0	0	6090	P1-9-7	0	-
99	35.147135	35.559896	D3	33	80	0	0	6090	P1-9-6	0	-
100	35.149740	36.949219	Bb2	34	80	0	0	6090	*	3	-
101	36.519531	36.968750	D3	32	80	0	0	6330	P1-9-8	0	-
102	36.520833	36.878906	F3	34	80	0	0	6330	P1-9-9	0	-
103	37.861979	39.819010	Bb2	27	80	0	0	6570	P1-10-11	0	-
104	37.864583	39.809896	D3	26	80	0	0	6570	P1-10-12	0	-
105	37.864583	39.769531	F3	27	80	0	0	6570	P1-10-13	0	-
106	37.864583	38.529948	D5	44	80	0	0	6570	P1-10-1	0	-
107	38.643229	38.819010	Eb5	47	80	0	0	6660	P1-10-8	0	-
108	38.760417	38.859375	D5	40	80	0	0	6670	P1-10-9	0	-
109	38.834635	38.893229	C5	46	80	0	0	6680	P1-10-10	0	-
110	38.899740	39.164062	D5	49	80	0	0	6690	P1-10-2	0	-
111	39.162760	39.346354	Eb5	51	80	0	0	6780	P1-10-3	0	-
112	39.382812	39.709635	F5	46	80	0	0	6810	P1-10-4	0	-
113	40.703125	42.468750	Bb3	33	80	0	0	7050	P1-10-7	0	-
114	40.733073	41.459635	Bb2	25	80	0	0	7050	P1-10-15	0	-
115	40.734375	41.679688	Bb1	25	80	0	0	7050	P1-10-14	0	-
116	40.734375	41.218750	F3	23	80	0	0	7050	P1-10-6	0	-
117	40.740885	41.598958	D3	23	80	0	0	7050	P1-10-5	0	-
118	42.281250	43.949219	A3	31	80	0	0	7290	P1-11-1	0	-
119	42.304688	43.378906	F1	27	80	0	0	7290	P1-11-10	0	-
120	42.305990	43.500000	Eb3	23	80	0	0	7290	P1-11-3	0	-
121	42.305990	43.069010	F2	25	80	0	0	7290	P1-11-11	0	-
122	42.324219	42.889323	C3	22	80	0	0	7290	P1-11-2	0	-
123	43.449219	43.809896	D3	31	80	0	0	7500	P1-11-4	0	-
124	43.451823	43.819010	F3	33	80	0	0	7500	P1-11-5	0	-
125	43.694010	44.479167	Gb3	43	80	0	0	7530	P1-11-7	0	-
126	43.694010	44.509115	Eb3	40	80	0	0	7530	P1-11-6	0	-
127	44.945312	45.389323	Gb3	46	80	0	0	7770	P1-11-9	0	-
128	44.950521	45.459635	Eb3	46	80	0	0	7770	P1-11-8	0	-
129	46.213542	46.739583	C6	54	80	0	0	8010	P1-12-1	0	-
130	46.217448	48.089844	Eb3	47	80	0	0	8010	P1-12-11	0	-
131	46.222656	46.229167	F#2	43	80	0	0	8010	*	3	-
132	46.222656	47.839844	Gb3	45	80	0	0	8010	P1-12-12	0	-
133	46.225260	47.889323	F2	40	80	0	0	8010	P1-12-10	0	-
134	46.847656	46.894531	D6	45	80	0	0	8100	P1-12-7	0	-
135	46.916667	47.019531	C6	52	80	0	0	8110	P1-12-8	0	-
136	46.993490	47.045573	B5	59	80	0	0	8120	P1-12-9	0	-
137	47.063802	47.468750	C6	66	80	0	0	8130	P1-12-2	0	-
138	47.355469	47.889323	D6	67	80	0	0	8220	P1-12-3	0	-
139	47.614583	50.539062	Eb6	69	80	0	0	8250	P1-12-4	0	-
140	48.852865	50.549479	Gb4	70	80	0	0	8490	P1-12-6	0	-
141	48.855469	49.968750	Eb4	56	80	0	0	8490	P1-12-5	0	-
142	48.858073	49.878906	C4	48	80	0	0	8490	P1-12-15	0	-
143	48.865885	50.239583	Bb3	51	80	0	0	8490	P1-12-14	0	-
144	50.342448	54.039062	F4	46	80	0	0	8730	P1-13-1	0	-
145	50.352865	51.739583	Eb4	41	80	0	0	8730	P1-13-2	0	-
146	50.354167	51.218750	C4	35	80	0	0	8730	P1-13-7	0	-
147	50.354167	51.039062	A3	33	80	0	0	8730	P1-13-6	0	-
148	51.592448	51.819010	D4	41	80	0	0	8940	P1-13-9	0	-
149	51.593750	51.825521	B3	36	80	0	0	8940	P1-13-8	0	-
150	51.845052	52.589844	Eb4	42	80	0	0	8970	P1-13-11	0	-
151	51.851562	52.529948	C4	33	80	0	0	8970	P1-13-10	0	-
152	53.171875	53.889323	Eb4	34	80	0	0	9210	P1-13-13	0	-
153	53.173177	53.839844	C4	33	80	0	0	9210	P1-13-12	0	-
154	54.561198	55.348958	C6	52	80	0	0	9450	P1-14-1	0	-
155	54.571615	56.509115	C4	26	80	0	0	9450	P1-14-12	0	-
156	54.591146	56.799479	Eb4	26	80	0	0	9450	P1-14-10	0	-
157	54.611979	56.468750	F3	23	80	0	0	9450	P1-14-15	0	-
158	55.342448	55.433594	D6	46	80	0	0	9540	P1-14-7	0	-
159	55.445312	55.519531	C6	41	80	0	0	9550	P1-14-8	0	-
160	55.501302	55.562500	B5	54	80	0	0	9560	P1-14-9	0	-
161	55.583333	55.938802	C6	58	80	0	0	9570	P1-14-2	0	-
162	55.891927	56.199219	D6	59	80	0	0	9660	P1-14-3	0	-
163	56.143229	56.649740	A3	32	80	0	0	9690	P1-14-13	0	-
164	56.144531	56.529948	Eb6	56	80	0	0	9690	P1-14-4	0	-
165	57.466146	58.309896	Eb4	35	80	0	0	9930	P1-14-11	0	-
166	57.466146	58.968750	Eb5	61	80	0	0	9930	P1-14-6	0	-
167	57.471354	58.319010	C4	35	80	0	0	9930	P1-14-14	0	-
168	57.475260	57.489583	F#3	31	80	0	0	9930	P1-14-16	0	-
169	57.485677	58.309896	A4	38	80	0	0	9930	P1-14-5	0	-
170	58.920573	59.919271	Bb3	28	80	0	0	10170	P1-15-11	0	-
171	58.927083	59.750000	D4	24	80	0	0	10170	P1-15-12	0	-
172	58.936198	60.019531	D5	41	80	0	0	10170	P1-15-2	0	-
173	58.945312	59.919271	G3	25	80	0	0	10170	P1-15-10	0	-
174	58.959635	59.848958	Bb4	29	80	0	0	10170	P1-15-1	0	-
175	60.281250	63.259115	G5	94	80	0	0	10410	P1-15-4	0	-
176	61.575521	62.309896	G4	58	80	0	0	10650	P1-15-6	0	-
177	61.579427	62.179688	Bb3	55	80	0	0	10650	P1-15-16	0	-
178	61.580729	62.339844	Db5	65	80	0	0	10650	P1-15-8	0	-
179	61.582031	62.188802	Bb4	63	80	0	0	10650	P1-15-7	0	-
180	61.583333	62.229167	Db4	53	80	0	0	10650	P1-15-17	0	-
181	61.584635	62.169271	E3	47	80	0	0	10650	P1-15-15	0	-
182	63.071615	64.769531	F5	50	80	0	0	10890	P1-16-1	0	-
183	64.384115	64.979167	D5	37	80	0	0	11130	P1-16-6	0	-
184	64.401042	65.000000	F3	22	80	0	0	11130	P1-16-13	0	-
185	64.401042	64.938802	Bb3	25	80	0	0	11130	P1-16-14	0	-
186	64.402344	64.899740	D4	25	80	0	0	11130	P1-16-15	0	-
187	64.408854	64.889323	F4	22	80	0	0	11130	P1-16-4	0	-
188	64.412760	64.959635	Bb4	27	80	0	0	11130	P1-16-5	0	-
189	65.763021	66.269531	A4	34	80	0	0	11370	P1-16-10	0	-
190	65.785156	66.188802	F2	25	80	0	0	11370	P1-16-17	0	-
191	65.789062	66.339844	C4	27	80	0	0	11370	P1-16-8	0	-
192	65.790365	66.299479	Eb4	26	80	0	0	11370	P1-16-9	0	-
193	65.795573	66.218750	F3	21	80	0	0	11370	P1-16-18	0	-
194	67.114583	69.869792	Bb4	33	80	0	0	11610	P1-17-3	0	-
195	67.123698	70.098958	D4	26	80	0	0	11610	P1-17-2	0	-
196	67.130208	67.598958	Bb1	24	80	0	0	11610	P1-17-7	0	-
197	67.132812	67.459635	Bb2	24	80	0	0	11610	P1-17-8	0	-
198	67.132812	70.539062	Bb3	27	80	0	0	11610	P1-17-1	0	-
199	68.184896	68.319010	Bb2	31	80	0	0	11790	P1-17-10	0	-
200	68.300781	68.429688	Bb1	32	80	0	0	11810	P1-17-11	0	-
201	68.391927	68.549479	Bb2	32	80	0	0	11830	P1-17-12	0	-
202	68.536458	68.938802	Bb1	26	80	0	0	11850	P1-17-13	0	-
203	69.485677	69.598958	Bb2	22	80	0	0	12030	P1-17-15	0	-
204	69.585938	69.645833	Bb1	25	80	0	0	12050	P1-17-16	0	-
205	69.691406	70.098958	Bb2	31	80	0	0	12070	P1-17-17	0	-
206	69.804688	70.279948	Bb1	36	80	0	0	12090	P1-17-18	0	-
207	70.783854	70.919271	Bb2	27	80	0	0	12270	P1-17-20	0	-
208	70.908854	71.229167	Bb1	27	80	0	0	12290	P1-17-21	0	-
209	71.011719	71.259115	Bb2	34	80	0	0	12310	P1-17-22	0	-
210	71.170573	72.609375	Eb4	58	80	0	0	12330	P1-18-3	0	-
211	71.213542	71.989583	Bb3	39	80	0	0	12330	P1-18-2	0	-
212	71.220052	72.539062	G3	34	80	0	0	12330	P1-18-1	0	-
213	72.412760	73.829427	D4	56	80	0	0	12570	P1-18-6	0	-
214	72.433594	73.309896	Bb3	41	80	0	0	12570	P1-18-5	0	-
215	72.436198	73.789062	F3	38	80	0	0	12570	P1-18-4	0	-
216	73.673177	74.589844	C#4	49	80	0	0	12810	*	3	-
217	73.700521	74.559896	Bb3	34	80	0	0	12810	P1-18-9	1	-
218	73.701823	74.500000	E3	34	80	0	0	12810	P1-18-7	0	-
219	75.003906	76.628906	C#4	39	80	0	0	13050	*	3	-
220	75.026042	78.859375	Bb3	31	80	0	0	13050	P1-19-3	1	-
221	75.031250	76.128906	E3	28	80	0	0	13050	P1-19-1	0	-
222	76.035156	76.239583	Bb2	37	80	0	0	13230	P1-19-11	0	-
223	76.184896	76.319010	Bb1	34	80	0	0	13250	P1-19-12	0	-
224	76.253906	76.335938	Bb2	34	80	0	0	13270	P1-19-13	0	-
225	76.404948	76.507812	Bb1	42	80	0	0	13290	P1-19-14	0	-
226	76.411458	78.649740	D4	42	80	0	0	13290	P1-19-6	0	-
227	76.414062	78.259115	F3	37	80	0	0	13290	P1-19-4	0	-
228	77.367188	77.457031	Bb2	32	80	0	0	13470	P1-19-16	0	-
229	77.501302	77.555990	Bb1	32	80	0	0	13490	P1-19-17	0	-
230	77.593750	78.019531	Bb2	35	80	0	0	13510	P1-19-18	0	-
231	77.713542	78.209635	Bb1	34	80	0	0	13530	P1-19-19	0	-
232	78.563802	78.688802	Bb2	31	80	0	0	13710	P1-19-21	0	-
233	78.721354	79.119792	Bb1	30	80	0	0	13730	P1-19-22	0	-
234	78.821615	78.959635	Bb2	30	80	0	0	13750	P1-19-23	0	-
235	78.953125	80.059896	C4	46	80	0	0	13770	P1-20-10	0	-
236	78.966146	81.438802	Eb3	32	80	0	0	13770	P1-20-1	0	-
237	78.967448	81.609375	G3	32	80	0	0	13770	P1-20-2	0	-
238	78.970052	79.139323	Bb2	34	80	0	0	13770	P1-20-15	1	-
239	79.945312	80.188802	D4	50	80	0	0	13920	P1-20-12	0	-
240	80.067708	80.135417	C4	51	80	0	0	13950	P1-20-13	0	-
241	80.180990	80.283854	B3	53	80	0	0	13980	P1-20-14	1	-
242	80.286458	81.100260	C4	70	80	0	0	14010	P1-20-6	0	-
243	80.970052	81.869792	Eb4	59	80	0	0	14130	P1-20-7	0	-
244	81.721354	82.908854	Eb3	45	80	0	0	14250	P1-20-3	0	-
245	81.726562	82.718750	C4	48	80	0	0	14250	P1-20-8	0	-
246	81.729167	84.128906	Gb3	41	80	0	0	14250	P1-20-4	0	-
247	82.391927	82.759115	A3	46	80	0	0	14370	P1-20-9	0	-
248	83.113281	84.079427	C4	43	80	0	0	14490	P1-21-4	0	-
249	83.132812	83.829427	Eb3	30	80	0	0	14490	P1-21-1	0	-
250	83.135417	83.878906	A3	31	80	0	0	14490	P1-21-3	0	-
251	84.173177	84.399740	Bb2	34	80	0	0	14670	P1-21-12	0	-
252	84.334635	84.489583	Bb1	27	80	0	0	14690	P1-21-13	0	-
253	84.406250	84.475260	Bb2	35	80	0	0	14710	P1-21-14	0	-
254	84.572917	85.959635	Bb3	39	80	0	0	14730	P1-21-7	0	-
255	84.588542	85.739583	D3	26	80	0	0	14730	P1-21-5	0	-
256	84.602865	84.709635	Bb1	28	80	0	0	14730	P1-21-15	0	-
257	84.604167	85.718750	F3	25	80	0	0	14730	P1-21-6	0	-
258	85.533854	85.736979	Bb2	25	80	0	0	14910	P1-21-17	0	-
259	85.674479	85.736979	Bb1	29	80	0	0	14930	P1-21-18	0	-
260	85.912760	86.609375	Bb1	31	80	0	0	14970	P1-21-20	0	-
261	86.855469	87.029948	Bb2	28	80	0	0	15150	P1-21-22	0	-
262	86.985677	87.479167	Bb1	32	80	0	0	15170	P1-21-23	0	-
263	87.072917	87.359375	Bb2	38	80	0	0	15190	P1-21-24	0	-
264	87.251302	88.899740	Bb4	69	80	0	0	15210	P1-22-2	0	-
265	87.259115	88.089844	D4	41	80	0	0	15210	P1-22-1	0	-
266	88.546875	89.239583	G4	63	80	0	0	15450	P1-22-5	0	-
267	88.554688	89.299479	Bb3	47	80	0	0	15450	P1-22-3	0	-
268	88.557292	89.299479	D4	47	80	0	0	15450	P1-22-4	0	-
269	89.832031	91.375000	F4	53	80	0	0	15690	P1-22-8	0	-
270	89.833333	90.609375	A3	41	80	0	0	15690	P1-22-6	0	-
271	89.834635	91.359375	D4	41	80	0	0	15690	P1-22-7	0	-
272	91.239583	92.809896	E4	43	80	0	0	15930	P1-23-3	0	-
273	91.264323	92.869792	C4	34	80	0	0	15930	P1-23-2	0	-
274	91.285156	92.639323	G3	30	80	0	0	15930	P1-23-1	0	-
275	92.186198	92.244792	C3	30	80	0	0	16110	P1-23-15	0	-
276	92.420573	92.485677	C3	31	80	0	0	16150	P1-23-17	0	-
277	92.536458	92.658854	C2	25	80	0	0	16170	P1-23-18	0	-
278	93.156250	93.559896	E4	37	80	0	0	16290	P1-23-6	0	-
279	93.174479	93.411458	C4	30	80	0	0	16290	P1-23-5	0	-
280	93.174479	93.459635	G3	24	80	0	0	16290	P1-23-4	0	-
281	93.174479	93.239583	C3	24	80	0	0	16290	*	3	-
282	93.472656	93.527344	C6	45	80	0	0	16350	P1-23-20	0	-
283	93.580729	93.699219	C5	44	80	0	0	16370	P1-23-21	0	-
284	93.652344	93.769531	C6	47	80	0	0	16390	P1-23-22	0	-
285	93.783854	94.559896	F4	42	80	0	0	16410	P1-23-9	0	-
286	93.792969	93.919271	C5	52	80	0	0	16410	P1-23-23	0	-
287	93.804688	94.250000	C4	34	80	0	0	16410	P1-23-8	0	-
288	93.824219	94.309896	A3	26	80	0	0	16410	P1-23-7	0	-
289	94.494792	94.803385	G4	47	80	0	0	16530	P1-23-12	0	-
290	94.500000	94.820312	Bb3	36	80	0	0	16530	P1-23-10	0	-
291	94.541667	94.815104	C4	27	80	0	0	16530	P1-23-11	0	-
292	95.236979	96.619792	G4	48	80	0	0	16650	P1-24-3	0	-
293	95.291667	96.319010	Bb3	29	80	0	0	16650	P1-24-1	0	-
294	95.291667	96.269531	C4	27	80	0	0	16650	P1-24-2	0	-
295	96.233073	96.468750	E4	43	80	0	0	16830	P1-24-6	0	-
296	96.236979	96.317708	C3	31	80	0	0	16830	P1-24-21	0	-
297	96.274740	97.039062	C4	20	80	0	0	16830	P1-24-5	0	-
298	96.296875	96.449219	G#3	19	80	0	0	16830	P1-24-4	0	-
299	96.399740	96.562500	C2	30	80	0	0	16850	P1-24-22	0	-
300	96.475260	96.550781	C3	42	80	0	0	16870	P1-24-23	0	-
301	96.619792	97.169271	F4	39	80	0	0	16890	P1-24-9	0	-
302	96.635417	97.049479	A3	33	80	0	0	16890	P1-24-7	0	-
303	96.640625	96.704427	C2	34	80	0	0	16890	P1-24-24	0	-
304	97.260417	97.598958	C4	27	80	0	0	17010	P1-24-11	0	-
305	97.294271	97.718750	F4	37	80	0	0	17010	P1-24-12	0	-
306	97.300781	97.559896	A3	36	80	0	0	17010	P1-24-10	0	-
307	97.595052	97.688802	C6	48	80	0	0	17070	P1-24-26	0	-
308	97.713542	97.789062	C5	55	80	0	0	17090	P1-24-27	0	-
309	97.786458	97.908854	C6	59	80	0	0	17110	P1-24-28	0	-
310	97.894531	98.259115	G4	63	80	0	0	17130	P1-24-15	0	-
311	97.895833	98.009115	C5	62	80	0	0	17130	P1-24-29	0	-
312	97.901042	98.339844	E4	52	80	0	0	17130	P1-24-14	0	-
313	97.904948	98.209635	C4	46	80	0	0	17130	P1-24-13	0	-
314	98.515625	98.884115	A4	66	80	0	0	17250	P1-24-18	0	-
315	98.545573	98.889323	F4	45	80	0	0	17250	P1-24-17	0	-
316	98.563802	98.888021	C4	40	80	0	0	17250	P1-24-16	0	-
317	99.230469	100.549479	A4	53	80	0	0	17370	P1-25-2	0	-
318	99.274740	100.438802	C4	35	80	0	0	17370	P1-25-16	0	-
319	99.274740	100.289062	F4	31	80	0	0	17370	P1-25-1	1	-
320	100.235677	100.289062	C3	39	80	0	0	17550	P1-25-20	0	-
321	100.243490	100.569010	F#4	46	80	0	0	17550	P1-25-4	0	-
322	100.244792	100.539062	D#4	45	80	0	0	17550	P1-25-3	0	-
323	100.330729	100.449219	G3	39	80	0	0	-1	*	3	-
324	100.332031	100.609375	C2	44	80	0	0	17570	P1-25-21	0	-
325	100.433594	100.579427	C3	43	80	0	0	17590	P1-25-22	0	-
326	100.569010	100.979167	G4	52	80	0	0	17610	P1-25-6	0	-
327	100.574219	100.878906	E4	41	80	0	0	17610	P1-25-5	0	-
328	100.574219	100.809896	C4	36	80	0	0	-1	*	3	-
329	101.184896	101.589844	G4	54	80	0	0	17730	P1-25-9	0	-
330	101.197917	101.658854	E4	45	80	0	0	17730	P1-25-8	0	-
331	101.200521	101.529948	C4	42	80	0	0	17730	P1-25-7	0	-
332	101.544271	101.669271	C6	58	80	0	0	17790	P1-25-25	0	-
333	101.639323	101.729167	C5	67	80	0	0	17810	P1-25-26	0	-
334	101.722656	101.848958	C6	63	80	0	0	17830	P1-25-27	0	-
335	101.813802	102.519531	A4	77	80	0	0	17850	P1-25-12	0	-
336	101.813802	102.329427	F4	52	80	0	0	17850	P1-25-11	0	-
337	101.822917	102.239583	C4	57	80	0	0	17850	P1-25-10	0	-
338	102.472656	102.929688	Bb4	74	80	0	0	17970	P1-25-15	0	-
339	102.485677	102.968750	G4	53	80	0	0	17970	P1-25-14	0	-
340	102.485677	102.959635	C4	51	80	0	0	17970	P1-25-13	0	-
341	103.153646	104.269531	Bb4	60	80	0	0	18090	P1-26-2	0	-
342	103.167969	104.039062	G4	55	80	0	0	18090	P1-26-1	0	-
343	103.173177	103.769531	C4	44	80	0	0	18090	P1-26-18	0	-
344	104.162760	104.500000	G#4	63	80	0	0	18270	P1-26-4	0	-
345	104.170573	104.429688	C4	46	80	0	0	18270	*	3	-
346	104.170573	104.319010	E4	51	80	0	0	18270	P1-26-3	0	-
347	104.177083	104.279948	C3	50	80	0	0	18270	P1-26-22	0	-
348	104.287760	104.468750	C2	46	80	0	0	18290	P1-26-23	0	-
349	104.373698	104.417969	C3	54	80	0	0	18310	P1-26-24	0	-
350	104.475260	104.989583	A4	60	80	0	0	18330	P1-26-6	0	-
351	104.484375	105.019531	F4	49	80	0	0	18330	P1-26-5	0	-
352	104.484375	104.739583	C2	45	80	0	0	18330	P1-26-25	0	-
353	104.485677	104.949219	C4	52	80	0	0	18330	*	3	-
354	105.154948	105.619792	A4	81	80	0	0	18450	P1-26-9	0	-
355	105.162760	105.589844	C4	60	80	0	0	18450	P1-26-7	0	-
356	105.162760	105.519531	F4	54	80	0	0	18450	P1-26-8	0	-
357	105.503906	105.619792	C6	57	80	0	0	18510	P1-26-27	0	-
358	105.574219	105.639323	C5	69	80	0	0	18530	P1-26-28	0	-
359	105.674479	105.779948	C6	69	80	0	0	18550	P1-26-29	0	-
360	105.783854	106.059896	B4	84	80	0	0	18570	P1-26-13	1	-
361	105.785156	106.169271	C5	86	80	0	0	18570	P1-26-30	0	-
362	105.795573	106.158854	D4	67	80	0	0	18570	P1-26-10	0	-
363	105.796875	106.319010	Ab4	72	80	0	0	18570	P1-26-12	0	-
364	105.796875	106.179688	F4	58	80	0	0	18570	P1-26-11	0	-
365	106.503906	106.769531	B4	82	80	0	0	18690	P1-26-17	1	-
366	106.514323	106.839844	Ab4	62	80	0	0	18690	P1-26-16	0	-
367	106.518229	106.878906	D4	51	80	0	0	18690	P1-26-14	0	-
368	106.526042	106.829427	F4	48	80	0	0	18690	P1-26-15	0	-
369	106.746094	106.815104	C6	68	80	0	0	18750	P1-26-32	0	-
370	106.845052	106.938802	C5	58	80	0	0	18770	P1-26-33	0	-
371	107.180990	108.069010	C5	71	80	0	0	18810	P1-27-3	0	-
372	107.205729	107.598958	G4	41	80	0	0	18810	P1-27-2	0	-
373	107.208333	107.524740	E4	35	80	0	0	18810	P1-27-1	0	-
374	107.876302	108.559896	E4	41	80	0	0	18930	P1-27-5	0	-
375	107.877604	108.529948	G4	46	80	0	0	18930	P1-27-6	0	-
376	107.897135	108.779948	C4	33	80	0	0	18930	P1-27-4	0	-
377	108.337240	108.438802	C3	36	80	0	0	18990	P1-27-18	0	-
378	108.423177	108.628906	C2	39	80	0	0	19020	P1-27-19	0	-
379	108.513021	108.609375	C3	50	80	0	0	19050	P1-27-20	0	-
380	109.084635	109.449219	G4	73	80	0	0	19170	P1-27-9	0	-
381	109.105469	109.609375	E4	52	80	0	0	19170	P1-27-8	0	-
382	109.109375	109.399740	C4	45	80	0	0	19170	P1-27-7	0	-
383	109.494792	109.628906	C6	54	80	0	0	19230	P1-27-22	0	-
384	109.585938	109.709635	C5	61	80	0	0	19260	P1-27-23	0	-
385	109.683594	110.489583	B4	75	80	0	0	19290	P1-27-12	0	-
386	109.716146	110.348958	D4	38	80	0	0	19290	P1-27-10	0	-
387	109.716146	110.158854	F4	37	80	0	0	19290	P1-27-11	0	-
388	110.312500	111.013021	G4	70	80	0	0	19410	P1-27-15	0	-
389	110.346354	111.019531	F4	42	80	0	0	19410	P1-27-14	0	-
390	110.354167	111.009115	D4	34	80	0	0	19410	P1-27-13	0	-
391	110.934896	111.359375	C5	69	80	0	0	19530	P1-28-3	0	-
392	110.968750	111.378906	E4	37	80	0	0	19530	P1-28-2	0	-
393	110.972656	111.339844	C4	36	80	0	0	19530	P1-28-1	0	-
394	111.750000	112.679688	G4	41	80	0	0	19650	P1-28-6	0	-
395	111.782552	112.679688	C4	33	80	0	0	19650	P1-28-4	0	-
396	111.782552	112.679688	E4	30	80	0	0	19650	P1-28-5	0	-
397	112.174479	112.225260	C3	40	80	0	0	19710	P1-28-18	0	-
398	112.268229	112.459635	C2	39	80	0	0	19740	P1-28-19	0	-
399	112.372396	112.424479	C3	44	80	0	0	19770	P1-28-20	0	-
400	112.950521	113.259115	G4	64	80	0	0	19890	P1-28-9	0	-
401	112.962240	113.509115	E4	46	80	0	0	19890	P1-28-8	0	-
402	112.963542	113.098958	C4	41	80	0	0	19890	P1-28-7	0	-
403	113.335938	113.509115	C6	58	80	0	0	19950	P1-28-22	0	-
404	113.451823	113.529948	C5	60	80	0	0	19980	P1-28-23	0	-
405	113.562500	114.329427	B4	72	80	0	0	20010	P1-28-12	0	-
406	113.565104	113.718750	B5	65	80	0	0	20010	P1-28-24	1	-
407	113.583333	114.119792	F4	40	80	0	0	20010	P1-28-11	0	-
408	113.584635	113.979167	D4	38	80	0	0	20010	P1-28-10	0	-
409	114.283854	114.729167	G4	60	80	0	0	20130	P1-28-15	0	-
410	114.324219	115.139323	F4	35	80	0	0	20130	P1-28-14	0	-
411	114.329427	115.089844	D4	37	80	0	0	20130	P1-28-13	0	-
412	115.071615	115.569010	C5	52	80	0	0	20250	P1-29-3	0	-
413	115.097656	115.404948	E4	33	80	0	0	20250	P1-29-2	0	-
414	115.102865	115.192708	G4	33	80	0	0	20250	*	3	-
415	115.109375	115.406250	C4	28	80	0	0	20250	P1-29-1	0	-
416	115.763021	116.500000	E4	33	80	0	0	20370	P1-29-5	0	-
417	115.764323	116.699219	G4	42	80	0	0	20370	P1-29-6	0	-
418	115.773438	116.709635	C4	34	80	0	0	20370	P1-29-4	0	-
419	116.210938	116.263021	C3	39	80	0	0	20430	P1-29-15	0	-
420	116.307292	116.429688	C2	35	80	0	0	20460	P1-29-16	0	-
421	116.404948	116.455729	C3	40	80	0	0	20490	P1-29-17	0	-
422	117.084635	118.709635	E4	38	80	0	0	20610	P1-29-9	0	-
423	117.089844	117.779948	C4	33	80	0	0	20610	P1-29-8	0	-
424	117.095052	117.789062	G3	30	80	0	0	20610	P1-29-7	0	-
425	117.501302	117.555990	C3	38	80	0	0	20670	P1-29-19	0	-
426	117.596354	117.653646	C2	36	80	0	0	20700	P1-29-20	0	-
427	117.696615	117.743490	C3	41	80	0	0	20730	P1-29-21	0	-
428	118.352865	119.218750	G3	31	80	0	0	20850	P1-29-11	0	-
429	118.356771	119.239583	C4	33	80	0	0	20850	P1-29-12	0	-
430	118.360677	119.158854	E3	31	80	0	0	20850	P1-29-10	1	-
431	118.759115	118.859375	C3	36	80	0	0	20910	P1-29-23	0	-
432	118.854167	119.079427	C2	34	80	0	0	20940	P1-29-24	0	-
433	118.966146	119.079427	C3	38	80	0	0	20970	P1-30-13	0	-
434	119.643229	120.559896	C4	46	80	0	0	21090	P1-30-14	0	-
435	120.434896	121.192708	B3	45	80	0	0	21210	P1-30-15	0	-
436	121.162760	122.199219	C4	45	80	0	0	21330	P1-30-19	0	-
437	121.162760	121.886719	Bb3	43	80	0	0	21330	P1-30-16	0	-
438	121.794271	122.519531	A3	47	80	0	0	21450	P1-30-17	0	-
439	122.130208	122.183594	D4	53	80	0	0	21510	P1-30-7	0	-
440	122.295573	122.355469	E4	57	80	0	0	21540	P1-30-8	0	-
441	122.475260	122.584635	F4	52	80	0	0	21570	P1-30-9	0	-
442	122.483073	122.574219	Bb3	46	80	0	0	21570	P1-30-20	0	-
443	122.505208	122.574219	G3	41	80	0	0	21570	P1-30-18	0	-
444	122.652344	122.736979	G4	58	80	0	0	21600	P1-30-10	0	-
445	122.834635	122.932292	A4	58	80	0	0	21630	P1-30-11	0	-
446	123.029948	123.194010	Bb4	53	80	0	0	21660	P1-30-12	0	-
447	123.246094	123.569010	F2	23	80	0	0	21690	P1-31-9	0	-
448	123.309896	124.968750	C5	44	80	0	0	21690	P1-31-1	0	-
449	123.984375	124.779948	F3	28	80	0	0	21810	P1-31-10	0	-
450	124.613281	125.149740	A3	26	80	0	0	21930	P1-31-11	0	-
451	124.613281	125.218750	F4	24	80	0	0	21930	P1-31-7	0	-
452	124.623698	125.169271	C4	23	80	0	0	21930	P1-31-12	0	-
453	125.244792	125.908854	F3	31	80	0	0	22050	P1-31-13	0	-
454	125.680990	125.929688	A4	41	80	0	0	22140	P1-31-3	0	-
455	125.907552	127.169271	F5	52	80	0	0	22170	P1-31-4	0	-
456	125.937500	126.609375	Bb3	25	80	0	0	22170	P1-31-14	0	-
457	125.942708	126.739583	D4	22	80	0	0	22170	P1-31-15	0	-
458	126.563802	127.449219	F3	29	80	0	0	22290	P1-31-16	0	-
459	126.992188	127.192708	D5	50	80	0	0	22380	P1-31-5	0	-
460	127.196615	129.479167	C5	60	80	0	0	22410	P1-32-1	0	-
461	127.243490	128.049479	C4	23	80	0	0	22410	P1-32-11	0	-
462	127.244792	127.899740	A3	21	80	0	0	22410	P1-32-10	0	-
463	127.872396	128.819010	F3	31	80	0	0	22530	P1-32-12	0	-
464	128.475260	130.549479	F4	29	80	0	0	22650	P1-32-7	0	-
465	128.503906	129.319010	A3	29	80	0	0	22650	P1-32-13	0	-
466	128.503906	129.279948	C4	24	80	0	0	22650	P1-32-14	0	-
467	129.125000	129.859375	F3	34	80	0	0	22770	P1-32-15	0	-
468	129.552083	129.790365	A4	54	80	0	0	22860	P1-32-3	0	-
469	129.753906	130.938802	Bb4	56	80	0	0	22890	P1-32-4	0	-
470	129.776042	130.619792	D3	33	80	0	0	22890	P1-32-16	0	-
471	130.416667	130.919271	D4	36	80	0	0	23010	P1-32-9	0	-
472	130.453125	131.029948	Bb2	31	80	0	0	23010	P1-32-17	0	-
473	130.884115	131.066406	G4	54	80	0	0	23100	P1-32-5	0	-
474	131.074219	133.929688	F4	49	80	0	0	23130	P1-33-1	0	-
475	131.104167	131.459635	C2	28	80	0	0	23130	P1-33-10	0	-
476	131.796875	132.128906	A3	30	80	0	0	23250	P1-33-7	0	-
477	131.802083	132.598958	C3	32	80	0	0	23250	P1-33-11	0	-
478	132.451823	133.378906	C4	32	80	0	0	23370	P1-33-8	0	-
479	132.451823	133.729167	F3	26	80	0	0	23370	P1-33-12	0	-
480	132.480469	133.809896	A3	26	80	0	0	23370	P1-33-13	0	-
481	133.205729	134.179688	C3	36	80	0	0	23490	P1-33-14	0	-
482	133.842448	134.419271	A4	45	80	0	0	23610	P1-33-2	0	-
483	133.875000	134.750000	E3	30	80	0	0	23610	P1-33-15	0	-
484	133.876302	134.500000	C4	27	80	0	0	23610	P1-33-9	0	-
485	133.891927	135.009115	G3	26	80	0	0	23610	P1-33-16	0	-
486	134.179688	134.498698	G4	50	80	0	0	23670	P1-33-3	0	-
487	134.446615	134.908854	F4	52	80	0	0	23730	P1-33-4	0	-
488	134.510417	136.369792	C4	34	80	0	0	-1	*	3	-
489	134.515625	135.169271	C3	39	80	0	0	23730	P1-33-17	0	-
490	134.756510	134.906250	G4	68	80	0	0	23790	P1-33-5	0	-
491	134.959635	137.679688	F2	33	80	0	0	23850	P1-34-21	0	-
492	135.075521	135.959635	E3	40	80	0	0	23850	P1-34-15	0	-
493	135.119792	136.316406	G4	65	80	0	0	23850	P1-34-1	0	-
494	135.782552	136.447917	C3	45	80	0	0	23970	P1-34-16	0	-
495	136.234375	136.416667	G#4	61	80	0	0	24060	P1-34-2	0	-
496	136.445312	138.158854	A4	48	80	0	0	24090	P1-34-3	0	-
497	136.455729	137.669271	C4	38	80	0	0	24090	*	3	-
498	136.458333	137.929688	F3	42	80	0	0	24090	P1-34-17	0	-
499	137.095052	137.839844	A2	54	80	0	0	24210	P1-34-18	0	-
500	137.760417	138.415365	Bb2	55	80	0	0	24330	P1-34-19	0	-
501	137.924479	138.029948	C4	62	80	0	0	24360	P1-34-6	0	-
502	138.082031	138.156250	D4	68	80	0	0	24390	P1-34-7	0	-
503	138.230469	138.290365	E4	71	80	0	0	24420	P1-34-8	0	-
504	138.375000	138.485677	F4	65	80	0	0	24450	P1-34-9	0	-
505	138.414062	139.097656	G2	41	80	0	0	24450	P1-34-20	0	-
506	138.537760	138.622396	G4	74	80	0	0	24480	P1-34-10	0	-
507	138.692708	138.839844	A4	70	80	0	0	24510	P1-34-11	0	-
508	138.852865	139.029948	Bb4	64	80	0	0	24540	P1-34-12	0	-
509	139.065104	139.569010	F2	38	80	0	0	24570	P1-35-9	0	-
510	139.066406	141.199219	C5	70	80	0	0	24570	P1-35-1	0	-
511	139.761719	140.579427	F3	36	80	0	0	24690	P1-35-10	0	-
512	140.074219	140.509115	E4	47	80	0	0	24750	P1-35-7	0	-
513	140.457031	144.199219	F4	37	80	0	0	24810	P1-35-8	0	-
514	140.475260	141.609375	C4	26	80	0	0	24810	P1-35-12	0	-
515	141.093750	141.829427	F3	28	80	0	0	24930	P1-35-13	0	-
516	141.544271	141.774740	A4	50	80	0	0	25020	P1-35-3	0	-
517	141.778646	143.000000	F5	53	80	0	0	25050	P1-35-4	0	-
518	141.783854	142.589844	Bb3	32	80	0	0	25050	P1-35-14	0	-
519	141.792969	142.619792	D4	27	80	0	0	25050	P1-35-15	0	-
520	142.464844	143.438802	F3	24	80	0	0	25170	P1-35-16	0	-
521	142.891927	143.110677	D5	44	80	0	0	25260	P1-35-5	0	-
522	143.138021	143.669271	C5	38	80	0	0	25290	P1-36-1	0	-
523	143.139323	144.199219	A3	24	80	0	0	25290	P1-36-12	0	-
524	143.145833	144.250000	C4	23	80	0	0	25290	P1-36-13	0	-
525	143.882812	144.759115	F3	26	80	0	0	25410	P1-36-14	0	-
526	144.265625	144.634115	E4	43	80	0	0	25470	P1-36-8	0	-
527	144.625000	147.019531	F4	32	80	0	0	25530	P1-36-9	0	-
528	144.644531	145.500000	C4	24	80	0	0	25530	P1-36-16	0	-
529	144.651042	145.839844	A3	24	80	0	0	25530	P1-36-15	0	-
530	145.321615	146.639323	F3	34	80	0	0	25650	P1-36-17	0	-
531	145.617188	146.158854	A4	73	80	0	0	25740	P1-36-3	0	-
532	145.951823	147.479167	D3	36	80	0	0	25770	P1-36-18	0	-
533	146.033854	146.519531	C5	69	80	0	0	25770	P1-36-4	0	-
534	146.433594	147.429688	Bb4	65	80	0	0	25830	P1-36-5	0	-
535	146.804688	147.459635	D4	45	80	0	0	25890	P1-36-11	0	-
536	146.815104	147.479167	Bb2	38	80	0	0	25890	P1-36-19	0	-
537	147.089844	147.437500	G4	66	80	0	0	25950	P1-36-6	0	-
538	147.414062	149.369792	F4	54	80	0	0	26010	P1-37-1	0	-
539	147.414062	149.489583	C3	43	80	0	0	26010	P1-37-14	0	-
540	147.463542	147.789062	A3	36	80	0	0	26010	P1-37-3	0	-
541	148.062500	148.729167	A3	50	80	0	0	26130	P1-37-5	0	-
542	148.089844	148.979167	F3	42	80	0	0	26130	P1-37-4	0	-
543	148.716146	149.438802	C4	62	80	0	0	26250	P1-37-7	0	-
544	148.739583	149.089844	A3	50	80	0	0	26250	P1-37-6	0	-
545	149.359375	150.098958	A3	71	80	0	0	26370	P1-37-9	0	-
546	149.394531	150.089844	F3	44	80	0	0	26370	P1-37-8	0	-
547	150.009115	150.468750	C3	54	80	0	0	26490	*	3	-
548	150.011719	151.369792	C2	51	80	0	0	26490	P1-37-15	0	-
549	150.013021	151.899740	C4	68	80	0	0	26490	P1-37-2	0	-
550	150.019531	150.449219	E3	56	80	0	0	26490	P1-37-10	0	-
551	150.019531	151.348958	G3	51	80	0	0	26490	P1-37-11	0	-
552	150.694010	151.378906	E3	47	80	0	0	26610	P1-37-13	0	-
553	150.716146	151.029948	C3	37	80	0	0	26610	P1-37-12	0	-
554	151.328125	151.408854	F1	30	80	0	0	26730	*	3	-
555	151.416667	152.489583	F1	32	80	0	0	26730	P1-38-8	0	-
556	151.420573	152.658854	A3	34	80	0	0	26730	P1-38-3	0	-
557	151.420573	151.878906	F2	31	80	0	0	26730	P1-38-9	0	-
558	151.433594	151.549479	C3	30	80	0	0	26730	P1-38-1	0	-
559	151.437500	152.628906	F3	26	80	0	0	26730	P1-38-2	0	-
560	152.385417	152.589844	F2	32	80	0	0	26910	P1-38-11	0	-
561	152.501302	153.299479	F1	41	80	0	0	26930	P1-38-12	0	-
562	152.595052	153.309896	F2	35	80	0	0	26950	P1-38-13	0	-
563	153.622396	153.759115	F2	27	80	0	0	27150	P1-38-16	0	-
564	153.723958	153.929688	F1	37	80	0	0	27170	P1-38-17	0	-
565	153.817708	154.169271	F2	32	80	0	0	27190	P1-38-18	0	-
566	153.944010	154.938802	F1	36	80	0	0	27210	P1-38-19	0	-
567	154.804688	155.279948	F4	56	80	0	0	27330	P1-38-7	0	-
568	155.242188	155.569010	F2	37	80	0	0	27450	*	3	-
569	155.480469	156.979167	F4	72	80	0	0	27450	P1-39-1	0	-
570	156.570312	157.079427	F2	31	80	0	0	27630	P1-39-10	0	-
571	156.684896	157.098958	F1	37	80	0	0	27650	P1-39-11	0	-
572	156.855469	158.739583	Gb4	55	80	0	0	27690	P1-39-2	0	-
573	156.863281	159.069010	A3	43	80	0	0	27690	P1-39-5	0	-
574	156.864583	159.609375	Eb4	49	80	0	0	27690	P1-39-7	0	-
575	156.865885	159.489583	C4	42	80	0	0	27690	P1-39-6	0	-
576	157.804688	157.929688	F2	36	80	0	0	27870	P1-39-15	0	-
577	157.914062	158.079427	F1	43	80	0	0	27890	P1-39-16	0	-
578	158.000000	158.319010	F2	37	80	0	0	27910	P1-39-17	0	-
579	158.084635	158.959635	F1	41	80	0	0	27930	P1-39-18	0	-
580	158.753906	159.158854	Gb4	72	80	0	0	28050	P1-39-3	0	-
581	159.411458	160.750000	Gb4	82	80	0	0	28170	P1-40-1	0	-
582	160.292969	160.352865	F2	50	80	0	0	28350	P1-40-10	0	-
583	160.424479	160.598958	F1	45	80	0	0	28370	P1-40-11	0	-
584	160.502604	160.899740	F2	55	80	0	0	28390	P1-40-12	0	-
585	160.605469	161.109375	F1	57	80	0	0	28410	P1-40-13	0	-
586	160.644531	162.438802	A4	82	80	0	0	28410	P1-40-6	0	-
587	160.673177	163.529948	Eb4	54	80	0	0	28410	P1-40-5	0	-
588	160.674479	163.569010	C4	49	80	0	0	28410	P1-40-4	0	-
589	161.554688	161.606771	F2	48	80	0	0	28590	P1-40-15	0	-
590	161.652344	161.819010	F1	57	80	0	0	28610	P1-40-16	0	-
591	161.734375	162.348958	F2	58	80	0	0	28630	P1-40-17	0	-
592	161.833333	163.699219	F1	73	80	0	0	28650	P1-40-18	0	-
593	162.451823	163.079427	A4	90	80	0	0	28770	P1-40-7	0	-
594	163.088542	164.259115	A4	98	80	0	0	28890	P1-41-1	0	-
595	164.138021	164.269531	F2	47	80	0	0	29070	P1-41-10	0	-
596	164.226562	164.408854	F1	51	80	0	0	29090	P1-41-11	0	-
597	164.317708	164.779948	F2	64	80	0	0	29110	P1-41-12	0	-
598	164.406250	166.000000	C5	91	80	0	0	29130	P1-41-6	0	-
599	164.412760	165.789062	Gb4	76	80	0	0	29130	P1-41-5	0	-
600	164.414062	166.549479	A4	80	80	0	0	29130	*	3	-
601	164.417969	164.938802	F1	72	80	0	0	29130	P1-41-13	0	-
602	164.424479	165.869792	Eb4	79	80	0	0	29130	P1-41-4	0	-
603	165.324219	165.429688	F1	60	80	0	0	29310	*	3	-
604	165.332031	165.479167	F2	56	80	0	0	29310	P1-41-15	0	-
605	165.434896	165.598958	F1	67	80	0	0	29330	P1-41-16	0	-
606	165.503906	165.779948	F2	65	80	0	0	29350	P1-41-17	0	-
607	165.605469	166.789062	F1	71	80	0	0	29370	P1-41-18	0	-
608	166.246094	166.589844	C5	101	80	0	0	29490	P1-41-7	0	-
609	166.888021	167.559896	C5	98	80	0	0	29610	P1-42-1	0	-
610	167.662760	168.759115	Eb5	93	80	0	0	29730	P1-42-2	0	-
611	168.019531	168.239583	C4	43	80	0	0	29790	P1-42-21	0	-
612	168.065104	168.134115	A3	49	80	0	0	29790	P1-42-20	0	-
613	168.174479	168.289062	F3	49	80	0	0	29810	P1-42-22	0	-
614	168.218750	168.339844	A3	53	80	0	0	29830	P1-42-23	0	-
615	168.334635	168.750000	F3	67	80	0	0	29850	P1-42-25	0	-
616	168.712240	169.069010	D5	74	80	0	0	29910	P1-42-4	0	-
617	168.899740	169.128906	C5	68	80	0	0	29940	P1-42-5	0	-
618	169.059896	169.225260	Bb4	66	80	0	0	29970	P1-42-6	0	-
619	169.213542	169.376302	A4	64	80	0	0	30000	P1-42-7	0	-
620	169.363281	169.514323	G4	61	80	0	0	30030	P1-42-8	0	-
621	169.523438	169.708333	F4	55	80	0	0	30060	P1-42-9	0	-
622	169.684896	169.859375	E4	55	80	0	0	30090	P1-42-10	0	-
623	169.842448	170.032552	Eb4	54	80	0	0	30120	P1-42-11	0	-
624	170.023438	170.192708	D4	59	80	0	0	30150	P1-42-12	0	-
625	170.195312	170.408854	C4	55	80	0	0	30180	P1-42-13	0	-
626	170.384115	170.621094	Bb3	56	80	0	0	30210	P1-42-14	0	-
627	170.574219	170.743490	A3	50	80	0	0	30240	P1-42-15	0	-
628	170.766927	170.949219	Eb4	38	80	0	0	30270	P1-42-16	0	-
629	170.949219	171.378906	A3	40	80	0	0	30300	P1-42-17	0	-
630	171.261719	174.299479	Bb3	37	80	0	0	30330	P1-43-1	0	-
631	171.274740	172.829427	D3	24	80	0	0	30330	P1-43-8	0	-
632	171.294271	175.000000	Bb2	27	80	0	0	30330	P1-43-3	0	-
633	171.295573	177.299479	Bb1	27	80	0	0	30330	P1-43-2	0	-
634	172.542969	172.819010	Eb3	35	80	0	0	30540	P1-43-5	0	-
635	172.742188	173.619792	F3	34	80	0	0	30570	P1-43-6	0	-
636	174.075521	174.399740	F3	37	80	0	0	30810	P1-43-7	0	-
637	175.255208	177.500000	Bb2	23	80	0	0	31050	P1-44-10	0	-
638	175.270833	177.500000	D3	23	80	0	0	31050	P1-44-11	0	-
639	175.326823	177.299479	F3	30	80	0	0	31050	P1-44-12	0	-
640	175.397135	176.079427	D5	51	80	0	0	31050	P1-44-1	0	-
641	176.222656	176.300781	Eb5	44	80	0	0	31140	P1-44-7	0	-
642	176.330729	176.429688	D5	45	80	0	0	31150	P1-44-8	0	-
643	176.395833	176.480469	C5	53	80	0	0	31160	P1-44-9	0	-
644	176.457031	176.773438	D5	63	80	0	0	31170	P1-44-2	0	-
645	176.744792	176.986979	Eb5	64	80	0	0	31260	P1-44-3	0	-
646	176.985677	177.419271	F5	64	80	0	0	31290	P1-44-4	0	-
647	178.296875	180.239583	Bb3	52	80	0	0	31530	P1-44-6	0	-
648	178.304688	179.489583	Bb1	33	80	0	0	31530	P1-44-13	0	-
649	178.322917	179.299479	D3	33	80	0	0	31530	P1-44-5	0	-
650	178.324219	179.259115	F2	32	80	0	0	31530	P1-44-14	0	-
651	178.324219	179.069010	Bb2	33	80	0	0	31530	P1-44-15	0	-
652	179.847656	182.500000	A3	36	80	0	0	31770	P1-45-2	0	-
653	179.858073	182.500000	Eb3	30	80	0	0	31770	P1-45-3	0	-
654	179.863281	182.500000	C3	30	80	0	0	31770	P1-45-9	0	-
655	179.867188	182.500000	C2	27	80	0	0	31770	P1-45-7	1	-
656	181.078125	181.479167	F3	29	80	0	0	31980	P1-45-4	0	-
657	181.332031	182.000000	Gb3	37	80	0	0	32010	P1-45-5	0	-
658	182.608073	183.158854	Gb3	44	80	0	0	32250	P1-45-6	0	-
659	183.973958	185.619792	Gb3	24	80	0	0	32490	P1-46-13	0	-
660	183.981771	185.408854	Eb4	27	80	0	0	32490	P1-46-11	0	-
661	184.005208	186.188802	C4	30	80	0	0	32490	P1-46-10	0	-
662	184.005208	184.438802	A5	54	80	0	0	32490	P1-46-1	0	-
663	184.826823	184.949219	Bb5	45	80	0	0	32580	P1-46-7	0	-
664	184.924479	184.964844	A5	50	80	0	0	32590	P1-46-8	0	-
665	184.997396	185.089844	G5	46	80	0	0	32600	P1-46-9	0	-
666	185.054688	185.335938	A5	53	80	0	0	32610	P1-46-2	0	-
667	185.348958	185.899740	Bb5	55	80	0	0	32700	P1-46-3	0	-
668	185.621094	186.179688	C6	43	80	0	0	32730	P1-46-4	0	-
669	185.647135	186.399740	F3	21	80	0	0	32730	P1-46-14	0	-
670	186.930990	188.369792	Eb4	38	80	0	0	32970	P1-46-6	0	-
671	186.934896	188.069010	C4	36	80	0	0	32970	P1-46-5	0	-
672	186.934896	187.539062	A2	29	80	0	0	32970	P1-46-15	0	-
673	186.936198	187.559896	A1	33	80	0	0	32970	*	3	-
674	186.942708	187.669271	F3	30	80	0	0	32970	P1-46-12	0	-
675	188.187500	189.729167	Bb1	23	80	0	0	33210	P1-47-7	0	-
676	188.213542	188.259115	Bb2	27	80	0	0	33210	*	3	-
677	188.252604	192.500000	D4	47	80	0	0	33210	P1-47-2	0	-
678	188.268229	189.019531	F3	35	80	0	0	33210	P1-47-1	0	-
679	188.272135	189.809896	Ab3	36	80	0	0	33210	P1-47-3	0	-
680	188.274740	189.039062	Bb2	34	80	0	0	33210	P1-47-8	0	-
681	189.334635	189.869792	Bb3	50	80	0	0	33420	P1-47-4	0	-
682	189.593750	190.679688	B3	60	80	0	0	33420	*	3	-
683	190.897135	191.438802	Cb4	68	80	0	0	33450	P1-47-5	0	-
684	192.010417	193.670573	Cb4	36	80	0	0	33690	P1-47-6	0	-
685	192.082031	194.039062	F4	27	80	0	0	33930	P1-48-10	0	-
686	192.147135	194.169271	Ab4	45	80	0	0	33930	P1-48-11	0	-
687	192.184896	192.889323	D5	63	80	0	0	33930	P1-48-1	0	-
688	192.882812	192.942708	Eb5	57	80	0	0	34020	P1-48-7	0	-
689	192.964844	193.079427	D5	53	80	0	0	34030	P1-48-8	0	-
690	193.036458	193.125000	C5	62	80	0	0	34040	P1-48-9	0	-
691	193.093750	193.420573	D5	73	80	0	0	34050	P1-48-2	0	-
692	193.394531	193.623698	Eb5	77	80	0	0	34140	P1-48-3	0	-
693	193.625000	194.269531	Bb3	51	80	0	0	34170	P1-48-14	0	-
694	193.625000	194.279948	F5	75	80	0	0	34170	P1-48-4	0	-
695	194.755208	195.569010	D3	33	80	0	0	34410	P1-48-15	0	-
696	194.826823	195.429688	Bb3	59	80	0	0	34410	P1-48-12	0	-
697	194.830729	195.699219	F5	89	80	0	0	34410	P1-48-6	0	-
698	194.846354	195.589844	Ab4	71	80	0	0	34410	P1-48-5	0	-
699	196.236979	198.319010	Eb3	37	80	0	0	34650	P1-49-16	0	-
700	196.238281	197.049479	Bb3	38	80	0	0	34650	P1-49-10	0	-
701	196.316406	197.750000	F5	58	80	0	0	34650	P1-49-1	0	-
702	196.322917	198.299479	G4	41	80	0	0	34650	P1-49-6	0	-
703	196.984375	197.658854	B3	58	80	0	0	34770	P1-49-11	0	-
704	197.604167	198.292969	Eb5	68	80	0	0	34890	P1-49-2	0	-
705	197.621094	198.283854	C4	51	80	0	0	34890	P1-49-12	0	-
706	198.242188	198.949219	D5	79	80	0	0	35010	P1-49-3	0	-
707	198.255208	198.979167	D4	56	80	0	0	35010	P1-49-13	0	-
708	198.255208	198.878906	Bb4	63	80	0	0	35010	P1-49-7	0	-
709	198.255208	198.889323	F3	52	80	0	0	35010	P1-49-17	0	-
710	198.875000	199.229167	C5	78	80	0	0	35130	P1-49-4	0	-
711	198.880208	199.569010	Eb4	51	80	0	0	35130	P1-49-14	0	-
712	198.884115	199.279948	G3	51	80	0	0	35130	P1-49-18	0	-
713	198.894531	199.348958	Bb4	67	80	0	0	35130	P1-49-8	0	-
714	199.430990	200.039062	G3	42	80	0	0	35250	P1-49-19	0	-
715	199.515625	199.789062	C5	80	80	0	0	35250	P1-49-5	0	-
716	199.524740	199.938802	E4	50	80	0	0	35250	P1-49-15	0	-
717	199.537760	200.098958	Bb4	63	80	0	0	35250	P1-49-9	0	-
718	199.985677	201.579427	F3	41	80	0	0	35370	P1-50-32	0	-
719	200.098958	201.289062	E4	40	80	0	0	35370	P1-50-28	0	-
720	200.194010	200.225260	C5	51	80	0	0	35385	P1-50-21	0	-
721	200.256510	200.299479	D5	55	80	0	0	35400	P1-50-22	0	-
722	200.332031	200.382812	C5	53	80	0	0	35415	P1-50-23	0	-
723	200.423177	200.479167	D5	55	80	0	0	35430	P1-50-24	0	-
724	200.477865	200.524740	C5	58	80	0	0	35445	P1-50-25	0	-
725	200.557292	200.604167	D5	58	80	0	0	35460	P1-50-1	0	-
726	200.631510	200.688802	C5	62	80	0	0	35475	P1-50-27	0	-
727	200.686198	200.735677	B4	63	80	0	0	35490	P1-50-2	0	-
728	200.756510	200.851562	C5	60	80	0	0	35490	P1-50-3	0	-
729	200.872396	201.348958	D5	64	80	0	0	35490	P1-50-4	0	-
730	201.218750	201.315104	C5	58	80	0	0	35550	P1-50-5	0	-
731	201.583333	202.449219	C5	49	80	0	0	35610	P1-50-6	0	-
732	201.588542	202.619792	F3	28	80	0	0	35610	P1-50-29	1	-
733	201.592448	202.639323	A4	37	80	0	0	35610	P1-50-19	0	-
734	203.035156	203.223958	F3	47	80	0	0	35880	P1-50-9	0	-
735	203.225260	203.459635	G3	54	80	0	0	35910	P1-50-10	0	-
736	203.376302	203.513021	F3	57	80	0	0	35940	P1-50-11	0	-
737	203.542969	203.639323	E3	53	80	0	0	35970	P1-50-12	0	-
738	203.677083	203.839844	F3	58	80	0	0	36000	P1-50-13	0	-
739	203.825521	203.875000	G3	58	80	0	0	36030	P1-50-15	0	-
740	203.884115	204.019531	Eb3	44	80	0	0	36030	P1-50-14	0	-
741	203.984375	204.239583	A3	51	80	0	0	36060	P1-50-17	0	-
742	203.992188	204.187500	C3	56	80	0	0	36060	P1-50-16	0	-
743	204.236979	207.109375	Bb3	46	80	0	0	36090	P1-51-1	0	-
744	204.238281	204.799479	D3	41	80	0	0	36090	P1-51-3	0	-
745	204.240885	204.769531	Bb1	42	80	0	0	36090	P1-51-10	0	-
746	205.286458	205.569010	C3	48	80	0	0	36300	P1-51-4	0	-
747	205.292969	205.549479	Eb3	50	80	0	0	36300	P1-51-5	0	-
748	205.532552	206.729167	D3	48	80	0	0	36330	P1-51-6	0	-
749	205.535156	206.598958	F3	51	80	0	0	36330	P1-51-7	0	-
750	205.705729	205.855469	Bb5	63	80	0	0	36360	P1-51-13	0	-
751	205.863281	205.993490	D6	63	80	0	0	36390	P1-51-14	0	-
752	206.009115	206.121094	Bb5	71	80	0	0	36420	P1-51-15	0	-
753	206.156250	206.285156	F5	66	80	0	0	36450	P1-51-16	0	-
754	206.303385	206.394531	Bb5	65	80	0	0	36480	P1-51-17	0	-
755	206.447917	206.528646	D5	58	80	0	0	36510	P1-51-18	0	-
756	206.592448	206.769531	F5	58	80	0	0	36540	P1-51-19	0	-
757	206.731771	207.309896	F3	35	80	0	0	36570	P1-51-9	0	-
758	206.742188	207.609375	D3	36	80	0	0	36570	P1-51-8	0	-
759	206.774740	206.938802	Bb4	47	80	0	0	36570	P1-51-20	0	-
760	206.923177	207.002604	D5	48	80	0	0	36600	P1-51-21	0	-
761	207.054688	207.136719	F4	46	80	0	0	36630	P1-51-22	0	-
762	207.204427	207.378906	Bb4	44	80	0	0	36660	P1-51-23	0	-
763	207.358073	207.458333	D4	47	80	0	0	36690	P1-51-24	0	-
764	207.526042	207.649740	F4	39	80	0	0	36720	P1-51-25	0	-
765	207.653646	207.839844	Bb3	39	80	0	0	36750	P1-51-26	0	-
766	207.779948	208.009115	D4	41	80	0	0	36780	P1-51-27	0	-
767	207.934896	208.309896	D5	58	80	0	0	36810	P1-52-1	0	-
768	207.934896	208.149740	F3	43	80	0	0	36810	P1-52-9	0	-
769	208.100260	208.269531	Bb3	44	80	0	0	36840	P1-52-10	0	-
770	208.244792	208.500000	D3	43	80	0	0	36870	P1-52-11	0	-
771	208.384115	208.649740	F3	43	80	0	0	36900	P1-52-12	0	-
772	208.561198	208.889323	Bb2	42	80	0	0	36930	P1-52-13	0	-
773	208.578125	208.665365	Eb5	55	80	0	0	36900	P1-52-6	0	-
774	208.670573	208.769531	D5	55	80	0	0	36910	P1-52-7	0	-
775	208.683594	209.119792	D3	43	80	0	0	36960	P1-52-14	0	-
776	208.755208	208.824219	C5	57	80	0	0	36920	P1-52-8	0	-
777	208.845052	208.998698	D5	59	80	0	0	36930	P1-52-2	0	-
778	208.851562	209.389323	F2	49	80	0	0	36990	P1-52-15	0	-
779	208.989583	209.429688	Bb2	45	80	0	0	37020	P1-52-16	0	-
780	209.003906	209.179688	Eb5	65	80	0	0	36930	P1-52-2	1	-
781	209.175781	209.500000	F5	63	80	0	0	37050	P1-52-4	0	-
782	209.183594	209.309896	D2	38	80	0	0	37050	P1-52-17	0	-
783	209.335938	209.688802	Bb1	35	80	0	0	37080	P1-52-18	0	-
784	209.493490	209.639323	D2	37	80	0	0	37110	P1-52-19	0	-
785	209.625000	209.848958	F2	32	80	0	0	37140	P1-52-20	0	-
786	209.783854	210.019531	Bb2	32	80	0	0	37170	P1-52-21	0	-
787	209.894531	210.408854	D2	38	80	0	0	37200	P1-52-22	0	-
788	210.054688	210.539062	F2	38	80	0	0	37230	P1-52-23	0	-
789	210.164062	210.509115	Bb2	43	80	0	0	37260	P1-52-24	0	-
790	210.339844	211.549479	Bb3	62	80	0	0	37290	P1-52-5	0	-
791	210.516927	210.799479	Bb2	38	80	0	0	37320	P1-52-26	0	-
792	210.643229	210.752604	F2	42	80	0	0	37350	P1-52-27	0	-
793	210.778646	210.910156	D2	46	80	0	0	37380	P1-52-28	0	-
794	210.925781	211.408854	Bb2	48	80	0	0	37410	P1-52-29	0	-
795	211.102865	211.192708	F2	46	80	0	0	37440	P1-52-30	0	-
796	211.231771	211.369792	D2	47	80	0	0	37470	P1-52-31	0	-
797	211.342448	211.519531	Bb1	52	80	0	0	37500	P1-52-32	0	-
798	211.519531	212.289062	A3	66	80	0	0	37530	P1-53-1	0	-
799	211.536458	212.019531	F2	49	80	0	0	37530	P1-53-10	1	-
800	211.544271	212.500000	Eb3	50	80	0	0	37530	P1-53-3	0	-
801	211.545573	212.069010	C3	50	80	0	0	37530	P1-53-2	0	-
802	212.303385	213.479167	A3	25	80	0	0	37530	*	3	-
803	212.544271	212.819010	D3	55	80	0	0	37740	P1-53-4	0	-
804	212.546875	212.809896	F3	55	80	0	0	37740	P1-53-5	0	-
805	212.777344	213.769531	Eb3	58	80	0	0	37770	P1-53-6	0	-
806	212.779948	213.819010	Gb3	59	80	0	0	37770	P1-53-7	0	-
807	212.951823	213.111979	C6	66	80	0	0	37800	P1-53-13	0	-
808	213.105469	213.231771	Eb6	66	80	0	0	37830	P1-53-14	0	-
809	213.242188	213.363281	C6	68	80	0	0	37860	P1-53-15	0	-
810	213.389323	213.493490	A5	61	80	0	0	37890	P1-53-16	0	-
811	213.549479	213.759115	C6	54	80	0	0	37920	P1-53-17	0	-
812	213.550781	213.609375	D6	53	80	0	0	-1	*	3	-
813	213.671875	213.829427	Gb5	64	80	0	0	37950	P1-53-18	0	-
814	213.832031	213.934896	A5	62	80	0	0	37980	P1-53-19	0	-
815	213.976562	214.449219	Gb3	48	80	0	0	38010	P1-53-9	0	-
816	213.980469	214.149740	Eb5	60	80	0	0	38010	P1-53-20	0	-
817	214.114583	214.225260	Gb5	56	80	0	0	38040	P1-53-21	0	-
818	214.252604	214.355469	C5	64	80	0	0	38070	P1-53-22	0	-
819	214.403646	214.497396	Eb5	61	80	0	0	38100	P1-53-23	0	-
820	214.536458	214.626302	A4	58	80	0	0	38130	P1-53-24	0	-
821	214.677083	214.746094	C5	61	80	0	0	38160	P1-53-25	0	-
822	214.791667	215.039062	Gb4	48	80	0	0	38190	P1-53-26	0	-
823	214.954427	215.032552	A4	48	80	0	0	38220	P1-53-27	0	-
824	215.071615	215.709635	C6	68	80	0	0	38250	P1-54-1	0	-
825	215.100260	215.299479	Eb4	43	80	0	0	38250	P1-54-11	0	-
826	215.238281	215.449219	Gb4	47	80	0	0	38280	P1-54-12	0	-
827	215.389323	215.589844	C4	46	80	0	0	38310	P1-54-13	0	-
828	215.527344	215.617188	Eb4	41	80	0	0	38340	P1-54-14	0	-
829	215.664062	215.959635	A3	50	80	0	0	38370	P1-54-15	0	-
830	215.736979	215.839844	D6	58	80	0	0	38340	P1-54-8	0	-
831	215.825521	215.919271	C6	64	80	0	0	38350	P1-54-9	0	-
832	215.891927	215.944010	B5	64	80	0	0	38360	P1-54-10	0	-
833	215.964844	216.128906	C6	70	80	0	0	38370	P1-54-2	0	-
834	215.971354	216.169271	Gb3	43	80	0	0	38430	P1-54-17	0	-
835	216.093750	216.302083	D6	70	80	0	0	38370	P1-54-2	1	-
836	216.132812	216.468750	A3	37	80	0	0	38460	P1-54-18	0	-
837	216.273438	217.229167	C3	49	80	0	0	38490	P1-54-19	0	-
838	216.277344	216.819010	Eb6	73	80	0	0	38490	P1-54-4	0	-
839	216.441406	216.639323	Gb3	47	80	0	0	38520	P1-54-20	0	-
840	216.567708	217.229167	Eb3	54	80	0	0	38550	P1-54-21	0	-
841	216.723958	216.817708	A3	53	80	0	0	38580	P1-54-22	0	-
842	216.856771	217.089844	Gb3	58	80	0	0	38610	P1-54-23	0	-
843	216.986979	217.108073	C4	62	80	0	0	38640	P1-54-24	0	-
844	217.136719	217.369792	A3	71	80	0	0	38670	P1-54-25	0	-
845	217.292969	217.500000	Gb3	73	80	0	0	38700	P1-54-26	0	-
846	217.442708	219.289062	Gb4	84	80	0	0	38730	P1-54-7	0	-
847	217.472656	218.619792	Eb4	63	80	0	0	38730	P1-54-6	0	-
848	217.473958	218.419271	C4	55	80	0	0	38730	P1-54-5	0	-
849	217.621094	217.781250	Eb3	57	80	0	0	38760	P1-54-28	0	-
850	217.776042	218.619792	Bb2	62	80	0	0	38790	P1-54-29	0	-
851	217.966146	218.148438	Gb3	62	80	0	0	38820	P1-54-30	0	-
852	218.139323	218.479167	Eb3	60	80	0	0	38850	P1-54-31	0	-
853	218.305990	218.598958	Bb3	63	80	0	0	38880	P1-54-32	0	-
854	218.481771	218.709635	Gb3	57	80	0	0	38910	P1-54-33	0	-
855	218.593750	218.769531	Eb3	58	80	0	0	38940	P1-54-34	0	-
856	218.764323	221.019531	F4	72	80	0	0	38970	P1-55-1	0	-
857	218.776042	219.709635	Eb4	69	80	0	0	38970	P1-55-6	0	-
858	218.782552	219.079427	A2	55	80	0	0	38970	P1-55-15	0	-
859	218.791667	219.128906	C4	63	80	0	0	38970	P1-55-5	0	-
860	219.424479	219.908854	A3	59	80	0	0	39090	P1-55-7	0	-
861	219.425781	219.899740	C4	62	80	0	0	39090	P1-55-8	0	-
862	219.882812	220.087240	D4	56	80	0	0	39180	P1-55-10	0	-
863	219.888021	220.084635	B3	55	80	0	0	39180	P1-55-9	0	-
864	220.113281	221.000000	C4	54	80	0	0	39210	P1-55-11	0	-
865	220.113281	221.199219	Eb4	52	80	0	0	39210	P1-55-12	0	-
866	220.261719	220.424479	C6	66	80	0	0	39240	P1-55-18	0	-
867	220.417969	220.549479	Eb6	67	80	0	0	39270	P1-55-19	0	-
868	220.558594	220.682292	C6	67	80	0	0	39300	P1-55-20	0	-
869	220.720052	220.812500	A5	60	80	0	0	39330	P1-55-21	0	-
870	220.856771	220.953125	C6	52	80	0	0	39360	P1-55-22	0	-
871	220.864583	220.869792	D6	48	80	0	0	-1	*	3	-
872	221.016927	221.114583	Eb5	61	80	0	0	39390	P1-55-23	0	-
873	221.169271	221.259115	A5	52	80	0	0	39420	P1-55-24	0	-
874	221.304688	221.500000	C5	59	80	0	0	39450	P1-55-25	0	-
875	221.305990	221.319010	A4	49	80	0	0	-1	*	3	-
876	221.312500	221.908854	C4	51	80	0	0	39450	P1-55-13	0	-
877	221.313802	221.759115	Eb4	46	80	0	0	39450	P1-55-14	0	-
878	221.442708	221.658854	Eb5	58	80	0	0	39480	P1-55-26	0	-
879	221.598958	221.704427	A4	61	80	0	0	39510	P1-55-27	0	-
880	221.764323	221.908854	C5	42	80	0	0	39540	P1-55-28	0	-
881	221.930990	222.229167	Eb4	44	80	0	0	39570	P1-55-29	0	-
882	222.057292	222.218750	A4	52	80	0	0	39600	P1-55-30	0	-
883	222.205729	222.509115	C6	75	80	0	0	39630	P1-55-4	0	-
884	222.231771	222.473958	C4	47	80	0	0	39630	P1-55-31	0	-
885	222.378906	222.649740	Eb4	35	80	0	0	39660	P1-55-32	0	-
886	222.515625	223.179688	C6	71	80	0	0	39690	P1-56-1	0	-
887	222.520833	222.829427	A3	48	80	0	0	39690	P1-56-11	0	-
888	222.716146	222.856771	C4	41	80	0	0	39720	P1-56-12	0	-
889	222.907552	222.984375	F3	51	80	0	0	39750	P1-56-13	0	-
890	223.019531	223.096354	A3	47	80	0	0	39780	P1-56-14	0	-
891	223.164062	223.277344	C3	53	80	0	0	39810	P1-56-15	0	-
892	223.223958	223.307292	D6	61	80	0	0	39780	P1-56-8	0	-
893	223.321615	223.377604	C6	67	80	0	0	39790	P1-56-9	0	-
894	223.322917	223.415365	F3	45	80	0	0	39840	P1-56-16	0	-
895	223.378906	223.450521	B5	69	80	0	0	39800	P1-56-10	0	-
896	223.457031	223.653646	C6	73	80	0	0	39810	P1-56-2	0	-
897	223.463542	223.938802	A2	48	80	0	0	39870	P1-56-17	0	-
898	223.634115	223.868490	D6	77	80	0	0	39900	P1-56-3	0	-
899	223.654948	223.919271	C3	41	80	0	0	39900	P1-56-18	0	-
900	223.817708	224.109375	F2	48	80	0	0	39930	P1-56-19	0	-
901	223.822917	224.399740	Eb6	75	80	0	0	39930	P1-56-4	0	-
902	224.104167	224.408854	C2	51	80	0	0	39990	P1-56-21	0	-
903	224.282552	224.500000	F2	41	80	0	0	40020	P1-56-22	0	-
904	224.399740	224.628906	A1	52	80	0	0	40050	P1-56-23	0	-
905	224.545573	224.938802	C2	51	80	0	0	40080	P1-56-24	0	-
906	224.690104	224.779948	F1	50	80	0	0	40110	P1-56-25	0	-
907	224.802083	225.049479	A1	51	80	0	0	40140	P1-56-26	0	-
908	224.972656	226.348958	Eb5	82	80	0	0	40170	P1-56-7	0	-
909	224.985677	226.279948	A4	63	80	0	0	40170	P1-56-5	0	-
910	224.986979	226.139323	C5	67	80	0	0	40170	P1-56-6	0	-
911	225.148438	225.250000	F#1	55	80	0	0	40200	P1-56-28	0	-
912	225.282552	225.459635	A1	53	80	0	0	40230	P1-56-29	0	-
913	225.397135	225.639323	C2	55	80	0	0	40260	P1-56-30	0	-
914	225.576823	225.699219	F#2	51	80	0	0	40290	P1-56-31	0	-
915	225.734375	225.832031	A2	48	80	0	0	40320	P1-56-32	0	-
916	225.884115	226.049479	C3	49	80	0	0	40350	P1-56-33	0	-
917	226.042969	226.149740	F#3	57	80	0	0	40380	P1-56-34	0	-
918	226.253906	227.500000	D5	58	80	0	0	40410	P1-57-2	0	-
919	226.274740	226.809896	Bb4	45	80	0	0	40410	P1-57-1	0	-
920	226.430990	226.582031	G1	49	80	0	0	40440	P1-57-11	0	-
921	226.601562	226.714844	Bb1	45	80	0	0	40470	P1-57-12	0	-
922	226.734375	226.881510	D2	55	80	0	0	40500	P1-57-13	0	-
923	226.894531	227.579427	G2	46	80	0	0	40530	P1-57-14	0	-
924	227.036458	227.500000	Bb2	55	80	0	0	40560	P1-57-15	0	-
925	227.173177	227.298177	D3	51	80	0	0	40590	P1-57-16	0	-
926	227.325521	227.609375	G3	62	80	0	0	40620	P1-57-17	0	-
927	227.488281	228.348958	G5	97	80	0	0	40650	P1-57-4	0	-
928	227.707031	227.864583	E2	68	80	0	0	40680	P1-57-19	0	-
929	227.876302	228.015625	G2	61	80	0	0	40710	P1-57-20	0	-
930	228.029948	228.125000	Bb2	62	80	0	0	40740	P1-57-21	0	-
931	228.154948	228.261719	E3	57	80	0	0	40770	P1-57-22	0	-
932	228.315104	228.433594	G3	62	80	0	0	40800	P1-57-23	0	-
933	228.480469	228.575521	Bb3	60	80	0	0	40830	P1-57-24	0	-
934	228.621094	228.799479	G3	62	80	0	0	40860	P1-57-25	0	-
935	228.795573	229.829427	G4	92	80	0	0	40890	P1-57-6	0	-
936	228.798177	229.658854	Bb4	90	80	0	0	40890	P1-57-7	0	-
937	228.799479	229.979167	Db5	87	80	0	0	40890	P1-57-8	0	-
938	228.802083	228.959635	Db4	78	80	0	0	40890	P1-57-26	0	-
939	228.950521	229.199219	Bb3	58	80	0	0	40920	P1-57-27	0	-
940	229.144531	229.239583	G3	50	80	0	0	40950	P1-57-28	0	-
941	229.296875	229.394531	E3	54	80	0	0	40980	P1-57-29	0	-
942	229.444010	229.542969	Db3	55	80	0	0	41010	P1-57-30	0	-
943	229.584635	229.707031	Bb2	55	80	0	0	41040	P1-57-31	0	-
944	229.764323	229.908854	G2	51	80	0	0	41070	P1-57-32	0	-
945	229.915365	229.979167	E2	50	80	0	0	41100	P1-57-33	0	-
946	230.295573	231.830729	F5	71	80	0	0	41130	P1-58-1	0	-
947	230.507812	230.779948	F2	37	80	0	0	41160	P1-58-13	0	-
948	230.694010	230.830729	Bb2	47	80	0	0	41190	P1-58-14	0	-
949	230.848958	230.984375	D3	40	80	0	0	41220	P1-58-15	0	-
950	231.007812	231.153646	F3	44	80	0	0	41250	P1-58-16	0	-
951	231.178385	231.369792	D3	42	80	0	0	41280	P1-58-17	0	-
952	231.335938	231.445312	Bb2	46	80	0	0	41310	P1-58-18	0	-
953	231.486979	231.595052	F2	36	80	0	0	41340	P1-58-19	0	-
954	231.653646	231.812500	F4	39	80	0	0	41370	P1-58-8	0	-
955	231.657552	231.929688	D5	48	80	0	0	41370	P1-58-10	0	-
956	231.660156	232.128906	Bb4	43	80	0	0	41370	P1-58-9	0	-
957	231.861979	232.098958	F2	30	80	0	0	41400	P1-58-21	0	-
958	232.018229	232.134115	Bb2	43	80	0	0	41430	P1-58-22	0	-
959	232.147135	232.359375	D3	40	80	0	0	41460	P1-58-23	0	-
960	232.341146	232.494792	F3	42	80	0	0	41490	P1-58-24	0	-
961	232.486979	232.625000	D3	43	80	0	0	41520	P1-58-25	0	-
962	232.635417	232.824219	Bb2	55	80	0	0	41550	P1-58-26	0	-
963	232.790365	233.229167	F2	47	80	0	0	41580	P1-58-27	0	-
964	232.973958	234.319010	A4	48	80	0	0	41610	P1-58-5	0	-
965	232.985677	233.125000	Eb3	48	80	0	0	41610	P1-58-28	0	-
966	232.992188	236.438802	F4	42	80	0	0	41610	P1-58-4	0	-
967	232.994792	233.949219	C4	43	80	0	0	41610	P1-58-2	0	-
968	233.177083	233.332031	C3	46	80	0	0	41640	P1-58-29	0	-
969	233.355469	233.472656	A2	35	80	0	0	41670	P1-58-30	0	-
970	233.490885	233.729167	F2	35	80	0	0	41700	P1-58-31	0	-
971	233.614583	233.699219	Eb2	40	80	0	0	41730	P1-58-32	0	-
972	233.795573	233.891927	C2	39	80	0	0	41760	P1-58-33	0	-
973	234.082031	234.278646	F1	36	80	0	0	41820	P1-58-35	0	-
974	234.286458	234.658854	Bb1	37	80	0	0	41850	P1-59-8	0	-
975	234.295573	234.658854	Bb4	39	80	0	0	41850	P1-59-4	0	-
976	234.302083	236.399740	D4	32	80	0	0	41850	P1-59-2	0	-
977	234.321615	237.089844	Bb3	30	80	0	0	41850	P1-59-1	0	-
978	235.295573	235.345052	Bb2	28	80	0	0	42030	P1-59-10	0	-
979	235.404948	235.455729	Bb1	34	80	0	0	42050	P1-59-11	0	-
980	235.475260	235.582031	Bb2	44	80	0	0	42070	P1-59-12	0	-
981	235.615885	236.139323	Bb1	39	80	0	0	42090	P1-59-13	0	-
982	236.583333	236.683594	Bb2	38	80	0	0	42270	P1-59-15	0	-
983	236.717448	236.777344	Bb1	30	80	0	0	42290	P1-59-16	0	-
984	236.802083	237.250000	Bb2	34	80	0	0	42310	P1-59-17	0	-
985	236.936198	237.779948	Bb1	37	80	0	0	42330	P1-59-18	0	-
986	237.822917	237.959635	Bb2	24	80	0	0	42510	P1-59-20	0	-
987	237.933594	238.158854	Bb1	26	80	0	0	42530	P1-59-21	0	-
988	238.046875	239.098958	Bb2	30	80	0	0	42550	P1-59-22	0	-
989	238.156250	239.559896	F4	56	80	0	0	42570	P1-60-3	0	-
990	238.169271	239.639323	Bb1	37	80	0	0	42570	P1-60-10	0	-
991	238.173177	238.968750	D4	43	80	0	0	42570	*	3	-
992	238.184896	238.938802	Bb3	40	80	0	0	42570	P1-60-2	0	-
993	238.190104	239.059896	Ab3	39	80	0	0	42570	P1-60-1	0	-
994	239.411458	240.908854	Eb4	55	80	0	0	42810	P1-60-6	0	-
995	239.430990	240.389323	Bb3	38	80	0	0	42810	P1-60-5	0	-
996	239.444010	240.579427	G3	35	80	0	0	42810	P1-60-4	0	-
997	240.704427	241.519531	D4	42	80	0	0	43050	P1-60-9	0	-
998	240.712240	241.679688	Bb3	32	80	0	0	43050	P1-60-8	0	-
999	240.722656	241.598958	F#3	30	80	0	0	43050	P1-60-7	0	-
1000	241.966146	242.949219	D4	44	80	0	0	43290	P1-61-3	0	-
1001	241.998698	242.619792	F#3	28	80	0	0	43290	P1-61-1	0	-
1002	242.000000	243.329427	Bb3	33	80	0	0	43290	P1-61-2	0	-
1003	243.018229	243.218750	Bb2	25	80	0	0	43470	P1-61-11	0	-
1004	243.144531	243.319010	Bb1	27	80	0	0	43490	P1-61-12	0	-
1005	243.229167	243.479167	Bb2	29	80	0	0	43510	P1-61-13	0	-
1006	243.364583	245.750000	Eb4	35	80	0	0	43530	P1-61-6	0	-
1007	243.373698	243.477865	Bb1	34	80	0	0	43530	P1-61-14	0	-
1008	243.382812	244.938802	G3	30	80	0	0	43530	P1-61-4	0	-
1009	244.321615	244.468750	Bb2	29	80	0	0	43710	P1-61-16	0	-
1010	244.423177	244.497396	Bb1	32	80	0	0	43730	P1-61-17	0	-
1011	244.557292	244.718750	Bb2	24	80	0	0	43750	P1-61-18	0	-
1012	244.643229	244.979167	Bb1	39	80	0	0	43770	P1-61-19	0	-
1013	245.546875	245.604167	Bb2	33	80	0	0	43950	P1-61-21	0	-
1014	245.669271	245.829427	Bb1	29	80	0	0	43970	P1-61-22	0	-
1015	245.776042	246.378906	Bb2	31	80	0	0	43990	P1-61-23	0	-
1016	245.920573	245.989583	Bb1	37	80	0	0	44010	P1-62-10	0	-
1017	245.921875	247.438802	Ab4	59	80	0	0	44010	P1-62-3	0	-
1018	245.932292	247.299479	Bb3	36	80	0	0	44010	P1-62-1	0	-
1019	247.276042	248.769531	G4	46	80	0	0	44250	P1-62-6	0	-
1020	247.281250	248.769531	Eb4	36	80	0	0	44250	P1-62-5	0	-
1021	247.312500	247.959635	Bb3	28	80	0	0	44250	P1-62-4	0	-
1022	248.658854	249.459635	F#4	34	80	0	0	44490	P1-62-9	0	-
1023	248.664062	249.519531	D4	27	80	0	0	44490	P1-62-8	0	-
1024	248.666667	249.329427	Bb3	28	80	0	0	44490	P1-62-7	0	-
1025	249.973958	251.438802	F#4	37	80	0	0	44730	P1-63-2	0	-
1026	249.984375	251.209635	D4	29	80	0	0	44730	P1-63-1	0	-
1027	249.993490	250.688802	Bb3	29	80	0	0	44730	P1-63-8	0	-
1028	250.981771	251.055990	Eb3	35	80	0	0	44910	P1-63-12	1	-
1029	251.121094	251.359375	Eb2	31	80	0	0	44930	P1-63-13	1	-
1030	251.220052	251.609375	Eb3	37	80	0	0	44950	P1-63-14	1	-
1031	251.360677	253.059896	G4	45	80	0	0	44970	P1-63-4	0	-
1032	251.364583	252.319010	Eb2	34	80	0	0	44970	P1-63-15	1	-
1033	252.274740	252.346354	Eb3	35	80	0	0	45150	P1-63-17	1	-
1034	252.410156	252.619792	Eb2	27	80	0	0	45170	P1-63-18	1	-
1035	252.509115	252.899740	Eb3	37	80	0	0	45190	P1-63-19	1	-
1036	252.625000	253.259115	Eb2	34	80	0	0	45210	P1-63-20	1	-
1037	253.246094	253.598958	G4	57	80	0	0	45330	P1-63-7	0	-
1038	253.515625	253.584635	Eb3	39	80	0	0	45390	P1-63-22	1	-
1039	253.678385	256.789062	Eb2	30	80	0	0	45410	P1-63-23	1	-
1040	253.768229	255.329427	Eb3	41	80	0	0	45430	P1-63-24	1	-
1041	253.929688	255.658854	Eb5	70	80	0	0	45450	P1-64-2	0	-
1042	253.949219	254.968750	G4	44	80	0	0	45450	P1-64-1	0	-
1043	255.144531	255.569010	Eb4	54	80	0	0	45690	P1-64-3	0	-
1044	255.147135	256.128906	C5	74	80	0	0	45690	P1-64-5	0	-
1045	255.178385	255.679688	G4	52	80	0	0	45690	P1-64-4	0	-
1046	256.355469	257.128906	Bb4	75	80	0	0	45930	P1-64-8	0	-
1047	256.365885	256.829427	D4	50	80	0	0	45930	P1-64-6	0	-
1048	256.375000	256.899740	G4	49	80	0	0	45930	P1-64-7	0	-
1049	257.894531	259.619792	A4	41	80	0	0	46170	P1-65-3	0	-
1050	257.914062	259.669271	F4	30	80	0	0	46170	P1-65-2	0	-
1051	257.915365	259.468750	C4	35	80	0	0	46170	P1-65-1	0	-
1052	259.014323	259.128906	F2	27	80	0	0	46370	P1-65-16	1	-
1053	259.087240	259.229167	F3	20	80	0	0	46390	P1-65-17	1	-
1054	259.247396	259.348958	F2	30	80	0	0	46410	P1-65-18	1	-
1055	259.852865	260.369792	A4	57	80	0	0	46530	P1-65-6	0	-
1056	259.854167	260.319010	F4	40	80	0	0	46530	P1-65-5	0	-
1057	259.873698	260.128906	C4	34	80	0	0	46530	P1-65-4	0	-
1058	260.231771	260.239583	F6	47	80	0	0	46590	P1-65-20	0	-
1059	260.292969	260.399740	F5	59	80	0	0	46610	P1-65-21	0	-
1060	260.480469	261.089844	F5	60	80	0	0	46650	P1-65-23	0	-
1061	260.483073	261.209635	Bb4	60	80	0	0	46650	P1-65-9	0	-
1062	260.489583	260.929688	D4	41	80	0	0	46650	P1-65-7	0	-
1063	260.489583	260.899740	F4	41	80	0	0	46650	P1-65-8	0	-
1064	261.121094	261.549479	C5	71	80	0	0	46770	P1-65-12	0	-
1065	261.161458	261.579427	Eb4	40	80	0	0	46770	P1-65-10	0	-
1066	261.162760	261.589844	F4	39	80	0	0	46770	P1-65-11	0	-
1067	261.802083	262.468750	C5	54	80	0	0	46890	P1-66-2	0	-
1068	261.815104	262.348958	F4	34	80	0	0	46890	P1-66-16	0	-
1069	261.817708	262.299479	Eb4	35	80	0	0	46890	P1-66-1	0	-
1070	262.763021	262.929688	F3	32	80	0	0	47070	P1-66-19	1	-
1071	262.765625	263.348958	A4	38	80	0	0	47070	P1-66-4	0	-
1072	262.781250	263.065104	F4	29	80	0	0	-1	*	3	-
1073	262.785156	263.069010	C#4	29	80	0	0	47070	P1-66-3	0	-
1074	262.906250	263.059896	F2	30	80	0	0	47090	P1-66-20	1	-
1075	263.006510	263.098958	F3	31	80	0	0	47110	P1-66-21	1	-
1076	263.125000	263.309896	F2	42	80	0	0	47130	P1-66-22	1	-
1077	263.126302	263.399740	D4	36	80	0	0	47130	P1-66-5	0	-
1078	263.127604	263.500000	Bb4	45	80	0	0	47130	P1-66-6	0	-
1079	263.721354	264.468750	Bb4	59	80	0	0	47250	P1-66-9	0	-
1080	263.727865	264.279948	F4	37	80	0	0	47250	P1-66-8	0	-
1081	263.731771	264.329427	D4	37	80	0	0	47250	P1-66-7	0	-
1082	264.074219	264.179688	F6	54	80	0	0	47310	P1-66-24	0	-
1083	264.184896	264.279948	F5	62	80	0	0	47330	P1-66-25	0	-
1084	264.263021	264.419271	F6	61	80	0	0	47350	P1-66-26	0	-
1085	264.351562	265.039062	C5	80	80	0	0	47370	P1-66-12	0	-
1086	264.355469	265.039062	A4	59	80	0	0	47370	P1-66-11	0	-
1087	264.361979	264.489583	F5	67	80	0	0	47370	P1-66-27	0	-
1088	264.363281	264.779948	F4	49	80	0	0	47370	P1-66-10	0	-
1089	264.954427	265.399740	D5	76	80	0	0	47490	P1-66-15	0	-
1090	264.973958	265.419271	F4	41	80	0	0	47490	P1-66-13	0	-
1091	264.973958	265.408854	Bb4	54	80	0	0	47490	P1-66-14	0	-
1092	265.636719	266.848958	D5	65	80	0	0	47610	P1-67-2	0	-
1093	265.665365	266.848958	F4	40	80	0	0	47610	P1-67-16	0	-
1094	265.669271	266.529948	Bb4	40	80	0	0	47610	P1-67-1	0	-
1095	266.557292	266.605469	F3	41	80	0	0	47790	P1-67-20	1	-
1096	266.595052	266.938802	B4	46	80	0	0	47790	P1-67-4	0	-
1097	266.600260	266.889323	G#4	45	80	0	0	47790	P1-67-3	0	-
1098	266.677083	266.809896	F2	41	80	0	0	47810	P1-67-21	1	-
1099	266.765625	266.804688	F3	43	80	0	0	47830	P1-67-22	1	-
1100	266.891927	267.069010	F2	47	80	0	0	47850	P1-67-23	1	-
1101	266.893229	267.299479	C5	66	80	0	0	47850	P1-67-6	0	-
1102	266.914062	267.309896	A4	52	80	0	0	47850	P1-67-5	0	-
1103	267.498698	268.169271	C5	72	80	0	0	47970	P1-67-9	0	-
1104	267.514323	268.699219	A4	53	80	0	0	47970	P1-67-8	0	-
1105	267.520833	268.389323	F4	46	80	0	0	47970	P1-67-7	0	-
1106	267.834635	267.919271	F6	60	80	0	0	48030	P1-67-25	0	-
1107	267.912760	267.968750	F5	63	80	0	0	48050	P1-67-26	0	-
1108	268.001302	268.139323	F6	66	80	0	0	48070	P1-67-27	0	-
1109	268.104167	268.750000	D5	74	80	0	0	48090	P1-67-12	0	-
1110	268.105469	268.399740	F5	75	80	0	0	48090	P1-67-28	0	-
1111	268.108073	268.799479	Bb4	64	80	0	0	48090	P1-67-11	0	-
1112	268.734375	269.179688	Eb5	77	80	0	0	48210	P1-67-15	0	-
1113	268.735677	269.209635	F4	44	80	0	0	48210	P1-67-13	0	-
1114	268.743490	269.139323	C5	56	80	0	0	48210	P1-67-14	0	-
1115	269.417969	270.609375	Eb5	76	80	0	0	48330	P1-68-2	0	-
1116	269.440104	270.399740	F4	47	80	0	0	48330	P1-68-18	0	-
1117	269.447917	270.179688	C5	59	80	0	0	48330	P1-68-1	0	-
1118	270.391927	270.455729	F3	48	80	0	0	48510	P1-68-22	1	-
1119	270.401042	270.639323	C#5	67	80	0	0	48510	P1-68-4	0	-
1120	270.410156	270.739583	A4	50	80	0	0	48510	P1-68-3	0	-
1121	270.414062	271.059896	F4	45	80	0	0	-1	*	3	-
1122	270.486979	270.669271	F2	42	80	0	0	48530	P1-68-23	1	-
1123	270.566406	270.739583	F3	52	80	0	0	48550	P1-68-24	1	-
1124	270.675781	270.979167	F2	59	80	0	0	48570	P1-68-25	1	-
1125	270.694010	271.188802	D5	76	80	0	0	48570	P1-68-6	0	-
1126	270.704427	271.149740	Bb4	59	80	0	0	48570	P1-68-5	0	-
1127	271.359375	271.929688	D5	80	80	0	0	48690	P1-68-9	0	-
1128	271.380208	271.869792	F4	52	80	0	0	48690	P1-68-7	0	-
1129	271.381510	271.929688	Bb4	62	80	0	0	48690	P1-68-8	0	-
1130	271.725260	271.774740	F6	72	80	0	0	48750	P1-68-27	0	-
1131	271.798177	271.867188	F5	69	80	0	0	48770	P1-68-28	0	-
1132	271.893229	272.009115	F6	67	80	0	0	48790	P1-68-29	0	-
1133	271.993490	272.559896	E5	84	80	0	0	48810	P1-68-13	0	-
1134	272.001302	272.688802	F5	88	80	0	0	48810	P1-68-30	0	-
1135	272.006510	272.628906	G4	78	80	0	0	48810	P1-68-10	0	-
1136	272.014323	272.699219	Bb4	72	80	0	0	48810	P1-68-11	0	-
1137	272.014323	272.649740	Db5	73	80	0	0	48810	P1-68-12	0	-
1138	272.800781	273.250000	E5	78	80	0	0	48930	P1-68-17	0	-
1139	272.822917	273.619792	G4	59	80	0	0	48930	P1-68-14	0	-
1140	272.826823	273.639323	Bb4	56	80	0	0	48930	P1-68-15	0	-
1141	272.829427	273.598958	Db5	59	80	0	0	48930	P1-68-16	0	-
1142	273.111979	273.259115	F6	60	80	0	0	48990	P1-68-32	0	-
1143	273.199219	273.285156	F5	60	80	0	0	49010	P1-68-33	0	-
1144	273.322917	273.609375	F6	56	80	0	0	49030	P1-68-34	0	-
1145	273.571615	274.000000	F5	63	80	0	0	49050	P1-69-3	0	-
1146	273.595052	274.039062	A4	32	80	0	0	49050	P1-69-1	0	-
1147	273.596354	274.000000	C5	43	80	0	0	49050	P1-69-2	0	-
1148	274.226562	274.878906	F4	39	80	0	0	49170	P1-69-4	0	-
1149	274.246094	275.049479	A4	34	80	0	0	49170	P1-69-5	0	-
1150	274.246094	274.829427	C5	46	80	0	0	49170	P1-69-6	0	-
1151	274.654948	274.709635	F3	37	80	0	0	49230	P1-69-18	0	-
1152	274.739583	274.959635	F2	40	80	0	0	49260	P1-69-19	0	-
1153	274.835938	275.059896	F3	53	80	0	0	49290	P1-69-20	0	-
1154	275.433594	275.979167	C5	70	80	0	0	49410	P1-69-9	0	-
1155	275.437500	275.908854	A4	55	80	0	0	49410	P1-69-8	0	-
1156	275.442708	275.779948	F4	44	80	0	0	49410	P1-69-7	0	-
1157	275.841146	276.009115	F6	55	80	0	0	49470	P1-69-22	0	-
1158	275.923177	276.128906	F5	57	80	0	0	49500	P1-69-23	0	-
1159	276.036458	277.039062	E5	71	80	0	0	49530	P1-69-12	0	-
1160	276.040365	276.419271	E6	67	80	0	0	49530	P1-69-24	1	-
1161	276.063802	276.500000	Bb4	50	80	0	0	49530	P1-69-11	0	-
1162	276.074219	276.529948	G4	44	80	0	0	49530	P1-69-10	0	-
1163	276.656250	277.229167	C5	71	80	0	0	49650	P1-69-15	0	-
1164	276.694010	277.049479	Bb4	54	80	0	0	49650	P1-69-14	0	-
1165	276.695312	277.279948	G4	44	80	0	0	49650	P1-69-13	0	-
1166	277.300781	278.619792	F5	69	80	0	0	49770	P1-70-3	0	-
1167	277.325521	277.613281	A4	34	80	0	0	49770	P1-70-2	0	-
1168	277.338542	277.617188	F4	29	80	0	0	49770	P1-70-1	0	-
1169	277.993490	278.718750	C5	60	80	0	0	49890	P1-70-6	0	-
1170	278.003906	278.859375	A4	45	80	0	0	49890	P1-70-5	0	-
1171	278.016927	278.848958	F4	32	80	0	0	49890	P1-70-4	0	-
1172	278.371094	278.424479	F3	45	80	0	0	49950	P1-70-18	0	-
1173	278.473958	278.739583	F2	39	80	0	0	49980	P1-70-19	0	-
1174	278.579427	278.899740	F3	51	80	0	0	50010	P1-70-20	0	-
1175	279.203125	279.779948	C5	65	80	0	0	50130	P1-70-9	0	-
1176	279.214844	279.688802	A4	46	80	0	0	50130	P1-70-8	0	-
1177	279.218750	279.539062	F4	37	80	0	0	50130	P1-70-7	0	-
1178	279.625000	279.759115	F6	47	80	0	0	50190	P1-70-22	0	-
1179	279.716146	279.938802	F5	53	80	0	0	50220	P1-70-23	0	-
1180	279.816406	279.929688	F6	49	80	0	0	50250	P1-70-24	0	-
1181	279.854167	280.149740	E6	60	80	0	0	50250	*	3	-
1182	279.861979	280.829427	E5	63	80	0	0	50250	P1-70-12	0	-
1183	279.884115	280.309896	Bb4	47	80	0	0	50250	P1-70-11	0	-
1184	279.886719	280.359375	G4	40	80	0	0	50250	P1-70-10	0	-
1185	280.604167	281.348958	C5	64	80	0	0	50370	P1-70-15	0	-
1186	280.625000	281.348958	Bb4	46	80	0	0	50370	P1-70-14	0	-
1187	280.636719	280.809896	G5	41	80	0	0	50370	*	3	-
1188	280.647135	281.209635	G4	32	80	0	0	50370	P1-70-13	0	-
1189	281.292969	282.299479	F5	57	80	0	0	50490	P1-71-3	0	-
1190	281.303385	281.699219	F4	31	80	0	0	50490	P1-71-1	0	-
1191	281.303385	281.617188	A4	33	80	0	0	50490	P1-71-2	0	-
1192	281.967448	282.949219	A4	38	80	0	0	50610	P1-71-5	0	-
1193	281.971354	284.119792	C5	49	80	0	0	50610	P1-71-6	0	-
1194	281.972656	282.979167	F4	31	80	0	0	50610	P1-71-4	0	-
1195	282.367188	282.421875	F3	37	80	0	0	50670	P1-71-15	0	-
1196	282.464844	282.769531	F2	35	80	0	0	50700	P1-71-16	0	-
1197	282.578125	282.848958	F3	44	80	0	0	50730	P1-71-17	0	-
1198	283.243490	286.019531	A4	44	80	0	0	50850	P1-71-9	0	-
1199	283.264323	284.359375	F4	31	80	0	0	50850	P1-71-8	0	-
1200	283.273438	284.259115	C4	32	80	0	0	50850	P1-71-7	0	-
1201	283.684896	283.752604	F3	33	80	0	0	50910	P1-71-19	0	-
1202	283.923177	283.977865	F3	35	80	0	0	50970	P1-71-21	0	-
1203	284.584635	285.579427	F4	24	80	0	0	51090	P1-71-12	0	-
1204	284.597656	285.539062	C4	27	80	0	0	51090	P1-71-11	0	-
1205	284.627604	285.199219	A3	27	80	0	0	51090	P1-71-10	0	-
1206	285.029948	285.098958	F3	30	80	0	0	51150	P1-71-23	0	-
1207	285.149740	285.419271	F2	28	80	0	0	51180	P1-71-24	0	-
1208	285.261719	285.399740	F3	32	80	0	0	51210	P1-72-13	0	-
1209	285.907552	287.319010	F4	48	80	0	0	51330	P1-72-14	0	-
1210	286.600260	287.429688	E4	49	80	0	0	51450	P1-72-15	0	-
1211	287.325521	288.919271	F4	39	80	0	0	51570	P1-72-19	0	-
1212	287.325521	288.139323	Eb4	43	80	0	0	51570	P1-72-16	0	-
1213	288.010417	288.828125	D4	42	80	0	0	51690	P1-72-17	0	-
1214	288.402344	288.473958	G4	40	80	0	0	51750	P1-72-7	0	-
1215	288.615885	288.684896	A4	36	80	0	0	51780	P1-72-8	0	-
1216	288.826823	289.489583	Bb4	45	80	0	0	51810	P1-72-9	0	-
1217	288.872396	289.108073	Eb4	27	80	0	0	51810	P1-72-20	0	-
1218	288.881510	289.117188	C4	28	80	0	0	51810	P1-72-18	0	-
1219	289.035156	289.247396	C5	46	80	0	0	51840	P1-72-10	0	-
1220	289.252604	289.520833	D5	51	80	0	0	51870	P1-72-11	0	-
1221	289.470052	289.738281	Eb5	54	80	0	0	51900	P1-72-12	0	-
1222	289.688802	290.000000	Bb2	21	80	0	0	51930	P1-73-9	0	-
1223	289.761719	292.109375	F5	55	80	0	0	51930	P1-73-1	0	-
1224	290.453125	291.319010	Bb3	28	80	0	0	52050	P1-73-10	0	-
1225	291.076823	292.169271	Bb4	34	80	0	0	52170	P1-73-7	0	-
1226	291.089844	292.389323	D4	27	80	0	0	52170	P1-73-11	0	-
1227	291.102865	292.359375	F4	22	80	0	0	52170	P1-73-12	0	-
1228	291.713542	292.389323	Bb3	29	80	0	0	52290	P1-73-13	0	-
1229	292.154948	292.372396	D5	51	80	0	0	52380	P1-73-3	0	-
1230	292.363281	293.699219	Bb5	53	80	0	0	52410	P1-73-4	0	-
1231	292.364583	293.559896	Eb4	29	80	0	0	52410	P1-73-14	0	-
1232	292.381510	294.389323	Bb4	35	80	0	0	52410	P1-73-8	0	-
1233	292.393229	293.299479	G4	26	80	0	0	52410	P1-73-15	0	-
1234	293.071615	293.819010	Bb3	23	80	0	0	52530	P1-73-16	0	-
1235	293.460938	293.695312	G5	59	80	0	0	52620	P1-73-5	0	-
1236	293.666667	295.429688	F5	56	80	0	0	52650	P1-74-1	0	-
1237	293.667969	294.479167	D4	29	80	0	0	52650	P1-74-10	0	-
1238	293.671875	294.369792	F4	33	80	0	0	52650	P1-74-11	0	-
1239	294.352865	295.199219	Bb3	29	80	0	0	52770	P1-74-12	0	-
1240	294.964844	296.098958	Bb4	35	80	0	0	52890	P1-74-7	0	-
1241	294.967448	295.729167	D4	28	80	0	0	52890	P1-74-13	0	-
1242	294.973958	295.709635	F4	24	80	0	0	52890	P1-74-14	0	-
1243	295.636719	296.250000	Bb3	26	80	0	0	53010	P1-74-15	0	-
1244	296.057292	296.294271	D5	55	80	0	0	53100	P1-74-3	0	-
1245	296.264323	297.500000	Eb5	58	80	0	0	53130	P1-74-4	0	-
1246	296.291667	297.389323	Bb4	35	80	0	0	53130	P1-74-8	0	-
1247	296.294271	297.158854	G3	30	80	0	0	53130	P1-74-16	0	-
1248	296.944010	297.309896	Eb3	32	80	0	0	53250	P1-74-17	0	-
1249	296.953125	297.438802	G4	28	80	0	0	53250	P1-74-9	0	-
1250	297.402344	297.804688	C5	57	80	0	0	53340	P1-74-5	0	-
1251	297.687500	298.085938	F2	27	80	0	0	53370	P1-75-10	0	-
1252	297.750000	300.158854	Bb4	48	80	0	0	53370	P1-75-1	0	-
1253	298.518229	299.408854	F3	24	80	0	0	53490	P1-75-11	0	-
1254	298.523438	298.759115	D4	24	80	0	0	53490	P1-75-7	0	-
1255	299.199219	301.009115	F4	23	80	0	0	53610	P1-75-8	0	-
1256	299.225260	299.899740	D4	19	80	0	0	53610	P1-75-13	0	-
1257	299.226562	299.979167	Bb3	20	80	0	0	53610	P1-75-12	0	-
1258	299.873698	300.829427	F3	27	80	0	0	53730	P1-75-14	0	-
1259	300.524740	300.845052	D5	41	80	0	0	53850	P1-75-2	0	-
1260	300.524740	301.339844	A3	24	80	0	0	53850	P1-75-15	0	-
1261	300.533854	301.239583	C4	23	80	0	0	53850	P1-75-16	0	-
1262	300.842448	301.250000	C5	52	80	0	0	53910	P1-75-3	0	-
1263	301.157552	301.494792	Bb4	52	80	0	0	53970	P1-75-4	0	-
1264	301.158854	301.739583	F3	31	80	0	0	53970	P1-75-17	0	-
1265	301.475260	301.679688	C5	60	80	0	0	54030	P1-75-5	0	-
1266	301.712240	303.878906	Bb2	26	80	0	0	54090	P1-76-21	0	-
1267	301.835938	302.938802	C5	58	80	0	0	54090	P1-76-1	0	-
1268	301.865885	301.938802	F3	28	80	0	0	54090	P1-76-13	1	-
1269	302.450521	303.259115	F3	41	80	0	0	54210	P1-76-16	0	-
1270	302.894531	303.144531	C#5	65	80	0	0	54300	P1-76-2	0	-
1271	303.127604	304.589844	D5	60	80	0	0	54330	P1-76-3	0	-
1272	303.134115	303.559896	F4	42	80	0	0	54330	*	3	-
1273	303.152344	304.239583	Bb3	45	80	0	0	54330	P1-76-17	0	-
1274	303.764323	304.438802	D3	48	80	0	0	54450	P1-76-18	0	-
1275	304.425781	305.061198	Eb3	62	80	0	0	54570	P1-76-19	0	-
1276	304.566406	304.674479	F4	52	80	0	0	54600	P1-76-6	0	-
1277	304.744792	304.819010	G4	66	80	0	0	54630	P1-76-7	0	-
1278	304.893229	304.963542	A4	64	80	0	0	54660	P1-76-8	0	-
1279	305.054688	305.208333	Bb4	60	80	0	0	54690	P1-76-9	0	-
1280	305.061198	305.654948	C3	47	80	0	0	54690	P1-76-20	0	-
1281	305.205729	305.307292	C5	66	80	0	0	54720	P1-76-10	0	-
1282	305.354167	305.494792	D5	69	80	0	0	54750	P1-76-11	0	-
1283	305.493490	305.592448	Eb5	68	80	0	0	54780	P1-76-12	0	-
1284	305.671875	307.378906	F5	70	80	0	0	54810	P1-77-1	0	-
1285	305.674479	306.429688	Bb2	40	80	0	0	54810	P1-77-9	0	-
1286	306.363281	307.069010	Bb3	37	80	0	0	54930	P1-77-10	0	-
1287	306.661458	307.013021	A4	57	80	0	0	54990	P1-77-7	0	-
1288	307.014323	308.378906	D4	35	80	0	0	55050	P1-77-11	0	-
1289	307.014323	310.389323	Bb4	48	80	0	0	55050	P1-77-8	0	-
1290	307.019531	308.279948	F4	34	80	0	0	55050	P1-77-12	0	-
1291	307.667969	308.378906	Bb3	27	80	0	0	55170	P1-77-13	0	-
1292	308.113281	308.389323	D5	44	80	0	0	55260	P1-77-3	0	-
1293	308.324219	309.529948	Eb4	25	80	0	0	55290	P1-77-14	0	-
1294	308.334635	309.819010	Bb5	45	80	0	0	55290	P1-77-4	0	-
1295	308.341146	309.239583	G4	25	80	0	0	55290	P1-77-15	0	-
1296	308.985677	309.688802	Bb3	27	80	0	0	55410	P1-77-16	0	-
1297	309.445312	309.644531	G5	46	80	0	0	55500	P1-77-5	0	-
1298	309.658854	310.449219	D4	24	80	0	0	55530	P1-78-11	0	-
1299	309.662760	310.429688	F5	43	80	0	0	55530	P1-78-1	0	-
1300	309.664062	310.299479	F4	24	80	0	0	55530	P1-78-12	0	-
1301	310.333333	311.079427	Bb3	33	80	0	0	55650	P1-78-13	0	-
1302	310.743490	310.973958	A4	46	80	0	0	55710	P1-78-7	0	-
1303	310.946615	312.250000	Bb4	48	80	0	0	55770	P1-78-8	0	-
1304	310.975260	311.908854	D4	26	80	0	0	55770	P1-78-14	0	-
1305	310.990885	311.878906	F4	20	80	0	0	55770	P1-78-15	0	-
1306	311.645833	312.378906	Bb3	33	80	0	0	55890	P1-78-16	0	-
1307	312.006510	312.354167	D5	69	80	0	0	55980	P1-78-3	0	-
1308	312.325521	313.109375	G3	47	80	0	0	56010	P1-78-17	0	-
1309	312.334635	312.959635	F5	74	80	0	0	56010	*	3	-
1310	312.355469	313.359375	Bb4	49	80	0	0	56010	P1-78-9	0	-
1311	312.679688	313.649740	Eb5	72	80	0	0	56010	P1-78-4	0	-
1312	313.014323	313.709635	Eb3	49	80	0	0	56130	P1-78-18	0	-
1313	313.015625	313.609375	G4	48	80	0	0	56130	P1-78-10	0	-
1314	313.305990	313.669271	C5	71	80	0	0	56220	P1-78-5	0	-
1315	313.631510	315.149740	Bb4	61	80	0	0	56250	P1-79-1	0	-
1316	313.634115	315.289062	F3	50	80	0	0	56250	P1-79-14	0	-
1317	313.641927	314.158854	D4	44	80	0	0	56250	P1-79-3	0	-
1318	314.274740	314.699219	D4	66	80	0	0	56370	P1-79-5	0	-
1319	314.285156	315.119792	Bb3	55	80	0	0	56370	P1-79-4	0	-
1320	314.907552	315.500000	F4	65	80	0	0	56490	P1-79-7	0	-
1321	314.914062	315.209635	D4	58	80	0	0	56490	P1-79-6	0	-
1322	315.565104	316.319010	D4	67	80	0	0	56610	P1-79-9	0	-
1323	315.602865	316.009115	Bb3	49	80	0	0	56610	P1-79-8	0	-
1324	316.225260	317.639323	F4	48	80	0	0	56730	P1-79-2	0	-
1325	316.234375	317.109375	C4	44	80	0	0	56730	P1-79-11	0	-
1326	316.244792	316.809896	A3	41	80	0	0	56730	P1-79-10	0	-
1327	316.256510	317.679688	F2	35	80	0	0	56730	P1-79-16	0	-
1328	316.263021	318.209635	F1	37	80	0	0	56730	P1-79-15	0	-
1329	317.128906	317.509115	A3	47	80	0	0	56850	P1-79-13	0	-
1330	317.147135	317.489583	F3	35	80	0	0	56850	P1-79-12	0	-
1331	318.123698	322.369792	D4	42	80	0	0	56970	P1-80-3	0	-
1332	318.143229	321.169271	Bb3	28	80	0	0	56970	P1-80-2	0	-
1333	318.151042	322.500000	F3	27	80	0	0	56970	P1-80-1	0	-
1334	318.153646	318.158854	Bb2	26	80	0	0	56970	*	3	-
1335	318.154948	318.829427	Bb1	25	80	0	0	56970	P1-80-8	0	-
1336	319.131510	319.199219	Bb2	26	80	0	0	57150	P1-80-10	0	-
1337	319.255208	319.322917	Bb1	31	80	0	0	57170	P1-80-11	0	-
1338	319.342448	319.979167	Bb2	40	80	0	0	57190	P1-80-12	0	-
1339	319.473958	320.039062	Bb1	36	80	0	0	57210	P1-80-13	0	-
1340	320.414062	320.529948	Bb2	27	80	0	0	57390	P1-80-15	0	-
1341	320.516927	320.759115	Bb1	27	80	0	0	57410	P1-80-16	0	-
1342	320.632812	322.500000	Bb2	29	80	0	0	57430	P1-80-17	0	-
1343	320.772135	322.649740	Bb1	25	80	0	0	57450	P1-80-18	0	-
1344	321.484375	321.938802	Bb3	37	80	0	0	57570	P1-80-7	0	-
1345	322.235677	323.309896	Bb3	32	80	0	0	57690	P1-81-1	0	-
1346	323.194010	323.389323	Bb2	23	80	0	0	57870	P1-81-6	0	-
1347	323.347656	323.589844	Bb1	25	80	0	0	57890	P1-81-7	0	-
1348	323.449219	324.179688	Bb2	25	80	0	0	57910	P1-81-8	0	-
1349	323.574219	325.079427	Cb4	38	80	0	0	57930	P1-81-2	0	-
1350	323.597656	324.649740	Ab3	31	80	0	0	57930	P1-81-18	0	-
1351	323.597656	325.688802	D3	27	80	0	0	57930	P1-81-16	0	-
1352	323.598958	324.699219	Bb1	31	80	0	0	57930	P1-81-9	0	-
1353	324.552083	324.750000	Bb2	28	80	0	0	58110	P1-81-11	0	-
1354	324.710938	324.889323	Bb1	26	80	0	0	58130	P1-81-12	0	-
1355	324.786458	326.449219	Bb2	30	80	0	0	58150	P1-81-13	0	-
1356	324.902344	326.269531	Bb1	32	80	0	0	58170	P1-81-14	0	-
1357	325.604167	325.899740	Cb4	48	80	0	0	58290	P1-81-3	0	-
1358	326.274740	327.339844	Cb4	42	80	0	0	58410	P1-82-1	0	-
1359	326.277344	327.029948	Bb1	28	80	0	0	58610	P1-82-10	0	-
1360	327.216146	327.389323	Bb2	33	80	0	0	58590	*	3	-
1361	327.341146	327.569010	Bb1	29	80	0	0	58610	*	3	-
1362	327.425781	327.779948	Bb2	41	80	0	0	58630	P1-82-11	0	-
1363	327.583333	328.199219	Bb1	35	80	0	0	58650	P1-82-12	0	-
1364	327.591146	329.250000	D4	55	80	0	0	58650	P1-82-5	0	-
1365	327.617188	328.509115	F3	27	80	0	0	58650	P1-82-2	0	-
1366	327.623698	329.598958	Ab3	29	80	0	0	58650	P1-82-3	0	-
1367	328.434896	328.519531	Bb2	40	80	0	0	58830	P1-82-14	0	-
1368	328.542969	328.699219	Bb1	34	80	0	0	58850	P1-82-15	0	-
1369	328.615885	329.049479	Bb2	43	80	0	0	58870	P1-82-16	0	-
1370	328.760417	330.279948	Bb1	38	80	0	0	58890	P1-82-17	0	-
1371	329.402344	329.839844	D4	61	80	0	0	59010	P1-82-6	0	-
1372	330.033854	332.119792	D4	70	80	0	0	59130	P1-83-1	0	-
1373	330.895833	331.000000	Bb2	43	80	0	0	59310	P1-83-12	0	-
1374	330.997396	332.029948	Bb1	38	80	0	0	59330	P1-83-13	0	-
1375	331.093750	331.769531	Bb2	42	80	0	0	59350	P1-83-14	0	-
1376	331.214844	332.399740	F4	73	80	0	0	59370	P1-83-5	0	-
1377	331.227865	332.169271	Ab3	60	80	0	0	59370	P1-83-2	0	-
1378	331.230469	331.968750	Cb4	59	80	0	0	59370	P1-83-3	0	-
1379	332.141927	332.204427	Bb2	55	80	0	0	59550	P1-83-17	0	-
1380	332.242188	332.408854	Bb1	38	80	0	0	59570	P1-83-18	0	-
1381	332.316406	332.598958	Bb2	54	80	0	0	59590	P1-83-19	0	-
1382	332.415365	333.059896	Bb1	52	80	0	0	59610	P1-83-20	0	-
1383	332.484375	334.229167	Ab4	95	80	0	0	59610	P1-83-9	0	-
1384	332.488281	334.049479	F4	67	80	0	0	59610	P1-83-8	0	-
1385	332.513021	333.369792	Cb4	61	80	0	0	59610	P1-83-6	0	-
1386	333.356771	333.459635	Bb2	63	80	0	0	59790	P1-83-22	0	-
1387	333.441406	333.619792	Bb1	62	80	0	0	59810	P1-83-23	0	-
1388	333.518229	333.929688	Bb2	70	80	0	0	59830	P1-83-24	0	-
1389	333.625000	333.979167	Bb1	74	80	0	0	59850	P1-84-10	0	-
1390	333.683594	334.839844	Cb5	100	80	0	0	59850	P1-84-1	0	-
1391	334.610677	334.779948	Ab3	57	80	0	0	60030	P1-84-12	0	-
1392	334.705729	334.764323	Bb2	64	80	0	0	60050	P1-84-13	0	-
1393	334.787760	335.319010	Ab3	52	80	0	0	60070	P1-84-14	0	-
1394	334.873698	335.639323	Bb2	73	80	0	0	60090	P1-84-15	0	-
1395	334.882812	335.209635	Bb1	70	80	0	0	60090	*	3	-
1396	334.902344	336.339844	Ab4	81	80	0	0	60090	P1-84-7	0	-
1397	334.904948	335.789062	F4	65	80	0	0	60090	P1-84-6	0	-
1398	334.906250	335.750000	D4	59	80	0	0	60090	P1-84-5	0	-
1399	335.841146	335.911458	Ab3	46	80	0	0	60270	P1-84-17	0	-
1400	335.955729	336.839844	Bb2	51	80	0	0	60290	P1-84-18	0	-
1401	336.036458	336.908854	D4	49	80	0	0	-1	*	3	-
1402	336.054688	336.889323	Ab3	48	80	0	0	60310	P1-84-19	0	-
1403	336.131510	336.848958	F4	53	80	0	0	60330	P1-84-9	0	-
1404	336.199219	336.509115	Bb3	51	80	0	0	60330	P1-84-20	1	-
1405	336.207031	337.039062	Bb4	80	80	0	0	60330	P1-84-2	0	-
1406	336.864583	337.772135	Ab4	65	80	0	0	60450	P1-84-3	0	-
1407	337.648438	339.089844	F#4	46	80	0	0	60570	P1-85-1	0	-
1408	338.703125	338.859375	Bb2	36	80	0	0	60750	P1-85-9	0	-
1409	338.802083	339.049479	Bb1	37	80	0	0	60770	P1-85-10	0	-
1410	338.898438	339.059896	Bb2	37	80	0	0	60790	P1-85-11	0	-
1411	339.007812	340.919271	G4	58	80	0	0	60810	P1-85-2	0	-
1412	339.015625	340.869792	Eb4	43	80	0	0	60810	P1-85-6	0	-
1413	339.867188	339.979167	Bb2	32	80	0	0	60990	P1-85-14	0	-
1414	339.972656	340.089844	Bb1	37	80	0	0	61010	P1-85-15	0	-
1415	340.049479	340.239583	Bb2	45	80	0	0	61030	P1-85-16	0	-
1416	340.174479	340.329427	Bb1	40	80	0	0	61050	P1-85-17	0	-
1417	340.421875	340.429688	Bb2	32	80	0	0	61050	*	3	-
1418	340.774740	341.519531	Bb4	87	80	0	0	61170	P1-85-3	0	-
1419	341.445312	342.500000	Eb5	86	80	0	0	61290	P1-86-1	0	-
1420	342.322917	342.419271	Bb3	47	80	0	0	61470	P1-86-11	0	-
1421	342.427083	342.589844	Bb2	49	80	0	0	61490	P1-86-12	0	-
1422	342.490885	343.029948	Bb3	59	80	0	0	61510	P1-86-13	0	-
1423	342.602865	343.039062	Bb2	60	80	0	0	61530	P1-86-14	0	-
1424	342.611979	345.169271	Eb4	73	80	0	0	61530	P1-86-7	0	-
1425	342.614583	345.139323	Gb4	68	80	0	0	61530	P1-86-8	0	-
1426	342.623698	344.229167	A4	72	80	0	0	61530	P1-86-5	0	-
1427	343.514323	344.209635	Bb3	49	80	0	0	61710	P1-86-16	0	-
1428	343.631510	343.809896	Bb2	50	80	0	0	61730	P1-86-17	0	-
1429	343.817708	344.919271	Bb2	47	80	0	0	61770	P1-86-19	0	-
1430	343.865885	344.769531	C5	84	80	0	0	61770	P1-86-2	0	-
1431	344.589844	345.500000	A4	79	80	0	0	61890	P1-86-3	0	-
1432	345.394531	346.829427	C5	61	80	0	0	62010	P1-87-1	0	-
1433	346.384115	346.539062	Bb2	27	80	0	0	62190	P1-87-12	0	-
1434	346.473958	346.669271	Bb1	34	80	0	0	62210	P1-87-13	0	-
1435	346.569010	346.720052	Bb2	40	80	0	0	62230	P1-87-14	0	-
1436	346.683594	346.733073	Bb1	38	80	0	0	62250	P1-87-15	0	-
1437	346.684896	348.359375	Bb4	57	80	0	0	62250	P1-87-2	0	-
1438	346.694010	347.628906	D4	38	80	0	0	62250	P1-87-6	0	-
1439	347.536458	347.619792	Bb2	48	80	0	0	62430	P1-87-17	0	-
1440	347.639323	348.669271	Bb1	41	80	0	0	62450	P1-87-18	0	-
1441	347.710938	348.699219	Bb2	54	80	0	0	62470	P1-87-19	0	-
1442	347.854167	347.859375	F3	55	80	0	0	62490	P1-87-20	1	-
1443	347.855469	348.750000	Ab4	76	80	0	0	62490	P1-87-9	0	-
1444	347.860677	348.628906	F4	57	80	0	0	62490	P1-87-8	0	-
1445	348.427083	348.779948	D5	89	80	0	0	62610	P1-87-4	0	-
1446	349.041667	349.768229	F5	94	80	0	0	62730	P1-88-1	0	-
1447	349.730469	351.309896	Eb5	81	80	0	0	62850	P1-88-2	0	-
1448	350.058594	350.239583	Bb3	61	80	0	0	62910	P1-88-18	1	-
1449	350.174479	350.269531	Bb2	56	80	0	0	62930	P1-88-19	1	-
1450	350.247396	351.188802	Bb3	50	80	0	0	62950	P1-88-20	1	-
1451	350.355469	351.259115	Bb4	73	80	0	0	62970	P1-88-7	0	-
1452	350.360677	351.079427	G4	65	80	0	0	62970	P1-88-6	0	-
1453	350.371094	350.968750	Bb2	60	80	0	0	62970	P1-88-21	1	-
1454	351.147135	352.128906	A4	67	80	0	0	63090	P1-88-9	0	-
1455	351.147135	352.250000	Gb4	62	80	0	0	63090	P1-88-8	0	-
1456	351.558594	351.669271	Bb3	53	80	0	0	63150	P1-88-23	1	-
1457	351.649740	351.759115	Bb2	53	80	0	0	63170	P1-88-24	1	-
1458	351.726562	352.408854	Bb3	58	80	0	0	63190	P1-88-25	1	-
1459	351.846354	352.989583	Bb2	55	80	0	0	63210	P1-88-26	1	-
1460	351.861979	354.079427	C5	71	80	0	0	63210	P1-88-3	0	-
1461	351.864583	352.348958	Eb4	58	80	0	0	63210	P1-88-10	0	-
1462	352.634115	353.149740	C4	48	80	0	0	63330	P1-88-13	0	-
1463	352.636719	353.769531	A4	47	80	0	0	63330	P1-88-4	0	-
1464	352.645833	354.019531	Gb4	43	80	0	0	63330	P1-88-15	0	-
1465	352.653646	353.489583	Eb4	42	80	0	0	63330	P1-88-14	0	-
1466	353.031250	353.199219	Bb3	47	80	0	0	63390	P1-88-28	1	-
1467	353.145833	353.319010	Bb2	43	80	0	0	63410	P1-88-29	1	-
1468	353.209635	353.408854	Bb3	52	80	0	0	63450	P1-89-3	1	-
1469	353.330729	357.289062	Bb2	35	80	0	0	63430	P1-88-30	0	-
1470	353.421875	356.029948	Bb3	53	80	0	0	-1	*	3	-
1471	353.423177	354.674479	D3	58	80	0	0	63450	P1-89-15	0	-
1472	354.641927	354.932292	Eb3	47	80	0	0	63660	P1-89-17	0	-
1473	354.648438	354.924479	C3	46	80	0	0	63660	P1-89-16	0	-
1474	354.904948	356.218750	F3	42	80	0	0	63690	P1-89-19	0	-
1475	354.914062	356.188802	D3	37	80	0	0	63690	P1-89-18	0	-
1476	356.113281	357.438802	Eb3	43	80	0	0	63930	P1-89-21	0	-
1477	356.125000	357.429688	C3	36	80	0	0	63930	P1-89-20	0	-
1478	356.278646	356.326823	F4	49	80	0	0	63960	P1-89-7	0	-
1479	356.440104	356.505208	E4	58	80	0	0	63990	P1-89-8	0	-
1480	356.585938	356.660156	F4	58	80	0	0	64020	P1-89-9	0	-
1481	356.751302	356.843750	G4	65	80	0	0	64050	P1-89-10	0	-
1482	356.894531	357.036458	A4	64	80	0	0	64080	P1-89-11	0	-
1483	357.044271	357.169271	Bb4	65	80	0	0	64110	P1-89-12	0	-
1484	357.195312	357.266927	C5	72	80	0	0	64140	P1-89-13	0	-
1485	357.378906	358.649740	D5	61	80	0	0	64170	P1-90-2	0	-
1486	357.394531	360.609375	F4	40	80	0	0	64170	P1-90-9	0	-
1487	357.444010	358.459635	Bb2	31	80	0	0	64170	P1-90-11	0	-
1488	357.444010	358.619792	D3	28	80	0	0	64170	P1-90-12	0	-
1489	358.593750	358.850260	C5	52	80	0	0	64380	P1-90-3	0	-
1490	358.593750	358.949219	Eb5	60	80	0	0	64380	P1-90-4	0	-
1491	358.865885	360.359375	F5	60	80	0	0	64410	P1-90-6	0	-
1492	358.894531	359.878906	D5	48	80	0	0	64410	P1-90-5	0	-
1493	360.212240	361.729167	Eb5	49	80	0	0	64650	P1-90-8	0	-
1494	360.214844	361.229167	C5	37	80	0	0	64650	P1-90-7	0	-
1495	360.440104	360.553385	F3	52	80	0	0	64680	P1-90-16	0	-
1496	360.608073	360.708333	E3	54	80	0	0	64710	P1-90-17	0	-
1497	360.786458	360.864583	F3	52	80	0	0	64740	P1-90-18	0	-
1498	360.967448	361.023438	G3	50	80	0	0	64770	P1-90-19	0	-
1499	361.132812	361.207031	A3	41	80	0	0	64800	P1-90-20	0	-
1500	361.282552	361.355469	Bb3	42	80	0	0	64830	P1-90-21	0	-
1501	361.446615	361.559896	C4	42	80	0	0	64860	P1-90-22	0	-
1502	361.662760	362.968750	D4	50	80	0	0	64890	P1-91-8	0	-
1503	361.703125	362.919271	Bb3	34	80	0	0	64890	P1-91-7	0	-
1504	362.833333	363.216146	Eb4	58	80	0	0	65100	P1-91-10	0	-
1505	362.845052	363.207031	C4	47	80	0	0	65100	P1-91-9	0	-
1506	363.201823	367.500000	F4	52	80	0	0	65130	P1-91-12	0	-
1507	363.221354	367.500000	D4	42	80	0	0	65130	P1-91-11	0	-
1508	364.636719	366.839844	Bb1	39	80	0	0	65370	P1-91-13	0	-
1509	366.622396	369.158854	A1	35	80	0	0	65610	P1-92-2	0	-
1510	370.265625	370.899740	C6	65	80	0	0	66330	P1-93-1	0	-
1511	371.164062	371.222656	D6	44	80	0	0	66420	P1-93-6	0	-
1512	371.250000	371.287760	C6	51	80	0	0	66430	P1-93-7	0	-
1513	371.321615	371.378906	B5	48	80	0	0	66440	P1-93-8	0	-
1514	371.381510	371.699219	C6	60	80	0	0	66450	P1-93-2	0	-
1515	371.670573	371.977865	D6	61	80	0	0	66540	P1-93-3	0	-
1516	371.957031	373.549479	Eb6	55	80	0	0	66570	P1-93-4	0	-
1517	373.277344	374.468750	C4	36	80	0	0	66810	P1-93-12	0	-
1518	373.279948	375.359375	Gb4	50	80	0	0	66810	P1-93-5	0	-
1519	373.285156	376.509115	Eb4	40	80	0	0	66810	P1-93-13	0	-
1520	373.298177	374.339844	Bb3	36	80	0	0	66810	P1-93-11	0	-
1521	375.134115	377.049479	F4	30	80	0	0	67050	P1-94-1	0	-
1522	375.143229	377.739583	A3	28	80	0	0	67050	P1-94-16	0	-
1523	375.145833	378.098958	C4	23	80	0	0	67050	P1-94-17	0	-
1524	377.031250	377.335938	G4	36	80	0	0	67530	P1-94-2	0	-
1525	377.322917	377.542969	F4	31	80	0	0	67547	P1-94-3	0	-
1526	377.575521	377.723958	E4	39	80	0	0	67564	P1-94-4	0	-
1527	377.779948	377.872396	F4	31	80	0	0	67581	P1-94-5	0	-
1528	377.938802	378.049479	G4	33	80	0	0	67598	P1-94-6	0	-
1529	378.023438	378.076823	A4	49	80	0	0	67615	P1-94-7	0	-
1530	378.126302	378.209635	Bb4	47	80	0	0	67632	P1-94-8	0	-
1531	378.230469	378.282552	C5	53	80	0	0	67649	P1-94-9	0	-
1532	378.311198	378.364583	D5	49	80	0	0	67666	P1-94-10	0	-
1533	378.395833	378.458333	Eb5	54	80	0	0	67683	P1-94-11	0	-
1534	378.502604	378.550781	F5	54	80	0	0	67700	P1-94-12	0	-
1535	378.575521	378.644531	G5	57	80	0	0	67717	P1-94-13	0	-
1536	378.653646	378.710938	A5	58	80	0	0	67734	P1-94-14	0	-
1537	378.722656	378.813802	Bb5	62	80	0	0	67751	P1-94-15	0	-
1538	378.822917	379.173177	C6	69	80	0	0	67770	P1-95-1	0	-
1539	379.212240	379.296875	D6	61	80	0	0	67860	P1-95-8	0	-
1540	379.304688	379.354167	C6	68	80	0	0	67870	P1-95-9	0	-
1541	379.364583	379.444010	B5	71	80	0	0	67880	P1-95-10	0	-
1542	379.437500	379.904948	C6	74	80	0	0	67890	P1-95-2	0	-
1543	379.877604	380.266927	D6	79	80	0	0	67980	P1-95-3	0	-
1544	380.221354	380.718750	Eb6	84	80	0	0	68010	P1-95-4	0	-
1545	381.395833	382.859375	Eb5	78	80	0	0	68250	P1-95-7	0	-
1546	381.408854	382.489583	A4	58	80	0	0	68250	P1-95-5	0	-
1547	381.414062	381.809896	C5	65	80	0	0	68250	P1-95-6	0	-
1548	381.414062	381.859375	C4	48	80	0	0	68250	P1-95-15	0	-
1549	381.415365	381.878906	Eb4	54	80	0	0	68250	P1-95-16	0	-
1550	381.415365	381.729167	F#3	48	80	0	0	68250	P1-95-14	0	-
1551	382.848958	383.729167	D5	62	80	0	0	68490	P1-96-2	0	-
1552	382.858073	383.589844	D4	41	80	0	0	68490	P1-96-13	0	-
1553	382.863281	383.639323	Bb4	54	80	0	0	68490	P1-96-1	0	-
1554	382.864583	383.619792	G3	43	80	0	0	68490	P1-96-11	0	-
1555	382.865885	383.559896	Bb3	46	80	0	0	68490	P1-96-12	0	-
1556	384.264323	387.688802	G5	93	80	0	0	68730	P1-96-4	0	-
1557	385.114583	385.619792	E3	57	80	0	0	68850	P1-96-16	0	-
1558	385.115885	386.399740	Db4	60	80	0	0	68850	P1-96-18	0	-
1559	385.118490	385.609375	Bb3	59	80	0	0	68850	P1-96-17	0	-
1560	385.911458	386.569010	G4	74	80	0	0	68970	P1-96-7	0	-
1561	385.912760	386.359375	Db5	69	80	0	0	68970	P1-96-9	0	-
1562	385.914062	386.309896	Bb4	73	80	0	0	68970	P1-96-8	0	-
1563	387.647135	390.209635	F5	59	80	0	0	69210	P1-97-1	0	-
1564	388.406250	388.747396	F3	32	80	0	0	69330	P1-97-13	0	-
1565	388.407552	388.674479	D4	33	80	0	0	69330	P1-97-15	0	-
1566	388.410156	388.658854	Bb3	33	80	0	0	69330	P1-97-14	0	-
1567	389.186198	389.977865	Bb4	32	80	0	0	69450	P1-97-5	0	-
1568	389.186198	389.679688	F4	28	80	0	0	69450	P1-97-4	0	-
1569	389.186198	389.658854	D5	36	80	0	0	69450	P1-97-6	0	-
1570	390.035156	390.509115	F1	24	80	0	0	69570	P1-97-17	0	-
1571	390.036458	391.069010	F2	21	80	0	0	69570	P1-97-18	0	-
1572	390.884115	392.029948	A4	39	80	0	0	69690	P1-97-10	0	-
1573	390.894531	392.509115	Eb4	29	80	0	0	69690	P1-97-9	0	-
1574	390.924479	391.949219	C4	23	80	0	0	69690	P1-97-8	0	-
1575	391.662760	392.158854	F2	23	80	0	0	69810	P1-97-20	0	-
1576	391.664062	392.399740	F3	22	80	0	0	69810	P1-97-21	0	-
1577	392.395833	392.718750	D4	28	80	0	0	69930	P1-98-2	0	-
1578	392.412760	392.819010	Bb4	34	80	0	0	69930	P1-98-3	0	-
1579	392.412760	397.539062	Bb1	29	80	0	0	69930	P1-98-14	0	-
1580	392.415365	396.188802	Bb2	27	80	0	0	69930	P1-98-15	0	-
1581	393.106771	393.899740	F5	65	80	0	0	70050	P1-98-5	0	-
1582	393.113281	393.479167	F4	34	80	0	0	70050	P1-98-4	0	-
1583	393.787760	394.329427	D4	35	80	0	0	70170	P1-98-6	0	-
1584	393.791667	394.500000	D5	62	80	0	0	70170	P1-98-7	0	-
1585	394.484375	395.348958	Cb5	62	80	0	0	70290	P1-98-9	0	-
1586	394.496094	394.509115	Bb3	42	80	0	0	70290	*	3	-
1587	394.497396	394.759115	Cb4	43	80	0	0	70290	P1-98-8	0	-
1588	395.174479	395.938802	Bb4	50	80	0	0	70410	P1-98-11	0	-
1589	395.214844	395.688802	Bb3	29	80	0	0	70410	P1-98-10	0	-
1590	395.884115	396.639323	Ab4	51	80	0	0	70530	P1-98-13	0	-
1591	395.893229	396.139323	Ab3	42	80	0	0	70530	P1-98-12	0	-
1592	396.611979	397.679688	G4	49	80	0	0	70650	P1-99-2	0	-
1593	396.614583	397.158854	G3	38	80	0	0	70650	P1-99-1	0	-
1594	396.630208	399.789062	Bb2	31	80	0	0	70650	P1-99-16	0	-
1595	397.417969	399.029948	Bb4	51	80	0	0	70770	P1-99-4	0	-
1596	397.434896	398.569010	Bb3	40	80	0	0	70770	P1-99-3	0	-
1597	398.145833	399.218750	Eb3	31	80	0	0	70890	P1-99-5	0	-
1598	398.160156	399.809896	Eb4	33	80	0	0	70890	P1-99-6	0	-
1599	398.903646	399.839844	G4	43	80	0	0	71010	P1-99-8	0	-
1600	398.934896	399.819010	G3	28	80	0	0	71010	P1-99-7	0	-
1601	399.639323	400.509115	C4	38	80	0	0	71130	P1-99-10	0	-
1602	399.664062	401.329427	C3	33	80	0	0	71130	P1-99-9	0	-
1603	400.414062	401.359375	F3	29	80	0	0	71250	P1-99-11	0	-
1604	400.415365	401.098958	F4	29	80	0	0	71250	P1-99-12	0	-
1605	400.796875	401.429688	Eb3	30	80	0	0	71310	P1-99-13	0	-
1606	400.802083	401.289062	Eb4	32	80	0	0	71310	P1-99-14	0	-
1607	401.203125	405.658854	Bb2	38	80	0	0	71370	P1-100-19	0	-
1608	401.216146	402.000000	D4	29	80	0	0	71370	P1-100-1	0	-
1609	401.246094	403.319010	D3	21	80	0	0	71370	P1-100-5	0	-
1610	401.967448	402.889323	F4	45	80	0	0	71490	P1-100-6	0	-
1611	402.695312	403.709635	D4	49	80	0	0	71610	P1-100-7	0	-
1612	403.454427	404.369792	D5	55	80	0	0	71730	P1-100-3	0	-
1613	403.475260	404.195312	Cb4	34	80	0	0	71730	P1-100-8	0	-
1614	404.184896	405.529948	Bb3	41	80	0	0	71850	P1-100-9	0	-
1615	404.781250	404.834635	D5	46	80	0	0	72075	P1-100-4	0	-
1616	404.872396	404.912760	Eb5	40	80	0	0	72075	P1-100-4	0	-
1617	404.947917	404.989583	D5	47	80	0	0	72075	P1-100-4	0	-
1618	404.997396	405.779948	G#3	35	80	0	0	-1	*	3	-
1619	405.035156	405.065104	Eb5	49	80	0	0	72075	P1-100-4	0	-
1620	405.106771	405.169271	D5	52	80	0	0	72075	P1-100-4	0	-
1621	405.167969	405.210938	Eb5	60	80	0	0	72075	P1-100-4	0	-
1622	405.247396	405.289062	D5	46	80	0	0	72075	P1-100-4	0	-
1623	405.325521	405.389323	Eb5	63	80	0	0	72075	P1-100-4	0	-
1624	405.394531	405.468750	D5	45	80	0	0	72075	P1-100-4	0	-
1625	405.467448	405.559896	Eb5	65	80	0	0	72075	P1-100-4	0	-
1626	405.528646	405.574219	D5	58	80	0	0	72075	P1-100-4	0	-
1627	405.611979	405.644531	C5	58	80	0	0	-1	*	3	-
1628	405.654948	405.789062	D5	66	80	0	0	72075	P1-100-4	1	-
1629	405.774740	406.626302	F5	69	80	0	0	72090	P1-101-1	0	-
1630	405.783854	406.747396	G3	41	80	0	0	72090	P1-101-16	0	-
1631	405.783854	410.359375	Bb2	38	80	0	0	72090	P1-101-15	0	-
1632	406.572917	407.739583	Eb5	50	80	0	0	72210	P1-101-2	0	-
1633	406.596354	408.750000	Bb3	32	80	0	0	72210	P1-101-17	0	-
1634	407.283854	409.049479	Eb3	41	80	0	0	72330	P1-101-18	0	-
1635	408.036458	409.839844	Eb5	73	80	0	0	72450	P1-101-4	0	-
1636	408.036458	409.109375	G3	42	80	0	0	72450	P1-101-19	0	-
1637	408.875000	410.529948	C3	41	80	0	0	72570	P1-101-20	0	-
1638	409.641927	410.549479	F3	28	80	0	0	72690	P1-101-21	0	-
1639	409.688802	409.789062	A4	40	80	0	0	-1	*	3	-
1640	409.776042	409.822917	Bb4	47	80	0	0	72690	P1-101-7	0	-
1641	409.863281	409.906250	A4	48	80	0	0	72705	P1-101-8	0	-
1642	409.944010	409.986979	Bb4	53	80	0	0	72720	P1-101-9	0	-
1643	410.042969	410.084635	A4	51	80	0	0	72735	P1-101-10	0	-
1644	410.113281	410.598958	Eb3	41	80	0	0	72750	P1-101-22	0	-
1645	410.122396	410.199219	Bb4	55	80	0	0	72750	P1-101-11	0	-
1646	410.204427	410.246094	A4	57	80	0	0	72765	P1-101-12	0	-
1647	410.276042	410.329427	Bb4	62	80	0	0	72780	P1-101-13	0	-
1648	410.361979	410.569010	A4	52	80	0	0	72795	P1-101-14	0	-
1649	410.473958	412.139323	Bb4	57	80	0	0	72810	P1-102-1	0	-
1650	410.537760	411.994792	Bb2	31	80	0	0	72810	P1-102-22	0	-
1651	410.544271	411.628906	D3	29	80	0	0	72810	P1-102-13	0	-
1652	411.480469	411.983073	F3	33	80	0	0	72930	P1-102-14	0	-
1653	411.921875	412.428385	A4	51	80	0	0	72990	P1-102-3	0	-
1654	411.924479	412.441406	Eb3	39	80	0	0	72990	P1-102-15	0	-
1655	412.381510	413.884115	Bb2	31	80	0	0	73050	P1-102-23	0	-
1656	412.395833	413.500000	Bb4	35	80	0	0	73050	P1-102-4	0	-
1657	412.402344	413.779948	D3	27	80	0	0	73050	P1-102-16	0	-
1658	413.230469	413.752604	F3	29	80	0	0	73170	P1-102-17	0	-
1659	413.697917	414.252604	A4	33	80	0	0	73230	P1-102-6	0	-
1660	413.697917	414.251302	C5	44	80	0	0	73230	P1-102-7	0	-
1661	413.725260	414.369792	Eb3	28	80	0	0	73230	P1-102-18	0	-
1662	414.233073	415.269531	D5	38	80	0	0	73290	P1-102-9	0	-
1663	414.234375	414.479167	Bb4	32	80	0	0	73290	P1-102-8	0	-
1664	414.243490	415.729167	D3	24	80	0	0	73290	P1-102-19	0	-
1665	414.244792	416.069010	Bb2	25	80	0	0	73290	P1-102-24	0	-
1666	415.166667	415.750000	F3	29	80	0	0	73410	P1-102-20	0	-
1667	415.631510	416.225260	A5	69	80	0	0	73470	P1-102-12	0	-
1668	415.644531	416.269531	Eb3	34	80	0	0	73470	P1-102-21	0	-
1669	415.673177	415.899740	C5	41	80	0	0	73470	P1-102-11	0	-
1670	416.082031	418.449219	Bb2	25	80	0	0	73530	P1-103-8	0	-
1671	416.173177	418.529948	D3	31	80	0	0	73530	P1-103-9	0	-
1672	416.173177	417.500000	Bb5	71	80	0	0	73530	P1-103-2	0	-
1673	416.197917	417.500000	D5	38	80	0	0	73530	P1-103-1	0	-
1674	417.143229	418.529948	D6	85	80	0	0	73650	P1-103-3	0	-
1675	418.200521	418.303385	C6	76	80	0	0	73740	P1-103-4	0	-
1676	418.432292	420.929688	C6	76	80	0	0	73770	P1-103-5	0	-
1677	420.665365	423.519531	Bb5	46	80	0	0	74010	P1-103-6	0	-
1678	422.272135	424.809896	Bb1	22	80	0	0	74130	P1-103-13	0	-
//Missing 5370	P1-8-20
//Missing 5850	P1-9-2
//Missing 12330	P1-18-10
//Missing 13290	P1-19-5
//Missing 14490	P1-21-2
//Missing 14950	P1-21-19
//Missing 15210	P1-22-9
//Missing 16130	P1-23-16
//Missing 16890	P1-24-8
//Missing 17850	P1-25-28
//Missing 18790	P1-26-34
//Missing 19290	P1-27-24
//Missing 22170	P1-31-8
//Missing 22890	P1-32-8
//Missing 23850	P1-34-13
//Missing 24810	P1-35-11
//Missing 25770	P1-36-10
//Missing 26970	P1-38-14
//Missing 27670	P1-39-12
//Missing 27690	P1-39-13
//Missing 29830	P1-42-24
//Missing 31770	P1-45-8
//Missing 33930	P1-48-13
//Missing 35370	P1-50-18
//Missing 35370	P1-50-20
//Missing 35460	P1-50-26
//Missing 36090	P1-51-2
//Missing 37290	P1-52-25
//Missing 38010	P1-53-8
//Missing 38400	P1-54-16
//Missing 39960	P1-56-20
//Missing 41610	P1-58-3
//Missing 41790	P1-58-34
//Missing 41850	P1-59-3
//Missing 43530	P1-61-5
//Missing 44010	P1-62-2
//Missing 45450	P1-64-9
//Missing 46350	P1-65-15
//Missing 46630	P1-65-22
//Missing 48090	P1-67-10
//Missing 50940	P1-71-20
//Missing 53850	P1-75-9
//Missing 54090	P1-76-15
//Missing 57930	P1-81-17
//Missing 58590	P1-82-9
//Missing 59370	P1-83-15
//Missing 59610	P1-83-7
//Missing 60330	P1-84-8
//Missing 60810	P1-85-12
//Missing 60810	P1-85-5
//Missing 62250	P1-87-7
//Missing 63210	P1-88-11
//Missing 63210	P1-88-12
//Missing 63450	P1-89-1
//Missing 63450	P1-89-2
//Missing 63450	P1-89-22
//Missing 64170	P1-90-1
//Missing 64650	P1-90-10
//Missing 64890	P1-91-1
//Missing 64890	P1-91-2
//Missing 64890	P1-91-3
//Missing 67050	P1-94-18
//Missing 69930	P1-98-1
//Missing 70650	P1-99-15
//Missing 71970	P1-100-10
//Missing 71970	P1-100-11
//Missing 71985	P1-100-12
//Missing 72000	P1-100-13
//Missing 72015	P1-100-14
//Missing 72030	P1-100-15
//Missing 72045	P1-100-16
//Missing 72060	P1-100-17
//Missing 5130	P1-8-19
//Missing 5220	P1-8-1
//Missing 5250	P1-8-2
//Missing 5250	P1-8-3
//Missing 17610	P1-25-23
//Missing 37020	P1-52-3
//Missing 38460	P1-54-3
//Missing 39450	P1-55-2
//Missing 44970	P1-63-3
//Missing 61750	P1-86-18
//Missing 72075	P1-100-18
//Missing 72720	P1-101-5
//Missing 72795	P1-101-5
