//TPQN: 240
//HmmVersion: 170101
//DuplicateOnsets: 0	D3	2	P1-1-7	P1-1-1	
//DuplicateOnsets: 0	F3	2	P1-1-8	P1-1-2	
//DuplicateOnsets: 0	Bb3	2	P1-1-9	P1-1-3	
//DuplicateOnsets: 12810	B#3	2	P1-18-9	P1-18-8	
//DuplicateOnsets: 13050	B#3	2	P1-19-3	P1-19-2	
//DuplicateOnsets: 13770	C4	2	P1-20-10	P1-20-5	
//DuplicateOnsets: 30330	D3	2	P1-43-8	P1-43-4	
//DuplicateOnsets: 31770	Eb3	2	P1-45-3	P1-45-1	
//DuplicateOnsets: 63450	Bb2	2	P1-89-22	P1-89-14	
0	0	1	CH	1	9	8	0	0	9	D3	F3	Bb3	Bb1	F2	Bb2	D3	F3	Bb3	0	0	0	1	1	1	1	1	1	P1-1-1	P1-1-2	P1-1-3	P1-1-4	P1-1-5	P1-1-6	P1-1-7	P1-1-8	P1-1-9	
720	720	1	CH	1	1	0	0	0	1	D5	0	P1-2-1	
930	930	1	CH	1	1	0	0	0	1	Eb5	0	P1-2-2	
960	960	1	CH	1	1	0	0	0	1	F5	0	P1-2-3	
1200	1200	1	CH	1	6	5	0	0	6	D3	F3	Bb3	Bb1	F2	Bb2	0	0	0	1	1	1	P1-2-4	P1-2-5	P1-2-6	P1-2-9	P1-2-10	P1-2-11	
1440	1440	1	CH	1	6	5	0	0	6	Eb3	F3	A3	C2	F2	C3	0	0	0	1	1	1	P1-3-1	P1-3-2	P1-3-3	P1-3-4	P1-3-5	P1-3-6	
2160	2160	1	CH	1	1	0	0	0	1	A5	0	P1-4-1	
2370	2370	1	CH	1	1	0	0	0	1	Bb5	0	P1-4-2	
2400	2400	1	CH	1	1	0	0	0	1	C6	0	P1-4-3	
2640	2640	1	CH	1	4	3	0	0	4	C4	Eb4	A2	F3	0	0	1	1	P1-4-4	P1-4-5	P1-4-8	P1-4-9	
2880	2880	1	CH	1	4	3	0	0	4	Bb3	D4	Bb2	F3	0	0	1	1	P1-5-1	P1-5-2	P1-5-13	P1-5-14	
3360	3360	1	CH	1	1	0	0	0	1	D4	0	P1-5-3	
3390	3390	1	CH	1	1	0	0	0	1	F4	0	P1-5-4	
3420	3420	1	CH	1	1	0	0	0	1	Eb4	0	P1-5-5	
3450	3450	1	CH	1	1	0	0	0	1	D4	0	P1-5-6	
3480	3480	1	CH	1	1	0	0	0	1	Eb4	0	P1-5-7	
3510	3510	1	CH	1	1	0	0	0	1	F4	0	P1-5-8	
3540	3540	1	CH	1	1	0	0	0	1	G4	0	P1-5-9	
3570	3570	1	CH	1	1	0	0	0	1	A4	0	P1-5-10	
3600	3600	1	CH	1	1	0	0	0	1	Bb4	0	P1-5-11	
3630	3630	1	CH	1	1	0	0	0	1	C5	0	P1-5-12	
3690	3690	1	CH	1	1	0	0	0	1	D5	0	P1-6-1	
3900	3900	1	CH	1	1	0	0	0	1	Eb5	0	P1-6-2	
3930	3930	1	CH	1	1	0	0	0	1	F5	0	P1-6-3	
4170	4170	1	CH	1	4	3	0	0	4	F5	B3	Ab4	D3	0	1	2	3	P1-6-4	P1-6-8	P1-6-5	P1-6-9	
4410	4410	1	CH	1	4	3	0	0	4	F5	B3	G4	Eb3	0	1	2	3	P1-7-1	P1-7-10	P1-7-6	P1-7-15	
4650	4650	1	CH	1	2	1	0	0	2	Eb5	C4	0	1	P1-7-2	P1-7-11	
4770	4770	1	CH	1	4	3	0	0	4	D5	D4	Bb4	F3	0	1	2	3	P1-7-3	P1-7-12	P1-7-7	P1-7-16	
4890	4890	1	CH	1	4	3	0	0	4	C5	Eb4	Bb4	G3	0	1	2	3	P1-7-4	P1-7-13	P1-7-8	P1-7-17	
5010	5010	1	CH	1	4	3	0	0	4	C5	E4	Bb4	G3	0	1	2	3	P1-7-5	P1-7-14	P1-7-9	P1-7-18	
5130	5130	1	SA	1	4	3	0	0	4	E4	Bb4	F3	D5	1	2	3	4	P1-8-19	P1-8-9	P1-8-23	P1-8-11	
5130	5145	2	TR	3	0	0	0	0	1	1	0	C5	D5	0	0	P1-8-1	P1-8-1	
5145	5145	1	SA	1	1	0	0	0	1	C5	4	P1-8-12	
5145	5160	2	TR	3	0	0	0	0	1	1	0	C5	D5	0	0	P1-8-1	P1-8-1	
5160	5160	1	SA	1	1	0	0	0	1	D5	4	P1-8-13	
5160	5175	2	TR	3	0	0	0	0	1	1	0	C5	D5	0	0	P1-8-1	P1-8-1	
5175	5175	1	SA	1	1	0	0	0	1	C5	4	P1-8-14	
5175	5190	2	TR	3	0	0	0	0	1	1	0	C5	D5	0	0	P1-8-1	P1-8-1	
5190	5190	1	SA	1	1	0	0	0	1	D5	4	P1-8-15	
5190	5205	2	TR	3	0	0	0	0	1	1	0	C5	D5	0	0	P1-8-1	P1-8-1	
5205	5205	1	SA	1	1	0	0	0	1	C5	4	P1-8-16	
5205	5220	2	TR	3	0	0	0	0	1	1	0	C5	D5	0	0	P1-8-1	P1-8-1	
5220	5220	1	SA	1	1	0	0	0	1	B4	4	P1-8-17	
5220	5235	2	TR	3	0	0	0	0	1	1	0	C5	D5	0	0	P1-8-1	P1-8-1	
5235	5235	1	SA	1	1	0	0	0	1	C5	4	P1-8-18	
5235	5250	2	TR	3	0	0	0	0	1	1	0	C5	D5	0	0	P1-8-1	P1-8-1	
5250	5250	1	AN	1	1	0	0	0	1	B4	0	P1-8-2	
5250	5250	2	AN	1	1	0	0	0	1	C5	0	P1-8-3	
5250	5250	3	CH	1	1	0	0	0	1	D5	0	P1-8-4	
5310	5310	1	CH	1	1	0	0	0	1	C5	0	P1-8-5	
5370	5370	1	CH	1	3	2	0	0	3	C5	F4	A4	0	1	2	P1-8-6	P1-8-20	P1-8-10	
5670	5670	1	CH	1	1	0	0	0	1	F3	3	P1-8-26	
5730	5730	1	CH	1	2	1	0	0	2	Eb3	G3	3	3	P1-8-27	P1-8-28	
5790	5790	1	CH	1	2	1	0	0	2	C3	A3	3	3	P1-8-29	P1-8-30	
5850	5850	1	CH	1	4	3	0	0	4	Bb3	Bb2	D3	Bb1	0	1	1	3	P1-9-1	P1-9-2	P1-9-3	P1-9-10	
6060	6060	1	CH	1	2	1	0	0	2	C3	Eb3	1	1	P1-9-4	P1-9-5	
6090	6090	1	CH	1	2	1	0	0	2	D3	F3	1	1	P1-9-6	P1-9-7	
6330	6330	1	CH	1	2	1	0	0	2	D3	F3	1	1	P1-9-8	P1-9-9	
6570	6570	1	CH	1	4	3	0	0	4	D5	Bb2	D3	F3	0	1	1	1	P1-10-1	P1-10-11	P1-10-12	P1-10-13	
6660	6660	1	CH	1	1	0	0	0	1	Eb5	2	P1-10-8	
6670	6670	1	CH	1	1	0	0	0	1	D5	2	P1-10-9	
6680	6680	1	CH	1	1	0	0	0	1	C5	2	P1-10-10	
6690	6690	1	CH	4	4	0	0	3	1	1	1	1	Eb5	D5	C5	D5	0	0	0	0	P1-10-2	P1-10-2	P1-10-2	P1-10-2	
6780	6780	1	CH	1	1	0	0	0	1	Eb5	0	P1-10-3	
6810	6810	1	CH	1	1	0	0	0	1	F5	0	P1-10-4	
7050	7050	1	CH	1	5	4	0	0	5	D3	F3	Bb3	Bb1	Bb2	0	0	0	1	1	P1-10-5	P1-10-6	P1-10-7	P1-10-14	P1-10-15	
7290	7290	1	CH	1	5	4	0	0	5	A3	C3	Eb3	F1	F2	0	1	1	3	3	P1-11-1	P1-11-2	P1-11-3	P1-11-10	P1-11-11	
7500	7500	1	CH	1	2	1	0	0	2	D3	F3	1	1	P1-11-4	P1-11-5	
7530	7530	1	CH	1	2	1	0	0	2	Eb3	Gb3	1	1	P1-11-6	P1-11-7	
7770	7770	1	CH	1	2	1	0	0	2	Eb3	Gb3	1	1	P1-11-8	P1-11-9	
8010	8010	1	CH	1	4	3	0	0	4	C6	F2	Eb3	Gb3	0	1	1	1	P1-12-1	P1-12-10	P1-12-11	P1-12-12	
8100	8100	1	CH	1	1	0	0	0	1	D6	2	P1-12-7	
8110	8110	1	CH	1	1	0	0	0	1	C6	2	P1-12-8	
8120	8120	1	CH	1	1	0	0	0	1	B5	2	P1-12-9	
8130	8130	1	CH	4	4	0	0	3	1	1	1	1	D6	C6	Bb5	C6	0	0	0	0	P1-12-2	P1-12-2	P1-12-2	P1-12-2	
8220	8220	1	CH	1	1	0	0	0	1	D6	0	P1-12-3	
8250	8250	1	CH	1	1	0	0	0	1	Eb6	0	P1-12-4	
8490	8490	1	CH	1	4	3	0	0	4	Eb4	Gb4	Bb3	C4	0	0	1	1	P1-12-5	P1-12-6	P1-12-14	P1-12-15	
8730	8730	1	CH	1	4	3	0	0	4	F4	A3	C4	Eb4	0	1	1	2	P1-13-1	P1-13-6	P1-13-7	P1-13-2	
8940	8940	1	CH	1	2	1	0	0	2	B3	D4	1	1	P1-13-8	P1-13-9	
8970	8970	1	CH	1	2	1	0	0	2	C4	Eb4	1	1	P1-13-10	P1-13-11	
9210	9210	1	CH	1	2	1	0	0	2	C4	Eb4	1	1	P1-13-12	P1-13-13	
9450	9450	1	CH	1	4	3	0	0	4	C6	Eb4	C4	F3	0	1	3	5	P1-14-1	P1-14-10	P1-14-12	P1-14-15	
9540	9540	1	CH	1	1	0	0	0	1	D6	2	P1-14-7	
9550	9550	1	CH	1	1	0	0	0	1	C6	2	P1-14-8	
9560	9560	1	CH	1	1	0	0	0	1	B5	2	P1-14-9	
9570	9570	1	CH	4	4	0	0	3	1	1	1	1	D6	C6	Bb5	C6	0	0	0	0	P1-14-2	P1-14-2	P1-14-2	P1-14-2	
9660	9660	1	CH	1	1	0	0	0	1	D6	0	P1-14-3	
9690	9690	1	CH	1	2	1	0	0	2	Eb6	A3	0	3	P1-14-4	P1-14-13	
9930	9930	1	CH	1	5	4	0	0	5	A4	Eb5	Eb4	C4	F#3	0	0	1	3	5	P1-14-5	P1-14-6	P1-14-11	P1-14-14	P1-14-16	
10170	10170	1	CH	1	5	4	0	0	5	Bb4	D5	G3	Bb3	D4	0	0	1	1	1	P1-15-1	P1-15-2	P1-15-10	P1-15-11	P1-15-12	
10410	10410	1	CH	1	1	0	0	0	1	G5	0	P1-15-4	
10650	10650	1	CH	1	6	5	0	0	6	E3	Bb3	Db4	G4	Bb4	Db5	1	1	1	2	2	2	P1-15-15	P1-15-16	P1-15-17	P1-15-6	P1-15-7	P1-15-8	
10890	10890	1	CH	1	1	0	0	0	1	F5	0	P1-16-1	
11130	11130	1	CH	1	6	5	0	0	6	F3	Bb3	D4	F4	Bb4	D5	1	1	1	2	2	2	P1-16-13	P1-16-14	P1-16-15	P1-16-4	P1-16-5	P1-16-6	
11370	11370	1	CH	1	5	4	0	0	5	F2	F3	C4	Eb4	A4	1	1	2	2	2	P1-16-17	P1-16-18	P1-16-8	P1-16-9	P1-16-10	
11610	11610	1	CH	1	5	4	0	0	5	Bb3	D4	Bb4	Bb1	Bb2	0	0	0	1	1	P1-17-1	P1-17-2	P1-17-3	P1-17-7	P1-17-8	
11790	11790	1	CH	1	1	0	0	0	1	Bb2	1	P1-17-10	
11810	11810	1	CH	1	1	0	0	0	1	Bb1	1	P1-17-11	
11830	11830	1	CH	1	1	0	0	0	1	Bb2	1	P1-17-12	
11850	11850	1	CH	1	1	0	0	0	1	Bb1	1	P1-17-13	
12030	12030	1	CH	1	1	0	0	0	1	Bb2	1	P1-17-15	
12050	12050	1	CH	1	1	0	0	0	1	Bb1	1	P1-17-16	
12070	12070	1	CH	1	1	0	0	0	1	Bb2	1	P1-17-17	
12090	12090	1	CH	1	1	0	0	0	1	Bb1	1	P1-17-18	
12270	12270	1	CH	1	1	0	0	0	1	Bb2	1	P1-17-20	
12290	12290	1	CH	1	1	0	0	0	1	Bb1	1	P1-17-21	
12310	12310	1	CH	1	1	0	0	0	1	Bb2	1	P1-17-22	
12330	12330	1	CH	1	4	3	0	0	4	G3	Bb3	Eb4	Bb1	0	0	0	1	P1-18-1	P1-18-2	P1-18-3	P1-18-10	
12570	12570	1	CH	1	3	2	0	0	3	F3	Bb3	D4	0	0	0	P1-18-4	P1-18-5	P1-18-6	
12810	12810	1	CH	1	3	2	0	0	3	E3	B#3	C4	0	0	0	P1-18-7	P1-18-8	P1-18-9	
13050	13050	1	CH	1	3	2	0	0	3	E3	B#3	C4	0	0	0	P1-19-1	P1-19-2	P1-19-3	
13230	13230	1	CH	1	1	0	0	0	1	Bb2	1	P1-19-11	
13250	13250	1	CH	1	1	0	0	0	1	Bb1	1	P1-19-12	
13270	13270	1	CH	1	1	0	0	0	1	Bb2	1	P1-19-13	
13290	13290	1	CH	1	4	3	0	0	4	F3	B#3	D4	Bb1	0	0	0	1	P1-19-4	P1-19-5	P1-19-6	P1-19-14	
13470	13470	1	CH	1	1	0	0	0	1	Bb2	1	P1-19-16	
13490	13490	1	CH	1	1	0	0	0	1	Bb1	1	P1-19-17	
13510	13510	1	CH	1	1	0	0	0	1	Bb2	1	P1-19-18	
13530	13530	1	CH	1	1	0	0	0	1	Bb1	1	P1-19-19	
13710	13710	1	CH	1	1	0	0	0	1	Bb2	1	P1-19-21	
13730	13730	1	CH	1	1	0	0	0	1	Bb1	1	P1-19-22	
13750	13750	1	CH	1	1	0	0	0	1	Bb2	1	P1-19-23	
13770	13770	1	CH	1	5	4	0	0	5	Eb3	G3	Bb1	C4	C4	0	0	1	2	4	P1-20-1	P1-20-2	P1-20-15	P1-20-5	P1-20-10	
13920	13920	1	CH	1	1	0	0	0	1	D4	4	P1-20-12	
13950	13950	1	CH	1	1	0	0	0	1	C4	4	P1-20-13	
13980	13980	1	CH	1	1	0	0	0	1	Bb3	4	P1-20-14	
14010	14010	1	CH	4	4	0	0	3	1	1	1	1	D4	C4	Bb3	C4	2	2	2	2	P1-20-6	P1-20-6	P1-20-6	P1-20-6	
14130	14130	1	CH	1	1	0	0	0	1	Eb4	2	P1-20-7	
14250	14250	1	CH	1	3	2	0	0	3	Eb3	Gb3	C4	0	0	2	P1-20-3	P1-20-4	P1-20-8	
14370	14370	1	CH	1	1	0	0	0	1	A3	2	P1-20-9	
14490	14490	1	CH	1	4	3	0	0	4	Eb3	Gb3	A3	C4	0	0	0	0	P1-21-1	P1-21-2	P1-21-3	P1-21-4	
14670	14670	1	CH	1	1	0	0	0	1	Bb2	1	P1-21-12	
14690	14690	1	CH	1	1	0	0	0	1	Bb1	1	P1-21-13	
14710	14710	1	CH	1	1	0	0	0	1	Bb2	1	P1-21-14	
14730	14730	1	CH	1	4	3	0	0	4	D3	F3	Bb3	Bb1	0	0	0	1	P1-21-5	P1-21-6	P1-21-7	P1-21-15	
14910	14910	1	CH	1	1	0	0	0	1	Bb2	1	P1-21-17	
14930	14930	1	CH	1	1	0	0	0	1	Bb1	1	P1-21-18	
14950	14950	1	CH	1	1	0	0	0	1	Bb2	1	P1-21-19	
14970	14970	1	CH	1	1	0	0	0	1	Bb1	1	P1-21-20	
15150	15150	1	CH	1	1	0	0	0	1	Bb2	1	P1-21-22	
15170	15170	1	CH	1	1	0	0	0	1	Bb1	1	P1-21-23	
15190	15190	1	CH	1	1	0	0	0	1	Bb2	1	P1-21-24	
15210	15210	1	CH	1	3	2	0	0	3	D4	Bb4	Bb1	0	0	1	P1-22-1	P1-22-2	P1-22-9	
15450	15450	1	CH	1	3	2	0	0	3	Bb3	D4	G4	0	0	0	P1-22-3	P1-22-4	P1-22-5	
15690	15690	1	CH	1	3	2	0	0	3	A3	D4	F4	0	0	0	P1-22-6	P1-22-7	P1-22-8	
15930	15930	1	CH	1	3	2	0	0	3	G3	C4	E4	0	0	0	P1-23-1	P1-23-2	P1-23-3	
16110	16110	1	CH	1	1	0	0	0	1	C3	1	P1-23-15	
16130	16130	1	CH	1	1	0	0	0	1	C2	1	P1-23-16	
16150	16150	1	CH	1	1	0	0	0	1	C3	1	P1-23-17	
16170	16170	1	CH	1	1	0	0	0	1	C2	1	P1-23-18	
16290	16290	1	CH	1	3	2	0	0	3	G3	C4	E4	0	0	0	P1-23-4	P1-23-5	P1-23-6	
16350	16350	1	CH	1	1	0	0	0	1	C6	1	P1-23-20	
16370	16370	1	CH	1	1	0	0	0	1	C5	1	P1-23-21	
16390	16390	1	CH	1	1	0	0	0	1	C6	1	P1-23-22	
16410	16410	1	CH	1	4	3	0	0	4	A3	C4	F4	C5	0	0	0	1	P1-23-7	P1-23-8	P1-23-9	P1-23-23	
16530	16530	1	CH	1	3	2	0	0	3	Bb3	C4	G4	0	0	0	P1-23-10	P1-23-11	P1-23-12	
16650	16650	1	CH	1	3	2	0	0	3	Bb3	C4	G4	0	0	0	P1-24-1	P1-24-2	P1-24-3	
16830	16830	1	CH	1	4	3	0	0	4	G#3	C4	E4	C3	0	0	0	1	P1-24-4	P1-24-5	P1-24-6	P1-24-21	
16850	16850	1	CH	1	1	0	0	0	1	C2	1	P1-24-22	
16870	16870	1	CH	1	1	0	0	0	1	C3	1	P1-24-23	
16890	16890	1	CH	1	4	3	0	0	4	A3	C4	F4	C2	0	0	0	1	P1-24-7	P1-24-8	P1-24-9	P1-24-24	
17010	17010	1	CH	1	3	2	0	0	3	A3	C4	F4	0	0	0	P1-24-10	P1-24-11	P1-24-12	
17070	17070	1	CH	1	1	0	0	0	1	C6	1	P1-24-26	
17090	17090	1	CH	1	1	0	0	0	1	C5	1	P1-24-27	
17110	17110	1	CH	1	1	0	0	0	1	C6	1	P1-24-28	
17130	17130	1	CH	1	4	3	0	0	4	C4	E4	G4	C5	0	0	0	1	P1-24-13	P1-24-14	P1-24-15	P1-24-29	
17250	17250	1	CH	1	3	2	0	0	3	C4	F4	A4	0	0	0	P1-24-16	P1-24-17	P1-24-18	
17370	17370	1	CH	1	3	2	0	0	3	Eb4	A4	C4	0	0	2	P1-25-1	P1-25-2	P1-25-16	
17550	17550	1	CH	1	3	2	0	0	3	D#4	F#4	C3	0	0	1	P1-25-3	P1-25-4	P1-25-20	
17570	17570	1	CH	1	1	0	0	0	1	C2	1	P1-25-21	
17590	17590	1	CH	1	1	0	0	0	1	C3	1	P1-25-22	
17610	17610	1	CH	1	3	2	0	0	3	E4	G4	C2	0	0	1	P1-25-5	P1-25-6	P1-25-23	
17730	17730	1	CH	1	3	2	0	0	3	C4	E4	G4	0	0	0	P1-25-7	P1-25-8	P1-25-9	
17790	17790	1	CH	1	1	0	0	0	1	C6	1	P1-25-25	
17810	17810	1	CH	1	1	0	0	0	1	C5	1	P1-25-26	
17830	17830	1	CH	1	1	0	0	0	1	C6	1	P1-25-27	
17850	17850	1	CH	1	4	3	0	0	4	C4	F4	A4	C5	0	0	0	1	P1-25-10	P1-25-11	P1-25-12	P1-25-28	
17970	17970	1	CH	1	3	2	0	0	3	C4	G4	Bb4	0	0	0	P1-25-13	P1-25-14	P1-25-15	
18090	18090	1	CH	1	3	2	0	0	3	G4	Bb4	C4	0	0	2	P1-26-1	P1-26-2	P1-26-18	
18270	18270	1	CH	1	3	2	0	0	3	E4	G#4	C3	0	0	1	P1-26-3	P1-26-4	P1-26-22	
18290	18290	1	CH	1	1	0	0	0	1	C2	1	P1-26-23	
18310	18310	1	CH	1	1	0	0	0	1	C3	1	P1-26-24	
18330	18330	1	CH	1	3	2	0	0	3	F4	A4	C2	0	0	1	P1-26-5	P1-26-6	P1-26-25	
18450	18450	1	CH	1	3	2	0	0	3	C4	F4	A4	0	0	0	P1-26-7	P1-26-8	P1-26-9	
18510	18510	1	CH	1	1	0	0	0	1	C6	1	P1-26-27	
18530	18530	1	CH	1	1	0	0	0	1	C5	1	P1-26-28	
18550	18550	1	CH	1	1	0	0	0	1	C6	1	P1-26-29	
18570	18570	1	CH	1	5	4	0	0	5	D4	F4	Ab4	Bb4	C5	0	0	0	0	1	P1-26-10	P1-26-11	P1-26-12	P1-26-13	P1-26-30	
18690	18690	1	CH	1	4	3	0	0	4	D4	F4	Ab4	Bb4	0	0	0	0	P1-26-14	P1-26-15	P1-26-16	P1-26-17	
18750	18750	1	CH	1	1	0	0	0	1	C6	1	P1-26-32	
18770	18770	1	CH	1	1	0	0	0	1	C5	1	P1-26-33	
18790	18790	1	CH	1	1	0	0	0	1	C6	1	P1-26-34	
18810	18810	1	CH	1	3	2	0	0	3	E4	G4	C5	0	0	0	P1-27-1	P1-27-2	P1-27-3	
18930	18930	1	CH	1	3	2	0	0	3	C4	E4	G4	0	0	0	P1-27-4	P1-27-5	P1-27-6	
18990	18990	1	CH	1	1	0	0	0	1	C3	1	P1-27-18	
19020	19020	1	CH	1	1	0	0	0	1	C2	1	P1-27-19	
19050	19050	1	CH	1	1	0	0	0	1	C3	1	P1-27-20	
19170	19170	1	CH	1	3	2	0	0	3	C4	E4	G4	0	0	0	P1-27-7	P1-27-8	P1-27-9	
19230	19230	1	CH	1	1	0	0	0	1	C6	1	P1-27-22	
19260	19260	1	CH	1	1	0	0	0	1	C5	1	P1-27-23	
19290	19290	1	CH	1	4	3	0	0	4	D4	F4	B4	C6	0	0	0	1	P1-27-10	P1-27-11	P1-27-12	P1-27-24	
19410	19410	1	CH	1	3	2	0	0	3	D4	F4	G4	0	0	0	P1-27-13	P1-27-14	P1-27-15	
19530	19530	1	CH	1	3	2	0	0	3	C4	E4	C5	0	0	0	P1-28-1	P1-28-2	P1-28-3	
19650	19650	1	CH	1	3	2	0	0	3	C4	E4	G4	0	0	0	P1-28-4	P1-28-5	P1-28-6	
19710	19710	1	CH	1	1	0	0	0	1	C3	1	P1-28-18	
19740	19740	1	CH	1	1	0	0	0	1	C2	1	P1-28-19	
19770	19770	1	CH	1	1	0	0	0	1	C3	1	P1-28-20	
19890	19890	1	CH	1	3	2	0	0	3	C4	E4	G4	0	0	0	P1-28-7	P1-28-8	P1-28-9	
19950	19950	1	CH	1	1	0	0	0	1	C6	1	P1-28-22	
19980	19980	1	CH	1	1	0	0	0	1	C5	1	P1-28-23	
20010	20010	1	CH	1	4	3	0	0	4	D4	F4	B4	C6	0	0	0	1	P1-28-10	P1-28-11	P1-28-12	P1-28-24	
20130	20130	1	CH	1	3	2	0	0	3	D4	F4	G4	0	0	0	P1-28-13	P1-28-14	P1-28-15	
20250	20250	1	CH	1	3	2	0	0	3	C4	E4	C5	0	0	0	P1-29-1	P1-29-2	P1-29-3	
20370	20370	1	CH	1	3	2	0	0	3	C4	E4	G4	0	0	0	P1-29-4	P1-29-5	P1-29-6	
20430	20430	1	CH	1	1	0	0	0	1	C3	1	P1-29-15	
20460	20460	1	CH	1	1	0	0	0	1	C2	1	P1-29-16	
20490	20490	1	CH	1	1	0	0	0	1	C3	1	P1-29-17	
20610	20610	1	CH	1	3	2	0	0	3	G3	C4	E4	0	0	0	P1-29-7	P1-29-8	P1-29-9	
20670	20670	1	CH	1	1	0	0	0	1	C3	1	P1-29-19	
20700	20700	1	CH	1	1	0	0	0	1	C2	1	P1-29-20	
20730	20730	1	CH	1	1	0	0	0	1	C3	1	P1-29-21	
20850	20850	1	CH	1	3	2	0	0	3	Eb3	G3	C4	0	0	0	P1-29-10	P1-29-11	P1-29-12	
20910	20910	1	CH	1	1	0	0	0	1	C3	1	P1-29-23	
20940	20940	1	CH	1	1	0	0	0	1	C2	1	P1-29-24	
20970	20970	1	CH	1	1	0	0	0	1	C3	1	P1-30-13	
21090	21090	1	CH	1	1	0	0	0	1	C4	1	P1-30-14	
21210	21210	1	CH	1	1	0	0	0	1	B3	1	P1-30-15	
21330	21330	1	CH	1	2	1	0	0	2	Bb3	C4	1	3	P1-30-16	P1-30-19	
21450	21450	1	CH	1	1	0	0	0	1	A3	1	P1-30-17	
21510	21510	1	CH	1	1	0	0	0	1	D4	0	P1-30-7	
21540	21540	1	CH	1	1	0	0	0	1	E4	0	P1-30-8	
21570	21570	1	CH	1	3	2	0	0	3	F4	G3	Bb3	0	1	3	P1-30-9	P1-30-18	P1-30-20	
21600	21600	1	CH	1	1	0	0	0	1	G4	0	P1-30-10	
21630	21630	1	CH	1	1	0	0	0	1	A4	0	P1-30-11	
21660	21660	1	CH	1	1	0	0	0	1	Bb4	0	P1-30-12	
21690	21690	1	CH	1	2	1	0	0	2	C5	F2	0	1	P1-31-1	P1-31-9	
21810	21810	1	CH	1	1	0	0	0	1	F3	1	P1-31-10	
21930	21930	1	CH	1	3	2	0	0	3	A3	C4	F4	1	1	2	P1-31-11	P1-31-12	P1-31-7	
22050	22050	1	CH	1	1	0	0	0	1	F3	1	P1-31-13	
22140	22140	1	CH	1	1	0	0	0	1	A4	0	P1-31-3	
22170	22170	1	CH	1	4	3	0	0	4	F5	Bb3	D4	F4	0	1	1	2	P1-31-4	P1-31-14	P1-31-15	P1-31-8	
22290	22290	1	CH	1	1	0	0	0	1	F3	1	P1-31-16	
22380	22380	1	CH	1	1	0	0	0	1	D5	0	P1-31-5	
22410	22410	1	CH	1	3	2	0	0	3	C5	A3	C4	0	1	1	P1-32-1	P1-32-10	P1-32-11	
22530	22530	1	CH	1	1	0	0	0	1	F3	1	P1-32-12	
22650	22650	1	CH	1	3	2	0	0	3	A3	C4	F4	1	1	2	P1-32-13	P1-32-14	P1-32-7	
22770	22770	1	CH	1	1	0	0	0	1	F3	1	P1-32-15	
22860	22860	1	CH	1	1	0	0	0	1	A4	0	P1-32-3	
22890	22890	1	CH	1	3	2	0	0	3	Bb4	D3	F4	0	1	2	P1-32-4	P1-32-16	P1-32-8	
23010	23010	1	CH	1	2	1	0	0	2	Bb2	D4	1	2	P1-32-17	P1-32-9	
23100	23100	1	CH	1	1	0	0	0	1	G4	0	P1-32-5	
23130	23130	1	CH	1	2	1	0	0	2	F4	C2	0	1	P1-33-1	P1-33-10	
23250	23250	1	CH	1	2	1	0	0	2	C3	A3	1	2	P1-33-11	P1-33-7	
23370	23370	1	CH	1	3	2	0	0	3	F3	A3	C4	1	1	2	P1-33-12	P1-33-13	P1-33-8	
23490	23490	1	CH	1	1	0	0	0	1	C3	1	P1-33-14	
23610	23610	1	CH	1	4	3	0	0	4	A4	E3	G3	C4	0	1	1	2	P1-33-2	P1-33-15	P1-33-16	P1-33-9	
23670	23670	1	CH	1	1	0	0	0	1	G4	0	P1-33-3	
23730	23730	1	CH	1	2	1	0	0	2	F4	C3	0	1	P1-33-4	P1-33-17	
23790	23790	1	CH	1	1	0	0	0	1	G4	0	P1-33-5	
23850	23850	1	CH	1	4	3	0	0	4	G4	E3	C4	F2	0	1	2	3	P1-34-1	P1-34-15	P1-34-13	P1-34-21	
23970	23970	1	CH	1	1	0	0	0	1	C3	1	P1-34-16	
24060	24060	1	CH	1	1	0	0	0	1	G#4	0	P1-34-2	
24090	24090	1	CH	1	2	1	0	0	2	A4	F3	0	1	P1-34-3	P1-34-17	
24210	24210	1	CH	1	1	0	0	0	1	A2	1	P1-34-18	
24330	24330	1	CH	1	1	0	0	0	1	Bb2	1	P1-34-19	
24360	24360	1	CH	1	1	0	0	0	1	C4	0	P1-34-6	
24390	24390	1	CH	1	1	0	0	0	1	D4	0	P1-34-7	
24420	24420	1	CH	1	1	0	0	0	1	E4	0	P1-34-8	
24450	24450	1	CH	1	2	1	0	0	2	F4	G2	0	1	P1-34-9	P1-34-20	
24480	24480	1	CH	1	1	0	0	0	1	G4	0	P1-34-10	
24510	24510	1	CH	1	1	0	0	0	1	A4	0	P1-34-11	
24540	24540	1	CH	1	1	0	0	0	1	Bb4	0	P1-34-12	
24570	24570	1	CH	1	2	1	0	0	2	C5	F2	0	1	P1-35-1	P1-35-9	
24690	24690	1	CH	1	1	0	0	0	1	F3	1	P1-35-10	
24750	24750	1	CH	1	1	0	0	0	1	E4	2	P1-35-7	
24810	24810	1	CH	1	3	2	0	0	3	A3	C4	F4	1	1	2	P1-35-11	P1-35-12	P1-35-8	
24930	24930	1	CH	1	1	0	0	0	1	F3	1	P1-35-13	
25020	25020	1	CH	1	1	0	0	0	1	A4	0	P1-35-3	
25050	25050	1	CH	1	3	2	0	0	3	F5	Bb3	D4	0	1	1	P1-35-4	P1-35-14	P1-35-15	
25170	25170	1	CH	1	1	0	0	0	1	F3	1	P1-35-16	
25260	25260	1	CH	1	1	0	0	0	1	D5	0	P1-35-5	
25290	25290	1	CH	1	3	2	0	0	3	C5	A3	C4	0	1	1	P1-36-1	P1-36-12	P1-36-13	
25410	25410	1	CH	1	1	0	0	0	1	F3	1	P1-36-14	
25470	25470	1	CH	1	1	0	0	0	1	E4	2	P1-36-8	
25530	25530	1	CH	1	3	2	0	0	3	A3	C4	F4	1	1	2	P1-36-15	P1-36-16	P1-36-9	
25650	25650	1	CH	1	1	0	0	0	1	F3	1	P1-36-17	
25740	25740	1	CH	1	1	0	0	0	1	A4	0	P1-36-3	
25770	25770	1	CH	1	3	2	0	0	3	C5	D3	F4	0	1	2	P1-36-4	P1-36-18	P1-36-10	
25830	25830	1	CH	1	1	0	0	0	1	Bb4	0	P1-36-5	
25890	25890	1	CH	1	2	1	0	0	2	Bb2	D4	1	2	P1-36-19	P1-36-11	
25950	25950	1	CH	1	1	0	0	0	1	G4	0	P1-36-6	
26010	26010	1	CH	1	3	2	0	0	3	F4	A3	C3	0	1	3	P1-37-1	P1-37-3	P1-37-14	
26130	26130	1	CH	1	2	1	0	0	2	F3	A3	1	1	P1-37-4	P1-37-5	
26250	26250	1	CH	1	2	1	0	0	2	A3	C4	1	1	P1-37-6	P1-37-7	
26370	26370	1	CH	1	2	1	0	0	2	F3	A3	1	1	P1-37-8	P1-37-9	
26490	26490	1	CH	1	4	3	0	0	4	C4	E3	G3	C2	0	1	1	3	P1-37-2	P1-37-10	P1-37-11	P1-37-15	
26610	26610	1	CH	1	2	1	0	0	2	C3	E3	1	1	P1-37-12	P1-37-13	
26730	26730	1	CH	1	5	4	0	0	5	C3	F3	A3	F1	F2	0	0	0	1	1	P1-38-1	P1-38-2	P1-38-3	P1-38-8	P1-38-9	
26910	26910	1	CH	1	1	0	0	0	1	F2	1	P1-38-11	
26930	26930	1	CH	1	1	0	0	0	1	F1	1	P1-38-12	
26950	26950	1	CH	1	1	0	0	0	1	F2	1	P1-38-13	
26970	26970	1	CH	1	1	0	0	0	1	F1	1	P1-38-14	
27150	27150	1	CH	1	1	0	0	0	1	F2	1	P1-38-16	
27170	27170	1	CH	1	1	0	0	0	1	F1	1	P1-38-17	
27190	27190	1	CH	1	1	0	0	0	1	F2	1	P1-38-18	
27210	27210	1	CH	1	1	0	0	0	1	F1	1	P1-38-19	
27330	27330	1	CH	1	1	0	0	0	1	F4	0	P1-38-7	
27450	27450	1	CH	1	1	0	0	0	1	F4	0	P1-39-1	
27630	27630	1	CH	1	1	0	0	0	1	F2	1	P1-39-10	
27650	27650	1	CH	1	1	0	0	0	1	F1	1	P1-39-11	
27670	27670	1	CH	1	1	0	0	0	1	F2	1	P1-39-12	
27690	27690	1	CH	1	5	4	0	0	5	Gb4	F1	A3	C4	Eb4	0	1	2	2	2	P1-39-2	P1-39-13	P1-39-5	P1-39-6	P1-39-7	
27870	27870	1	CH	1	1	0	0	0	1	F2	1	P1-39-15	
27890	27890	1	CH	1	1	0	0	0	1	F1	1	P1-39-16	
27910	27910	1	CH	1	1	0	0	0	1	F2	1	P1-39-17	
27930	27930	1	CH	1	1	0	0	0	1	F1	1	P1-39-18	
28050	28050	1	CH	1	1	0	0	0	1	Gb4	0	P1-39-3	
28170	28170	1	CH	1	1	0	0	0	1	Gb4	0	P1-40-1	
28350	28350	1	CH	1	1	0	0	0	1	F2	1	P1-40-10	
28370	28370	1	CH	1	1	0	0	0	1	F1	1	P1-40-11	
28390	28390	1	CH	1	1	0	0	0	1	F2	1	P1-40-12	
28410	28410	1	CH	1	4	3	0	0	4	F1	C4	Eb4	A4	1	2	2	4	P1-40-13	P1-40-4	P1-40-5	P1-40-6	
28590	28590	1	CH	1	1	0	0	0	1	F2	1	P1-40-15	
28610	28610	1	CH	1	1	0	0	0	1	F1	1	P1-40-16	
28630	28630	1	CH	1	1	0	0	0	1	F2	1	P1-40-17	
28650	28650	1	CH	1	1	0	0	0	1	F1	1	P1-40-18	
28770	28770	1	CH	1	1	0	0	0	1	A4	4	P1-40-7	
28890	28890	1	CH	1	1	0	0	0	1	A4	0	P1-41-1	
29070	29070	1	CH	1	1	0	0	0	1	F2	1	P1-41-10	
29090	29090	1	CH	1	1	0	0	0	1	F1	1	P1-41-11	
29110	29110	1	CH	1	1	0	0	0	1	F2	1	P1-41-12	
29130	29130	1	CH	1	4	3	0	0	4	F1	Eb4	Gb4	C5	1	2	2	4	P1-41-13	P1-41-4	P1-41-5	P1-41-6	
29310	29310	1	CH	1	1	0	0	0	1	F2	1	P1-41-15	
29330	29330	1	CH	1	1	0	0	0	1	F1	1	P1-41-16	
29350	29350	1	CH	1	1	0	0	0	1	F2	1	P1-41-17	
29370	29370	1	CH	1	1	0	0	0	1	F1	1	P1-41-18	
29490	29490	1	CH	1	1	0	0	0	1	C5	4	P1-41-7	
29610	29610	1	CH	1	1	0	0	0	1	C5	0	P1-42-1	
29730	29730	1	CH	1	1	0	0	0	1	Eb5	0	P1-42-2	
29790	29790	1	CH	1	2	1	0	0	2	A3	C4	1	1	P1-42-20	P1-42-21	
29810	29810	1	CH	1	1	0	0	0	1	F3	1	P1-42-22	
29830	29830	1	CH	1	2	1	0	0	2	A3	C4	1	1	P1-42-23	P1-42-24	
29850	29850	1	CH	1	1	0	0	0	1	F3	1	P1-42-25	
29910	29910	1	CH	1	1	0	0	0	1	D5	0	P1-42-4	
29940	29940	1	CH	1	1	0	0	0	1	C5	0	P1-42-5	
29970	29970	1	CH	1	1	0	0	0	1	Bb4	0	P1-42-6	
30000	30000	1	CH	1	1	0	0	0	1	A4	0	P1-42-7	
30030	30030	1	CH	1	1	0	0	0	1	G4	0	P1-42-8	
30060	30060	1	CH	1	1	0	0	0	1	F4	0	P1-42-9	
30090	30090	1	CH	1	1	0	0	0	1	E4	0	P1-42-10	
30120	30120	1	CH	1	1	0	0	0	1	Eb4	0	P1-42-11	
30150	30150	1	CH	1	1	0	0	0	1	D4	0	P1-42-12	
30180	30180	1	CH	1	1	0	0	0	1	C4	0	P1-42-13	
30210	30210	1	CH	1	1	0	0	0	1	Bb3	0	P1-42-14	
30240	30240	1	CH	1	1	0	0	0	1	A3	0	P1-42-15	
30270	30270	1	CH	1	1	0	0	0	1	Eb4	0	P1-42-16	
30300	30300	1	CH	1	1	0	0	0	1	A3	0	P1-42-17	
30330	30330	1	CH	1	5	4	0	0	5	Bb3	Bb1	Bb2	D3	D3	0	1	1	3	5	P1-43-1	P1-43-2	P1-43-3	P1-43-4	P1-43-8	
30540	30540	1	CH	1	1	0	0	0	1	Eb3	3	P1-43-5	
30570	30570	1	CH	1	1	0	0	0	1	F3	3	P1-43-6	
30810	30810	1	CH	1	1	0	0	0	1	F3	3	P1-43-7	
31050	31050	1	CH	1	4	3	0	0	4	D5	Bb2	D3	F3	0	1	1	1	P1-44-1	P1-44-10	P1-44-11	P1-44-12	
31140	31140	1	CH	1	1	0	0	0	1	Eb5	2	P1-44-7	
31150	31150	1	CH	1	1	0	0	0	1	D5	2	P1-44-8	
31160	31160	1	CH	1	1	0	0	0	1	C5	2	P1-44-9	
31170	31170	1	CH	4	4	0	0	3	1	1	1	1	Eb5	D5	C5	D5	0	0	0	0	P1-44-2	P1-44-2	P1-44-2	P1-44-2	
31260	31260	1	CH	1	1	0	0	0	1	Eb5	0	P1-44-3	
31290	31290	1	CH	1	1	0	0	0	1	F5	0	P1-44-4	
31530	31530	1	CH	1	5	4	0	0	5	D3	Bb3	Bb1	F2	Bb2	0	0	1	1	1	P1-44-5	P1-44-6	P1-44-13	P1-44-14	P1-44-15	
31770	31770	1	CH	1	6	5	0	0	6	Eb3	A3	Eb3	Bb1	F2	C3	0	0	1	3	3	3	P1-45-1	P1-45-2	P1-45-3	P1-45-7	P1-45-8	P1-45-9	
31980	31980	1	CH	1	1	0	0	0	1	F3	1	P1-45-4	
32010	32010	1	CH	1	1	0	0	0	1	Gb3	1	P1-45-5	
32250	32250	1	CH	1	1	0	0	0	1	Gb3	1	P1-45-6	
32490	32490	1	CH	1	4	3	0	0	4	A5	C4	Eb4	Gb3	0	1	1	3	P1-46-1	P1-46-10	P1-46-11	P1-46-13	
32580	32580	1	CH	1	1	0	0	0	1	Bb5	2	P1-46-7	
32590	32590	1	CH	1	1	0	0	0	1	A5	2	P1-46-8	
32600	32600	1	CH	1	1	0	0	0	1	G5	2	P1-46-9	
32610	32610	1	CH	4	4	0	0	3	1	1	1	1	Bb5	A5	G5	A5	0	0	0	0	P1-46-2	P1-46-2	P1-46-2	P1-46-2	
32700	32700	1	CH	1	1	0	0	0	1	Bb5	0	P1-46-3	
32730	32730	1	CH	1	2	1	0	0	2	C6	F3	0	3	P1-46-4	P1-46-14	
32970	32970	1	CH	1	4	3	0	0	4	C4	Eb4	F3	A2	0	0	1	3	P1-46-5	P1-46-6	P1-46-12	P1-46-15	
33210	33210	1	CH	1	5	4	0	0	5	F3	D4	Ab3	Bb1	Bb2	0	0	1	3	3	P1-47-1	P1-47-2	P1-47-3	P1-47-7	P1-47-8	
33420	33420	1	CH	1	1	0	0	0	1	Bb3	1	P1-47-4	
33450	33450	1	CH	1	1	0	0	0	1	Cb4	1	P1-47-5	
33690	33690	1	CH	1	1	0	0	0	1	Cb4	1	P1-47-6	
33930	33930	1	CH	1	4	3	0	0	4	D5	F4	Ab4	Cb4	0	1	1	3	P1-48-1	P1-48-10	P1-48-11	P1-48-13	
34020	34020	1	CH	1	1	0	0	0	1	Eb5	2	P1-48-7	
34030	34030	1	CH	1	1	0	0	0	1	D5	2	P1-48-8	
34040	34040	1	CH	1	1	0	0	0	1	C5	2	P1-48-9	
34050	34050	1	CH	4	4	0	0	3	1	1	1	1	Eb5	D5	C5	D5	0	0	0	0	P1-48-2	P1-48-2	P1-48-2	P1-48-2	
34140	34140	1	CH	1	1	0	0	0	1	Eb5	0	P1-48-3	
34170	34170	1	CH	1	2	1	0	0	2	F5	Bb3	0	3	P1-48-4	P1-48-14	
34410	34410	1	CH	1	4	3	0	0	4	Ab4	F5	Bb3	D3	0	0	1	3	P1-48-5	P1-48-6	P1-48-12	P1-48-15	
34650	34650	1	CH	1	4	3	0	0	4	F5	Bb3	G4	Eb3	0	1	2	3	P1-49-1	P1-49-10	P1-49-6	P1-49-16	
34770	34770	1	CH	1	1	0	0	0	1	B3	1	P1-49-11	
34890	34890	1	CH	1	2	1	0	0	2	Eb5	C4	0	1	P1-49-2	P1-49-12	
35010	35010	1	CH	1	4	3	0	0	4	D5	D4	Bb4	F3	0	1	2	3	P1-49-3	P1-49-13	P1-49-7	P1-49-17	
35130	35130	1	CH	1	4	3	0	0	4	C5	Eb4	Bb4	G3	0	1	2	3	P1-49-4	P1-49-14	P1-49-8	P1-49-18	
35250	35250	1	CH	1	4	3	0	0	4	C5	E4	Bb4	G3	0	1	2	3	P1-49-5	P1-49-15	P1-49-9	P1-49-19	
35370	35370	1	SA	1	4	3	0	0	4	E4	Bb4	F3	D5	1	2	3	4	P1-50-28	P1-50-18	P1-50-32	P1-50-20	
35370	35385	2	TR	3	0	0	0	0	1	1	0	C5	D5	0	0	P1-50-1	P1-50-1	
35385	35385	1	SA	1	1	0	0	0	1	C5	4	P1-50-21	
35385	35400	2	TR	3	0	0	0	0	1	1	0	C5	D5	0	0	P1-50-1	P1-50-1	
35400	35400	1	SA	1	1	0	0	0	1	D5	4	P1-50-22	
35400	35415	2	TR	3	0	0	0	0	1	1	0	C5	D5	0	0	P1-50-1	P1-50-1	
35415	35415	1	SA	1	1	0	0	0	1	C5	4	P1-50-23	
35415	35430	2	TR	3	0	0	0	0	1	1	0	C5	D5	0	0	P1-50-1	P1-50-1	
35430	35430	1	SA	1	1	0	0	0	1	D5	4	P1-50-24	
35430	35445	2	TR	3	0	0	0	0	1	1	0	C5	D5	0	0	P1-50-1	P1-50-1	
35445	35445	1	SA	1	1	0	0	0	1	C5	4	P1-50-25	
35445	35460	2	TR	3	0	0	0	0	1	1	0	C5	D5	0	0	P1-50-1	P1-50-1	
35460	35460	1	SA	1	1	0	0	0	1	B4	4	P1-50-26	
35460	35475	2	TR	3	0	0	0	0	1	1	0	C5	D5	0	0	P1-50-1	P1-50-1	
35475	35475	1	SA	1	1	0	0	0	1	C5	4	P1-50-27	
35475	35490	2	TR	3	0	0	0	0	1	1	0	C5	D5	0	0	P1-50-1	P1-50-1	
35490	35490	1	AN	1	1	0	0	0	1	B4	0	P1-50-2	
35490	35490	2	AN	1	1	0	0	0	1	C5	0	P1-50-3	
35490	35490	3	CH	1	1	0	0	0	1	D5	0	P1-50-4	
35550	35550	1	CH	1	1	0	0	0	1	C5	0	P1-50-5	
35610	35610	1	CH	1	3	2	0	0	3	C5	F4	A4	0	1	2	P1-50-6	P1-50-29	P1-50-19	
35880	35880	1	CH	1	1	0	0	0	1	F3	0	P1-50-9	
35910	35910	1	CH	1	1	0	0	0	1	G3	0	P1-50-10	
35940	35940	1	CH	1	1	0	0	0	1	F3	0	P1-50-11	
35970	35970	1	CH	1	1	0	0	0	1	E3	0	P1-50-12	
36000	36000	1	CH	1	1	0	0	0	1	F3	0	P1-50-13	
36030	36030	1	CH	1	2	1	0	0	2	Eb3	G3	0	0	P1-50-14	P1-50-15	
36060	36060	1	CH	1	2	1	0	0	2	C3	A3	0	0	P1-50-16	P1-50-17	
36090	36090	1	CH	1	4	3	0	0	4	Bb3	Bb1	Bb2	D3	0	1	2	2	P1-51-1	P1-51-10	P1-51-2	P1-51-3	
36300	36300	1	CH	1	2	1	0	0	2	C3	Eb3	2	2	P1-51-4	P1-51-5	
36330	36330	1	CH	1	2	1	0	0	2	D3	F3	2	2	P1-51-6	P1-51-7	
36360	36360	1	CH	1	1	0	0	0	1	Bb5	1	P1-51-13	
36390	36390	1	CH	1	1	0	0	0	1	D6	1	P1-51-14	
36420	36420	1	CH	1	1	0	0	0	1	Bb5	1	P1-51-15	
36450	36450	1	CH	1	1	0	0	0	1	F5	1	P1-51-16	
36480	36480	1	CH	1	1	0	0	0	1	Bb5	1	P1-51-17	
36510	36510	1	CH	1	1	0	0	0	1	D5	1	P1-51-18	
36540	36540	1	CH	1	1	0	0	0	1	F5	1	P1-51-19	
36570	36570	1	CH	1	3	2	0	0	3	Bb4	D3	F3	1	2	2	P1-51-20	P1-51-8	P1-51-9	
36600	36600	1	CH	1	1	0	0	0	1	D5	1	P1-51-21	
36630	36630	1	CH	1	1	0	0	0	1	F4	1	P1-51-22	
36660	36660	1	CH	1	1	0	0	0	1	Bb4	1	P1-51-23	
36690	36690	1	CH	1	1	0	0	0	1	D4	1	P1-51-24	
36720	36720	1	CH	1	1	0	0	0	1	F4	1	P1-51-25	
36750	36750	1	CH	1	1	0	0	0	1	Bb3	1	P1-51-26	
36780	36780	1	CH	1	1	0	0	0	1	D4	1	P1-51-27	
36810	36810	1	CH	1	2	1	0	0	2	D5	F3	0	1	P1-52-1	P1-52-9	
36840	36840	1	CH	1	1	0	0	0	1	Bb3	1	P1-52-10	
36870	36870	1	CH	1	1	0	0	0	1	D3	1	P1-52-11	
36900	36900	1	CH	1	2	1	0	0	2	F3	Eb5	1	2	P1-52-12	P1-52-6	
36910	36910	1	CH	1	1	0	0	0	1	D5	2	P1-52-7	
36920	36920	1	CH	1	1	0	0	0	1	C5	2	P1-52-8	
36930	36930	1	CH	4	5	1	0	3	2	1	1	1	Eb5	Bb2	D5	C5	D5	0	1	0	0	0	P1-52-2	P1-52-13	P1-52-2	P1-52-2	P1-52-2	
36960	36960	1	CH	1	1	0	0	0	1	D3	1	P1-52-14	
36990	36990	1	CH	1	1	0	0	0	1	F2	1	P1-52-15	
37020	37020	1	CH	1	2	1	0	0	2	Eb5	Bb2	0	1	P1-52-3	P1-52-16	
37050	37050	1	CH	1	2	1	0	0	2	F5	D2	0	1	P1-52-4	P1-52-17	
37080	37080	1	CH	1	1	0	0	0	1	Bb1	1	P1-52-18	
37110	37110	1	CH	1	1	0	0	0	1	D2	1	P1-52-19	
37140	37140	1	CH	1	1	0	0	0	1	F2	1	P1-52-20	
37170	37170	1	CH	1	1	0	0	0	1	Bb2	1	P1-52-21	
37200	37200	1	CH	1	1	0	0	0	1	D2	1	P1-52-22	
37230	37230	1	CH	1	1	0	0	0	1	F2	1	P1-52-23	
37260	37260	1	CH	1	1	0	0	0	1	Bb2	1	P1-52-24	
37290	37290	1	CH	1	2	1	0	0	2	Bb3	D3	0	1	P1-52-5	P1-52-25	
37320	37320	1	CH	1	1	0	0	0	1	Bb2	1	P1-52-26	
37350	37350	1	CH	1	1	0	0	0	1	F2	1	P1-52-27	
37380	37380	1	CH	1	1	0	0	0	1	D2	1	P1-52-28	
37410	37410	1	CH	1	1	0	0	0	1	Bb2	1	P1-52-29	
37440	37440	1	CH	1	1	0	0	0	1	F2	1	P1-52-30	
37470	37470	1	CH	1	1	0	0	0	1	D2	1	P1-52-31	
37500	37500	1	CH	1	1	0	0	0	1	Bb1	1	P1-52-32	
37530	37530	1	CH	1	4	3	0	0	4	A3	F1	C3	Eb3	0	1	2	2	P1-53-1	P1-53-10	P1-53-2	P1-53-3	
37740	37740	1	CH	1	2	1	0	0	2	D3	F3	2	2	P1-53-4	P1-53-5	
37770	37770	1	CH	1	2	1	0	0	2	Eb3	Gb3	2	2	P1-53-6	P1-53-7	
37800	37800	1	CH	1	1	0	0	0	1	C6	1	P1-53-13	
37830	37830	1	CH	1	1	0	0	0	1	Eb6	1	P1-53-14	
37860	37860	1	CH	1	1	0	0	0	1	C6	1	P1-53-15	
37890	37890	1	CH	1	1	0	0	0	1	A5	1	P1-53-16	
37920	37920	1	CH	1	1	0	0	0	1	C6	1	P1-53-17	
37950	37950	1	CH	1	1	0	0	0	1	Gb5	1	P1-53-18	
37980	37980	1	CH	1	1	0	0	0	1	A5	1	P1-53-19	
38010	38010	1	CH	1	3	2	0	0	3	Eb5	Eb3	Gb3	1	2	2	P1-53-20	P1-53-8	P1-53-9	
38040	38040	1	CH	1	1	0	0	0	1	Gb5	1	P1-53-21	
38070	38070	1	CH	1	1	0	0	0	1	C5	1	P1-53-22	
38100	38100	1	CH	1	1	0	0	0	1	Eb5	1	P1-53-23	
38130	38130	1	CH	1	1	0	0	0	1	A4	1	P1-53-24	
38160	38160	1	CH	1	1	0	0	0	1	C5	1	P1-53-25	
38190	38190	1	CH	1	1	0	0	0	1	Gb4	1	P1-53-26	
38220	38220	1	CH	1	1	0	0	0	1	A4	1	P1-53-27	
38250	38250	1	CH	1	2	1	0	0	2	C6	Eb4	0	1	P1-54-1	P1-54-11	
38280	38280	1	CH	1	1	0	0	0	1	Gb4	1	P1-54-12	
38310	38310	1	CH	1	1	0	0	0	1	C4	1	P1-54-13	
38340	38340	1	CH	1	2	1	0	0	2	Eb4	D6	1	2	P1-54-14	P1-54-8	
38350	38350	1	CH	1	1	0	0	0	1	C6	2	P1-54-9	
38360	38360	1	CH	1	1	0	0	0	1	B5	2	P1-54-10	
38370	38370	1	CH	4	5	1	0	3	2	1	1	1	D6	A3	C6	Bb5	C6	0	1	0	0	0	P1-54-2	P1-54-15	P1-54-2	P1-54-2	P1-54-2	
38400	38400	1	CH	1	1	0	0	0	1	C4	1	P1-54-16	
38430	38430	1	CH	1	1	0	0	0	1	Gb3	1	P1-54-17	
38460	38460	1	CH	1	2	1	0	0	2	D6	A3	0	1	P1-54-3	P1-54-18	
38490	38490	1	CH	1	2	1	0	0	2	Eb6	C3	0	1	P1-54-4	P1-54-19	
38520	38520	1	CH	1	1	0	0	0	1	Gb3	1	P1-54-20	
38550	38550	1	CH	1	1	0	0	0	1	Eb3	1	P1-54-21	
38580	38580	1	CH	1	1	0	0	0	1	A3	1	P1-54-22	
38610	38610	1	CH	1	1	0	0	0	1	Gb3	1	P1-54-23	
38640	38640	1	CH	1	1	0	0	0	1	C4	1	P1-54-24	
38670	38670	1	CH	1	1	0	0	0	1	A3	1	P1-54-25	
38700	38700	1	CH	1	1	0	0	0	1	Gb3	1	P1-54-26	
38730	38730	1	CH	1	3	2	0	0	3	C4	Eb4	Gb4	0	0	0	P1-54-5	P1-54-6	P1-54-7	
38760	38760	1	CH	1	1	0	0	0	1	Eb3	1	P1-54-28	
38790	38790	1	CH	1	1	0	0	0	1	Bb2	1	P1-54-29	
38820	38820	1	CH	1	1	0	0	0	1	Gb3	1	P1-54-30	
38850	38850	1	CH	1	1	0	0	0	1	Eb3	1	P1-54-31	
38880	38880	1	CH	1	1	0	0	0	1	Bb3	1	P1-54-32	
38910	38910	1	CH	1	1	0	0	0	1	Gb3	1	P1-54-33	
38940	38940	1	CH	1	1	0	0	0	1	Eb3	1	P1-54-34	
38970	38970	1	CH	1	4	3	0	0	4	F4	A2	C4	Eb4	0	1	2	2	P1-55-1	P1-55-15	P1-55-5	P1-55-6	
39090	39090	1	CH	1	2	1	0	0	2	A3	C4	2	2	P1-55-7	P1-55-8	
39180	39180	1	CH	1	2	1	0	0	2	B3	D4	2	2	P1-55-9	P1-55-10	
39210	39210	1	CH	1	2	1	0	0	2	C4	Eb4	2	2	P1-55-11	P1-55-12	
39240	39240	1	CH	1	1	0	0	0	1	C6	1	P1-55-18	
39270	39270	1	CH	1	1	0	0	0	1	Eb6	1	P1-55-19	
39300	39300	1	CH	1	1	0	0	0	1	C6	1	P1-55-20	
39330	39330	1	CH	1	1	0	0	0	1	A5	1	P1-55-21	
39360	39360	1	CH	1	1	0	0	0	1	C6	1	P1-55-22	
39390	39390	1	CH	1	1	0	0	0	1	Eb5	1	P1-55-23	
39420	39420	1	CH	1	1	0	0	0	1	A5	1	P1-55-24	
39450	39450	1	CH	1	4	3	0	0	4	F4	C5	C4	Eb4	0	1	2	2	P1-55-2	P1-55-25	P1-55-13	P1-55-14	
39480	39480	1	CH	1	1	0	0	0	1	Eb5	1	P1-55-26	
39510	39510	1	CH	1	1	0	0	0	1	A4	1	P1-55-27	
39540	39540	1	CH	1	1	0	0	0	1	C5	1	P1-55-28	
39570	39570	1	CH	1	1	0	0	0	1	Eb4	1	P1-55-29	
39600	39600	1	CH	1	1	0	0	0	1	A4	1	P1-55-30	
39630	39630	1	CH	1	2	1	0	0	2	C6	C4	0	1	P1-55-4	P1-55-31	
39660	39660	1	CH	1	1	0	0	0	1	Eb4	1	P1-55-32	
39690	39690	1	CH	1	2	1	0	0	2	C6	A3	0	1	P1-56-1	P1-56-11	
39720	39720	1	CH	1	1	0	0	0	1	C4	1	P1-56-12	
39750	39750	1	CH	1	1	0	0	0	1	F3	1	P1-56-13	
39780	39780	1	CH	1	2	1	0	0	2	A3	D6	1	2	P1-56-14	P1-56-8	
39790	39790	1	CH	1	1	0	0	0	1	C6	2	P1-56-9	
39800	39800	1	CH	1	1	0	0	0	1	B5	2	P1-56-10	
39810	39810	1	CH	4	5	1	0	3	2	1	1	1	D6	C3	C6	Bb5	C6	0	1	0	0	0	P1-56-2	P1-56-15	P1-56-2	P1-56-2	P1-56-2	
39840	39840	1	CH	1	1	0	0	0	1	F3	1	P1-56-16	
39870	39870	1	CH	1	1	0	0	0	1	A2	1	P1-56-17	
39900	39900	1	CH	1	2	1	0	0	2	D6	C3	0	1	P1-56-3	P1-56-18	
39930	39930	1	CH	1	2	1	0	0	2	Eb6	F2	0	1	P1-56-4	P1-56-19	
39960	39960	1	CH	1	1	0	0	0	1	A2	1	P1-56-20	
39990	39990	1	CH	1	1	0	0	0	1	C2	1	P1-56-21	
40020	40020	1	CH	1	1	0	0	0	1	F2	1	P1-56-22	
40050	40050	1	CH	1	1	0	0	0	1	A1	1	P1-56-23	
40080	40080	1	CH	1	1	0	0	0	1	C2	1	P1-56-24	
40110	40110	1	CH	1	1	0	0	0	1	F1	1	P1-56-25	
40140	40140	1	CH	1	1	0	0	0	1	A1	1	P1-56-26	
40170	40170	1	CH	1	3	2	0	0	3	A4	C5	Eb5	0	0	0	P1-56-5	P1-56-6	P1-56-7	
40200	40200	1	CH	1	1	0	0	0	1	F#1	1	P1-56-28	
40230	40230	1	CH	1	1	0	0	0	1	A1	1	P1-56-29	
40260	40260	1	CH	1	1	0	0	0	1	C2	1	P1-56-30	
40290	40290	1	CH	1	1	0	0	0	1	F#2	1	P1-56-31	
40320	40320	1	CH	1	1	0	0	0	1	A2	1	P1-56-32	
40350	40350	1	CH	1	1	0	0	0	1	C3	1	P1-56-33	
40380	40380	1	CH	1	1	0	0	0	1	F#3	1	P1-56-34	
40410	40410	1	CH	1	2	1	0	0	2	Bb4	D5	0	0	P1-57-1	P1-57-2	
40440	40440	1	CH	1	1	0	0	0	1	G1	1	P1-57-11	
40470	40470	1	CH	1	1	0	0	0	1	Bb1	1	P1-57-12	
40500	40500	1	CH	1	1	0	0	0	1	D2	1	P1-57-13	
40530	40530	1	CH	1	1	0	0	0	1	G2	1	P1-57-14	
40560	40560	1	CH	1	1	0	0	0	1	Bb2	1	P1-57-15	
40590	40590	1	CH	1	1	0	0	0	1	D3	1	P1-57-16	
40620	40620	1	CH	1	1	0	0	0	1	G3	1	P1-57-17	
40650	40650	1	CH	1	1	0	0	0	1	G5	0	P1-57-4	
40680	40680	1	CH	1	1	0	0	0	1	E2	1	P1-57-19	
40710	40710	1	CH	1	1	0	0	0	1	G2	1	P1-57-20	
40740	40740	1	CH	1	1	0	0	0	1	Bb2	1	P1-57-21	
40770	40770	1	CH	1	1	0	0	0	1	E3	1	P1-57-22	
40800	40800	1	CH	1	1	0	0	0	1	G3	1	P1-57-23	
40830	40830	1	CH	1	1	0	0	0	1	Bb3	1	P1-57-24	
40860	40860	1	CH	1	1	0	0	0	1	G3	1	P1-57-25	
40890	40890	1	CH	1	4	3	0	0	4	Db4	G4	Bb4	Db5	1	2	2	2	P1-57-26	P1-57-6	P1-57-7	P1-57-8	
40920	40920	1	CH	1	1	0	0	0	1	Bb3	1	P1-57-27	
40950	40950	1	CH	1	1	0	0	0	1	G3	1	P1-57-28	
40980	40980	1	CH	1	1	0	0	0	1	E3	1	P1-57-29	
41010	41010	1	CH	1	1	0	0	0	1	Db3	1	P1-57-30	
41040	41040	1	CH	1	1	0	0	0	1	Bb2	1	P1-57-31	
41070	41070	1	CH	1	1	0	0	0	1	G2	1	P1-57-32	
41100	41100	1	CH	1	1	0	0	0	1	E2	1	P1-57-33	
41130	41130	1	CH	1	1	0	0	0	1	F5	0	P1-58-1	
41160	41160	1	CH	1	1	0	0	0	1	F2	1	P1-58-13	
41190	41190	1	CH	1	1	0	0	0	1	Bb2	1	P1-58-14	
41220	41220	1	CH	1	1	0	0	0	1	D3	1	P1-58-15	
41250	41250	1	CH	1	1	0	0	0	1	F3	1	P1-58-16	
41280	41280	1	CH	1	1	0	0	0	1	D3	1	P1-58-17	
41310	41310	1	CH	1	1	0	0	0	1	Bb2	1	P1-58-18	
41340	41340	1	CH	1	1	0	0	0	1	F2	1	P1-58-19	
41370	41370	1	CH	1	3	2	0	0	3	F4	Bb4	D5	2	2	2	P1-58-8	P1-58-9	P1-58-10	
41400	41400	1	CH	1	1	0	0	0	1	F2	1	P1-58-21	
41430	41430	1	CH	1	1	0	0	0	1	Bb2	1	P1-58-22	
41460	41460	1	CH	1	1	0	0	0	1	D3	1	P1-58-23	
41490	41490	1	CH	1	1	0	0	0	1	F3	1	P1-58-24	
41520	41520	1	CH	1	1	0	0	0	1	D3	1	P1-58-25	
41550	41550	1	CH	1	1	0	0	0	1	Bb2	1	P1-58-26	
41580	41580	1	CH	1	1	0	0	0	1	F2	1	P1-58-27	
41610	41610	1	CH	1	5	4	0	0	5	C4	Eb4	F4	A4	Eb3	0	0	0	0	1	P1-58-2	P1-58-3	P1-58-4	P1-58-5	P1-58-28	
41640	41640	1	CH	1	1	0	0	0	1	C3	1	P1-58-29	
41670	41670	1	CH	1	1	0	0	0	1	A2	1	P1-58-30	
41700	41700	1	CH	1	1	0	0	0	1	F2	1	P1-58-31	
41730	41730	1	CH	1	1	0	0	0	1	Eb2	1	P1-58-32	
41760	41760	1	CH	1	1	0	0	0	1	C2	1	P1-58-33	
41790	41790	1	CH	1	1	0	0	0	1	A1	1	P1-58-34	
41820	41820	1	CH	1	1	0	0	0	1	F1	1	P1-58-35	
41850	41850	1	CH	1	5	4	0	0	5	Bb3	D4	F4	Bb4	Bb1	0	0	0	0	1	P1-59-1	P1-59-2	P1-59-3	P1-59-4	P1-59-8	
42030	42030	1	CH	1	1	0	0	0	1	Bb2	1	P1-59-10	
42050	42050	1	CH	1	1	0	0	0	1	Bb1	1	P1-59-11	
42070	42070	1	CH	1	1	0	0	0	1	Bb2	1	P1-59-12	
42090	42090	1	CH	1	1	0	0	0	1	Bb1	1	P1-59-13	
42270	42270	1	CH	1	1	0	0	0	1	Bb2	1	P1-59-15	
42290	42290	1	CH	1	1	0	0	0	1	Bb1	1	P1-59-16	
42310	42310	1	CH	1	1	0	0	0	1	Bb2	1	P1-59-17	
42330	42330	1	CH	1	1	0	0	0	1	Bb1	1	P1-59-18	
42510	42510	1	CH	1	1	0	0	0	1	Bb2	1	P1-59-20	
42530	42530	1	CH	1	1	0	0	0	1	Bb1	1	P1-59-21	
42550	42550	1	CH	1	1	0	0	0	1	Bb2	1	P1-59-22	
42570	42570	1	CH	1	4	3	0	0	4	Ab3	Bb3	F4	Bb1	0	0	0	1	P1-60-1	P1-60-2	P1-60-3	P1-60-10	
42810	42810	1	CH	1	3	2	0	0	3	G3	Bb3	Eb4	0	0	0	P1-60-4	P1-60-5	P1-60-6	
43050	43050	1	CH	1	3	2	0	0	3	F#3	Bb3	D4	0	0	0	P1-60-7	P1-60-8	P1-60-9	
43290	43290	1	CH	1	3	2	0	0	3	F#3	Bb3	D4	0	0	0	P1-61-1	P1-61-2	P1-61-3	
43470	43470	1	CH	1	1	0	0	0	1	Bb2	1	P1-61-11	
43490	43490	1	CH	1	1	0	0	0	1	Bb1	1	P1-61-12	
43510	43510	1	CH	1	1	0	0	0	1	Bb2	1	P1-61-13	
43530	43530	1	CH	1	4	3	0	0	4	G3	Bb3	Eb4	Bb1	0	0	0	1	P1-61-4	P1-61-5	P1-61-6	P1-61-14	
43710	43710	1	CH	1	1	0	0	0	1	Bb2	1	P1-61-16	
43730	43730	1	CH	1	1	0	0	0	1	Bb1	1	P1-61-17	
43750	43750	1	CH	1	1	0	0	0	1	Bb2	1	P1-61-18	
43770	43770	1	CH	1	1	0	0	0	1	Bb1	1	P1-61-19	
43950	43950	1	CH	1	1	0	0	0	1	Bb2	1	P1-61-21	
43970	43970	1	CH	1	1	0	0	0	1	Bb1	1	P1-61-22	
43990	43990	1	CH	1	1	0	0	0	1	Bb2	1	P1-61-23	
44010	44010	1	CH	1	4	3	0	0	4	Bb3	F4	Ab4	Bb1	0	0	0	1	P1-62-1	P1-62-2	P1-62-3	P1-62-10	
44250	44250	1	CH	1	3	2	0	0	3	Bb3	Eb4	G4	0	0	0	P1-62-4	P1-62-5	P1-62-6	
44490	44490	1	CH	1	3	2	0	0	3	Bb3	D4	F#4	0	0	0	P1-62-7	P1-62-8	P1-62-9	
44730	44730	1	CH	1	3	2	0	0	3	D4	F#4	Bb3	0	0	2	P1-63-1	P1-63-2	P1-63-8	
44910	44910	1	CH	1	1	0	0	0	1	Bb2	1	P1-63-12	
44930	44930	1	CH	1	1	0	0	0	1	Bb1	1	P1-63-13	
44950	44950	1	CH	1	1	0	0	0	1	Bb2	1	P1-63-14	
44970	44970	1	CH	1	3	2	0	0	3	Eb4	G4	Bb1	0	0	1	P1-63-3	P1-63-4	P1-63-15	
45150	45150	1	CH	1	1	0	0	0	1	Bb2	1	P1-63-17	
45170	45170	1	CH	1	1	0	0	0	1	Bb1	1	P1-63-18	
45190	45190	1	CH	1	1	0	0	0	1	Bb2	1	P1-63-19	
45210	45210	1	CH	1	1	0	0	0	1	Bb1	1	P1-63-20	
45330	45330	1	CH	1	1	0	0	0	1	G4	0	P1-63-7	
45390	45390	1	CH	1	1	0	0	0	1	Bb2	1	P1-63-22	
45410	45410	1	CH	1	1	0	0	0	1	Bb1	1	P1-63-23	
45430	45430	1	CH	1	1	0	0	0	1	Bb2	1	P1-63-24	
45450	45450	1	CH	1	3	2	0	0	3	G4	Eb5	Bb1	0	0	1	P1-64-1	P1-64-2	P1-64-9	
45690	45690	1	CH	1	3	2	0	0	3	Eb4	G4	C5	0	0	0	P1-64-3	P1-64-4	P1-64-5	
45930	45930	1	CH	1	3	2	0	0	3	D4	G4	Bb4	0	0	0	P1-64-6	P1-64-7	P1-64-8	
46170	46170	1	CH	1	3	2	0	0	3	C4	F4	A4	0	0	0	P1-65-1	P1-65-2	P1-65-3	
46350	46350	1	CH	1	1	0	0	0	1	Bb2	1	P1-65-15	
46370	46370	1	CH	1	1	0	0	0	1	Bb1	1	P1-65-16	
46390	46390	1	CH	1	1	0	0	0	1	Bb2	1	P1-65-17	
46410	46410	1	CH	1	1	0	0	0	1	Bb1	1	P1-65-18	
46530	46530	1	CH	1	3	2	0	0	3	C4	F4	A4	0	0	0	P1-65-4	P1-65-5	P1-65-6	
46590	46590	1	CH	1	1	0	0	0	1	F6	1	P1-65-20	
46610	46610	1	CH	1	1	0	0	0	1	F5	1	P1-65-21	
46630	46630	1	CH	1	1	0	0	0	1	F6	1	P1-65-22	
46650	46650	1	CH	1	4	3	0	0	4	D4	F4	Bb4	F5	0	0	0	1	P1-65-7	P1-65-8	P1-65-9	P1-65-23	
46770	46770	1	CH	1	3	2	0	0	3	Eb4	F4	C5	0	0	0	P1-65-10	P1-65-11	P1-65-12	
46890	46890	1	CH	1	3	2	0	0	3	Eb4	C5	F4	0	0	2	P1-66-1	P1-66-2	P1-66-16	
47070	47070	1	CH	1	3	2	0	0	3	C#4	A4	Bb2	0	0	1	P1-66-3	P1-66-4	P1-66-19	
47090	47090	1	CH	1	1	0	0	0	1	Bb1	1	P1-66-20	
47110	47110	1	CH	1	1	0	0	0	1	Bb2	1	P1-66-21	
47130	47130	1	CH	1	3	2	0	0	3	D4	Bb4	Bb1	0	0	1	P1-66-5	P1-66-6	P1-66-22	
47250	47250	1	CH	1	3	2	0	0	3	D4	F4	Bb4	0	0	0	P1-66-7	P1-66-8	P1-66-9	
47310	47310	1	CH	1	1	0	0	0	1	F6	1	P1-66-24	
47330	47330	1	CH	1	1	0	0	0	1	F5	1	P1-66-25	
47350	47350	1	CH	1	1	0	0	0	1	F6	1	P1-66-26	
47370	47370	1	CH	1	4	3	0	0	4	F4	A4	C5	F5	0	0	0	1	P1-66-10	P1-66-11	P1-66-12	P1-66-27	
47490	47490	1	CH	1	3	2	0	0	3	F4	Bb4	D5	0	0	0	P1-66-13	P1-66-14	P1-66-15	
47610	47610	1	CH	1	3	2	0	0	3	Bb4	D5	F4	0	0	2	P1-67-1	P1-67-2	P1-67-16	
47790	47790	1	CH	1	3	2	0	0	3	G#4	B4	Bb2	0	0	1	P1-67-3	P1-67-4	P1-67-20	
47810	47810	1	CH	1	1	0	0	0	1	Bb1	1	P1-67-21	
47830	47830	1	CH	1	1	0	0	0	1	Bb2	1	P1-67-22	
47850	47850	1	CH	1	3	2	0	0	3	A4	C5	Bb1	0	0	1	P1-67-5	P1-67-6	P1-67-23	
47970	47970	1	CH	1	3	2	0	0	3	F4	A4	C5	0	0	0	P1-67-7	P1-67-8	P1-67-9	
48030	48030	1	CH	1	1	0	0	0	1	F6	1	P1-67-25	
48050	48050	1	CH	1	1	0	0	0	1	F5	1	P1-67-26	
48070	48070	1	CH	1	1	0	0	0	1	F6	1	P1-67-27	
48090	48090	1	CH	1	4	3	0	0	4	F4	Bb4	D5	F5	0	0	0	1	P1-67-10	P1-67-11	P1-67-12	P1-67-28	
48210	48210	1	CH	1	3	2	0	0	3	F4	C5	Eb5	0	0	0	P1-67-13	P1-67-14	P1-67-15	
48330	48330	1	CH	1	3	2	0	0	3	C5	Eb5	F4	0	0	2	P1-68-1	P1-68-2	P1-68-18	
48510	48510	1	CH	1	3	2	0	0	3	A4	C#5	Bb2	0	0	1	P1-68-3	P1-68-4	P1-68-22	
48530	48530	1	CH	1	1	0	0	0	1	Bb1	1	P1-68-23	
48550	48550	1	CH	1	1	0	0	0	1	Bb2	1	P1-68-24	
48570	48570	1	CH	1	3	2	0	0	3	Bb4	D5	Bb1	0	0	1	P1-68-5	P1-68-6	P1-68-25	
48690	48690	1	CH	1	3	2	0	0	3	F4	Bb4	D5	0	0	0	P1-68-7	P1-68-8	P1-68-9	
48750	48750	1	CH	1	1	0	0	0	1	F6	1	P1-68-27	
48770	48770	1	CH	1	1	0	0	0	1	F5	1	P1-68-28	
48790	48790	1	CH	1	1	0	0	0	1	F6	1	P1-68-29	
48810	48810	1	CH	1	5	4	0	0	5	G4	Bb4	Db5	E5	F5	0	0	0	0	1	P1-68-10	P1-68-11	P1-68-12	P1-68-13	P1-68-30	
48930	48930	1	CH	1	4	3	0	0	4	G4	Bb4	Db5	E5	0	0	0	0	P1-68-14	P1-68-15	P1-68-16	P1-68-17	
48990	48990	1	CH	1	1	0	0	0	1	F6	1	P1-68-32	
49010	49010	1	CH	1	1	0	0	0	1	F5	1	P1-68-33	
49030	49030	1	CH	1	1	0	0	0	1	F6	1	P1-68-34	
49050	49050	1	CH	1	3	2	0	0	3	A4	C5	F5	0	0	0	P1-69-1	P1-69-2	P1-69-3	
49170	49170	1	CH	1	3	2	0	0	3	F4	A4	C5	0	0	0	P1-69-4	P1-69-5	P1-69-6	
49230	49230	1	CH	1	1	0	0	0	1	F3	1	P1-69-18	
49260	49260	1	CH	1	1	0	0	0	1	F2	1	P1-69-19	
49290	49290	1	CH	1	1	0	0	0	1	F3	1	P1-69-20	
49410	49410	1	CH	1	3	2	0	0	3	F4	A4	C5	0	0	0	P1-69-7	P1-69-8	P1-69-9	
49470	49470	1	CH	1	1	0	0	0	1	F6	1	P1-69-22	
49500	49500	1	CH	1	1	0	0	0	1	F5	1	P1-69-23	
49530	49530	1	CH	1	4	3	0	0	4	G4	Bb4	E5	F6	0	0	0	1	P1-69-10	P1-69-11	P1-69-12	P1-69-24	
49650	49650	1	CH	1	3	2	0	0	3	G4	Bb4	C5	0	0	0	P1-69-13	P1-69-14	P1-69-15	
49770	49770	1	CH	1	3	2	0	0	3	F4	A4	F5	0	0	0	P1-70-1	P1-70-2	P1-70-3	
49890	49890	1	CH	1	3	2	0	0	3	F4	A4	C5	0	0	0	P1-70-4	P1-70-5	P1-70-6	
49950	49950	1	CH	1	1	0	0	0	1	F3	1	P1-70-18	
49980	49980	1	CH	1	1	0	0	0	1	F2	1	P1-70-19	
50010	50010	1	CH	1	1	0	0	0	1	F3	1	P1-70-20	
50130	50130	1	CH	1	3	2	0	0	3	F4	A4	C5	0	0	0	P1-70-7	P1-70-8	P1-70-9	
50190	50190	1	CH	1	1	0	0	0	1	F6	1	P1-70-22	
50220	50220	1	CH	1	1	0	0	0	1	F5	1	P1-70-23	
50250	50250	1	CH	1	4	3	0	0	4	G4	Bb4	E5	F6	0	0	0	1	P1-70-10	P1-70-11	P1-70-12	P1-70-24	
50370	50370	1	CH	1	3	2	0	0	3	G4	Bb4	C5	0	0	0	P1-70-13	P1-70-14	P1-70-15	
50490	50490	1	CH	1	3	2	0	0	3	F4	A4	F5	0	0	0	P1-71-1	P1-71-2	P1-71-3	
50610	50610	1	CH	1	3	2	0	0	3	F4	A4	C5	0	0	0	P1-71-4	P1-71-5	P1-71-6	
50670	50670	1	CH	1	1	0	0	0	1	F3	1	P1-71-15	
50700	50700	1	CH	1	1	0	0	0	1	F2	1	P1-71-16	
50730	50730	1	CH	1	1	0	0	0	1	F3	1	P1-71-17	
50850	50850	1	CH	1	3	2	0	0	3	C4	F4	A4	0	0	0	P1-71-7	P1-71-8	P1-71-9	
50910	50910	1	CH	1	1	0	0	0	1	F3	1	P1-71-19	
50940	50940	1	CH	1	1	0	0	0	1	F2	1	P1-71-20	
50970	50970	1	CH	1	1	0	0	0	1	F3	1	P1-71-21	
51090	51090	1	CH	1	3	2	0	0	3	A3	C4	F4	0	0	0	P1-71-10	P1-71-11	P1-71-12	
51150	51150	1	CH	1	1	0	0	0	1	F3	1	P1-71-23	
51180	51180	1	CH	1	1	0	0	0	1	F2	1	P1-71-24	
51210	51210	1	CH	1	1	0	0	0	1	F3	1	P1-72-13	
51330	51330	1	CH	1	1	0	0	0	1	F4	1	P1-72-14	
51450	51450	1	CH	1	1	0	0	0	1	E4	1	P1-72-15	
51570	51570	1	CH	1	2	1	0	0	2	Eb4	F4	1	3	P1-72-16	P1-72-19	
51690	51690	1	CH	1	1	0	0	0	1	D4	1	P1-72-17	
51750	51750	1	CH	1	1	0	0	0	1	G4	0	P1-72-7	
51780	51780	1	CH	1	1	0	0	0	1	A4	0	P1-72-8	
51810	51810	1	CH	1	3	2	0	0	3	Bb4	C4	Eb4	0	1	3	P1-72-9	P1-72-18	P1-72-20	
51840	51840	1	CH	1	1	0	0	0	1	C5	0	P1-72-10	
51870	51870	1	CH	1	1	0	0	0	1	D5	0	P1-72-11	
51900	51900	1	CH	1	1	0	0	0	1	Eb5	0	P1-72-12	
51930	51930	1	CH	1	2	1	0	0	2	F5	Bb2	0	1	P1-73-1	P1-73-9	
52050	52050	1	CH	1	1	0	0	0	1	Bb3	1	P1-73-10	
52170	52170	1	CH	1	3	2	0	0	3	D4	F4	Bb4	1	1	2	P1-73-11	P1-73-12	P1-73-7	
52290	52290	1	CH	1	1	0	0	0	1	Bb3	1	P1-73-13	
52380	52380	1	CH	1	1	0	0	0	1	D5	0	P1-73-3	
52410	52410	1	CH	1	4	3	0	0	4	Bb5	Eb4	G4	Bb4	0	1	1	2	P1-73-4	P1-73-14	P1-73-15	P1-73-8	
52530	52530	1	CH	1	1	0	0	0	1	Bb3	1	P1-73-16	
52620	52620	1	CH	1	1	0	0	0	1	G5	0	P1-73-5	
52650	52650	1	CH	1	3	2	0	0	3	F5	D4	F4	0	1	1	P1-74-1	P1-74-10	P1-74-11	
52770	52770	1	CH	1	1	0	0	0	1	Bb3	1	P1-74-12	
52890	52890	1	CH	1	3	2	0	0	3	D4	F4	Bb4	1	1	2	P1-74-13	P1-74-14	P1-74-7	
53010	53010	1	CH	1	1	0	0	0	1	Bb3	1	P1-74-15	
53100	53100	1	CH	1	1	0	0	0	1	D5	0	P1-74-3	
53130	53130	1	CH	1	3	2	0	0	3	Eb5	G3	Bb4	0	1	2	P1-74-4	P1-74-16	P1-74-8	
53250	53250	1	CH	1	2	1	0	0	2	Eb3	G4	1	2	P1-74-17	P1-74-9	
53340	53340	1	CH	1	1	0	0	0	1	C5	0	P1-74-5	
53370	53370	1	CH	1	2	1	0	0	2	Bb4	F2	0	1	P1-75-1	P1-75-10	
53490	53490	1	CH	1	2	1	0	0	2	F3	D4	1	2	P1-75-11	P1-75-7	
53610	53610	1	CH	1	3	2	0	0	3	Bb3	D4	F4	1	1	2	P1-75-12	P1-75-13	P1-75-8	
53730	53730	1	CH	1	1	0	0	0	1	F3	1	P1-75-14	
53850	53850	1	CH	1	4	3	0	0	4	D5	A3	C4	F4	0	1	1	2	P1-75-2	P1-75-15	P1-75-16	P1-75-9	
53910	53910	1	CH	1	1	0	0	0	1	C5	0	P1-75-3	
53970	53970	1	CH	1	2	1	0	0	2	Bb4	F3	0	1	P1-75-4	P1-75-17	
54030	54030	1	CH	1	1	0	0	0	1	C5	0	P1-75-5	
54090	54090	1	CH	1	4	3	0	0	4	C5	A3	F4	Bb2	0	1	2	3	P1-76-1	P1-76-15	P1-76-13	P1-76-21	
54210	54210	1	CH	1	1	0	0	0	1	F3	1	P1-76-16	
54300	54300	1	CH	1	1	0	0	0	1	C#5	0	P1-76-2	
54330	54330	1	CH	1	2	1	0	0	2	D5	Bb3	0	1	P1-76-3	P1-76-17	
54450	54450	1	CH	1	1	0	0	0	1	D3	1	P1-76-18	
54570	54570	1	CH	1	1	0	0	0	1	Eb3	1	P1-76-19	
54600	54600	1	CH	1	1	0	0	0	1	F4	0	P1-76-6	
54630	54630	1	CH	1	1	0	0	0	1	G4	0	P1-76-7	
54660	54660	1	CH	1	1	0	0	0	1	A4	0	P1-76-8	
54690	54690	1	CH	1	2	1	0	0	2	Bb4	C3	0	1	P1-76-9	P1-76-20	
54720	54720	1	CH	1	1	0	0	0	1	C5	0	P1-76-10	
54750	54750	1	CH	1	1	0	0	0	1	D5	0	P1-76-11	
54780	54780	1	CH	1	1	0	0	0	1	Eb5	0	P1-76-12	
54810	54810	1	CH	1	2	1	0	0	2	F5	Bb2	0	1	P1-77-1	P1-77-9	
54930	54930	1	CH	1	1	0	0	0	1	Bb3	1	P1-77-10	
54990	54990	1	CH	1	1	0	0	0	1	A4	2	P1-77-7	
55050	55050	1	CH	1	3	2	0	0	3	D4	F4	Bb4	1	1	2	P1-77-11	P1-77-12	P1-77-8	
55170	55170	1	CH	1	1	0	0	0	1	Bb3	1	P1-77-13	
55260	55260	1	CH	1	1	0	0	0	1	D5	0	P1-77-3	
55290	55290	1	CH	1	3	2	0	0	3	Bb5	Eb4	G4	0	1	1	P1-77-4	P1-77-14	P1-77-15	
55410	55410	1	CH	1	1	0	0	0	1	Bb3	1	P1-77-16	
55500	55500	1	CH	1	1	0	0	0	1	G5	0	P1-77-5	
55530	55530	1	CH	1	3	2	0	0	3	F5	D4	F4	0	1	1	P1-78-1	P1-78-11	P1-78-12	
55650	55650	1	CH	1	1	0	0	0	1	Bb3	1	P1-78-13	
55710	55710	1	CH	1	1	0	0	0	1	A4	2	P1-78-7	
55770	55770	1	CH	1	3	2	0	0	3	D4	F4	Bb4	1	1	2	P1-78-14	P1-78-15	P1-78-8	
55890	55890	1	CH	1	1	0	0	0	1	Bb3	1	P1-78-16	
55980	55980	1	CH	1	1	0	0	0	1	D5	0	P1-78-3	
56010	56010	1	CH	1	3	2	0	0	3	Eb5	G3	Bb4	0	1	2	P1-78-4	P1-78-17	P1-78-9	
56130	56130	1	CH	1	2	1	0	0	2	Eb3	G4	1	2	P1-78-18	P1-78-10	
56220	56220	1	CH	1	1	0	0	0	1	C5	0	P1-78-5	
56250	56250	1	CH	1	3	2	0	0	3	Bb4	F3	D4	0	1	2	P1-79-1	P1-79-14	P1-79-3	
56370	56370	1	CH	1	2	1	0	0	2	Bb3	D4	2	2	P1-79-4	P1-79-5	
56490	56490	1	CH	1	2	1	0	0	2	D4	F4	2	2	P1-79-6	P1-79-7	
56610	56610	1	CH	1	2	1	0	0	2	Bb3	D4	2	2	P1-79-8	P1-79-9	
56730	56730	1	CH	1	5	4	0	0	5	F4	F1	F2	A3	C4	0	1	1	2	2	P1-79-2	P1-79-15	P1-79-16	P1-79-10	P1-79-11	
56850	56850	1	CH	1	2	1	0	0	2	F3	A3	2	2	P1-79-12	P1-79-13	
56970	56970	1	CH	1	4	3	0	0	4	F3	Bb3	D4	Bb1	0	0	0	1	P1-80-1	P1-80-2	P1-80-3	P1-80-8	
57150	57150	1	CH	1	1	0	0	0	1	Bb2	1	P1-80-10	
57170	57170	1	CH	1	1	0	0	0	1	Bb1	1	P1-80-11	
57190	57190	1	CH	1	1	0	0	0	1	Bb2	1	P1-80-12	
57210	57210	1	CH	1	1	0	0	0	1	Bb1	1	P1-80-13	
57390	57390	1	CH	1	1	0	0	0	1	Bb2	1	P1-80-15	
57410	57410	1	CH	1	1	0	0	0	1	Bb1	1	P1-80-16	
57430	57430	1	CH	1	1	0	0	0	1	Bb2	1	P1-80-17	
57450	57450	1	CH	1	1	0	0	0	1	Bb1	1	P1-80-18	
57570	57570	1	CH	1	1	0	0	0	1	Bb3	0	P1-80-7	
57690	57690	1	CH	1	1	0	0	0	1	Bb3	0	P1-81-1	
57870	57870	1	CH	1	1	0	0	0	1	Bb2	1	P1-81-6	
57890	57890	1	CH	1	1	0	0	0	1	Bb1	1	P1-81-7	
57910	57910	1	CH	1	1	0	0	0	1	Bb2	1	P1-81-8	
57930	57930	1	CH	1	5	4	0	0	5	Cb4	Bb1	D3	F3	Ab3	0	1	3	3	3	P1-81-2	P1-81-9	P1-81-16	P1-81-17	P1-81-18	
58110	58110	1	CH	1	1	0	0	0	1	Bb2	1	P1-81-11	
58130	58130	1	CH	1	1	0	0	0	1	Bb1	1	P1-81-12	
58150	58150	1	CH	1	1	0	0	0	1	Bb2	1	P1-81-13	
58170	58170	1	CH	1	1	0	0	0	1	Bb1	1	P1-81-14	
58290	58290	1	CH	1	1	0	0	0	1	Cb4	0	P1-81-3	
58410	58410	1	CH	1	1	0	0	0	1	Cb4	0	P1-82-1	
58590	58590	1	CH	1	1	0	0	0	1	Bb2	1	P1-82-9	
58610	58610	1	CH	1	1	0	0	0	1	Bb1	1	P1-82-10	
58630	58630	1	CH	1	1	0	0	0	1	Bb2	1	P1-82-11	
58650	58650	1	CH	1	5	4	0	0	5	F3	Ab3	Cb4	Bb1	D4	0	0	0	1	4	P1-82-2	P1-82-3	P1-82-4	P1-82-12	P1-82-5	
58830	58830	1	CH	1	1	0	0	0	1	Bb2	1	P1-82-14	
58850	58850	1	CH	1	1	0	0	0	1	Bb1	1	P1-82-15	
58870	58870	1	CH	1	1	0	0	0	1	Bb2	1	P1-82-16	
58890	58890	1	CH	1	1	0	0	0	1	Bb1	1	P1-82-17	
59010	59010	1	CH	1	1	0	0	0	1	D4	4	P1-82-6	
59130	59130	1	CH	1	1	0	0	0	1	D4	0	P1-83-1	
59310	59310	1	CH	1	1	0	0	0	1	Bb2	1	P1-83-12	
59330	59330	1	CH	1	1	0	0	0	1	Bb1	1	P1-83-13	
59350	59350	1	CH	1	1	0	0	0	1	Bb2	1	P1-83-14	
59370	59370	1	CH	1	5	4	0	0	5	Ab3	Cb4	D4	F4	Bb1	0	0	0	0	1	P1-83-2	P1-83-3	P1-83-4	P1-83-5	P1-83-15	
59550	59550	1	CH	1	1	0	0	0	1	Bb2	1	P1-83-17	
59570	59570	1	CH	1	1	0	0	0	1	Bb1	1	P1-83-18	
59590	59590	1	CH	1	1	0	0	0	1	Bb2	1	P1-83-19	
59610	59610	1	CH	1	5	4	0	0	5	Cb4	D4	F4	Ab4	Bb1	0	0	0	0	1	P1-83-6	P1-83-7	P1-83-8	P1-83-9	P1-83-20	
59790	59790	1	CH	1	1	0	0	0	1	Bb2	1	P1-83-22	
59810	59810	1	CH	1	1	0	0	0	1	Bb1	1	P1-83-23	
59830	59830	1	CH	1	1	0	0	0	1	Bb2	1	P1-83-24	
59850	59850	1	CH	1	2	1	0	0	2	Cb5	Bb1	0	1	P1-84-1	P1-84-10	
60030	60030	1	CH	1	1	0	0	0	1	Ab3	1	P1-84-12	
60050	60050	1	CH	1	1	0	0	0	1	Bb2	1	P1-84-13	
60070	60070	1	CH	1	1	0	0	0	1	Ab3	1	P1-84-14	
60090	60090	1	CH	1	4	3	0	0	4	Bb2	D4	F4	Ab4	1	2	2	2	P1-84-15	P1-84-5	P1-84-6	P1-84-7	
60270	60270	1	CH	1	1	0	0	0	1	Ab3	1	P1-84-17	
60290	60290	1	CH	1	1	0	0	0	1	Bb2	1	P1-84-18	
60310	60310	1	CH	1	1	0	0	0	1	Ab3	1	P1-84-19	
60330	60330	1	CH	1	4	3	0	0	4	Bb4	Bb2	D4	F4	0	1	2	2	P1-84-2	P1-84-20	P1-84-8	P1-84-9	
60450	60450	1	CH	1	1	0	0	0	1	Ab4	0	P1-84-3	
60570	60570	1	CH	1	1	0	0	0	1	F#4	0	P1-85-1	
60750	60750	1	CH	1	1	0	0	0	1	Bb2	1	P1-85-9	
60770	60770	1	CH	1	1	0	0	0	1	Bb1	1	P1-85-10	
60790	60790	1	CH	1	1	0	0	0	1	Bb2	1	P1-85-11	
60810	60810	1	CH	1	4	3	0	0	4	G4	Bb1	Bb3	Eb4	0	1	2	2	P1-85-2	P1-85-12	P1-85-5	P1-85-6	
60990	60990	1	CH	1	1	0	0	0	1	Bb2	1	P1-85-14	
61010	61010	1	CH	1	1	0	0	0	1	Bb1	1	P1-85-15	
61030	61030	1	CH	1	1	0	0	0	1	Bb2	1	P1-85-16	
61050	61050	1	CH	1	1	0	0	0	1	Bb1	1	P1-85-17	
61170	61170	1	CH	1	1	0	0	0	1	Bb4	0	P1-85-3	
61290	61290	1	CH	1	1	0	0	0	1	Eb5	0	P1-86-1	
61470	61470	1	CH	1	1	0	0	0	1	Bb3	1	P1-86-11	
61490	61490	1	CH	1	1	0	0	0	1	Bb2	1	P1-86-12	
61510	61510	1	CH	1	1	0	0	0	1	Bb3	1	P1-86-13	
61530	61530	1	CH	1	4	3	0	0	4	Bb2	A4	Eb4	Gb4	1	2	4	4	P1-86-14	P1-86-5	P1-86-7	P1-86-8	
61710	61710	1	CH	1	1	0	0	0	1	Bb3	1	P1-86-16	
61730	61730	1	CH	1	1	0	0	0	1	Bb2	1	P1-86-17	
61750	61750	1	CH	1	1	0	0	0	1	Bb3	1	P1-86-18	
61770	61770	1	CH	1	2	1	0	0	2	C5	Bb2	0	1	P1-86-2	P1-86-19	
61890	61890	1	CH	1	1	0	0	0	1	A4	0	P1-86-3	
62010	62010	1	CH	1	1	0	0	0	1	C5	0	P1-87-1	
62190	62190	1	CH	1	1	0	0	0	1	Bb2	1	P1-87-12	
62210	62210	1	CH	1	1	0	0	0	1	Bb1	1	P1-87-13	
62230	62230	1	CH	1	1	0	0	0	1	Bb2	1	P1-87-14	
62250	62250	1	CH	1	4	3	0	0	4	Bb4	Bb1	D4	F4	0	1	2	2	P1-87-2	P1-87-15	P1-87-6	P1-87-7	
62430	62430	1	CH	1	1	0	0	0	1	Bb2	1	P1-87-17	
62450	62450	1	CH	1	1	0	0	0	1	Bb1	1	P1-87-18	
62470	62470	1	CH	1	1	0	0	0	1	Bb2	1	P1-87-19	
62490	62490	1	CH	1	3	2	0	0	3	Bb1	F4	Ab4	1	2	2	P1-87-20	P1-87-8	P1-87-9	
62610	62610	1	CH	1	1	0	0	0	1	D5	0	P1-87-4	
62730	62730	1	CH	1	1	0	0	0	1	F5	0	P1-88-1	
62850	62850	1	CH	1	1	0	0	0	1	Eb5	0	P1-88-2	
62910	62910	1	CH	1	1	0	0	0	1	Bb2	1	P1-88-18	
62930	62930	1	CH	1	1	0	0	0	1	Bb1	1	P1-88-19	
62950	62950	1	CH	1	1	0	0	0	1	Bb2	1	P1-88-20	
62970	62970	1	CH	1	3	2	0	0	3	Bb1	G4	Bb4	1	2	2	P1-88-21	P1-88-6	P1-88-7	
63090	63090	1	CH	1	2	1	0	0	2	Gb4	A4	2	2	P1-88-8	P1-88-9	
63150	63150	1	CH	1	1	0	0	0	1	Bb2	1	P1-88-23	
63170	63170	1	CH	1	1	0	0	0	1	Bb1	1	P1-88-24	
63190	63190	1	CH	1	1	0	0	0	1	Bb2	1	P1-88-25	
63210	63210	1	CH	1	5	4	0	0	5	C5	Bb1	Eb4	Gb4	A4	0	1	2	2	2	P1-88-3	P1-88-26	P1-88-10	P1-88-11	P1-88-12	
63330	63330	1	CH	1	4	3	0	0	4	A4	C4	Eb4	Gb4	0	2	2	2	P1-88-4	P1-88-13	P1-88-14	P1-88-15	
63390	63390	1	CH	1	1	0	0	0	1	Bb2	1	P1-88-28	
63410	63410	1	CH	1	1	0	0	0	1	Bb1	1	P1-88-29	
63430	63430	1	CH	1	1	0	0	0	1	Bb2	1	P1-88-30	
63450	63450	1	CH	1	6	5	0	0	6	D4	F4	Bb4	Bb2	D3	Bb2	0	0	0	1	1	3	P1-89-1	P1-89-2	P1-89-3	P1-89-14	P1-89-15	P1-89-22	
63660	63660	1	CH	1	2	1	0	0	2	C3	Eb3	1	1	P1-89-16	P1-89-17	
63690	63690	1	CH	1	2	1	0	0	2	D3	F3	1	1	P1-89-18	P1-89-19	
63930	63930	1	CH	1	2	1	0	0	2	C3	Eb3	1	1	P1-89-20	P1-89-21	
63960	63960	1	CH	1	1	0	0	0	1	F4	0	P1-89-7	
63990	63990	1	CH	1	1	0	0	0	1	E4	0	P1-89-8	
64020	64020	1	CH	1	1	0	0	0	1	F4	0	P1-89-9	
64050	64050	1	CH	1	1	0	0	0	1	G4	0	P1-89-10	
64080	64080	1	CH	1	1	0	0	0	1	A4	0	P1-89-11	
64110	64110	1	CH	1	1	0	0	0	1	Bb4	0	P1-89-12	
64140	64140	1	CH	1	1	0	0	0	1	C5	0	P1-89-13	
64170	64170	1	CH	1	5	4	0	0	5	Bb4	D5	Bb2	D3	F4	0	0	1	1	2	P1-90-1	P1-90-2	P1-90-11	P1-90-12	P1-90-9	
64380	64380	1	CH	1	2	1	0	0	2	C5	Eb5	0	0	P1-90-3	P1-90-4	
64410	64410	1	CH	1	2	1	0	0	2	D5	F5	0	0	P1-90-5	P1-90-6	
64650	64650	1	CH	1	3	2	0	0	3	C5	Eb5	F4	0	0	2	P1-90-7	P1-90-8	P1-90-10	
64680	64680	1	CH	1	1	0	0	0	1	F3	1	P1-90-16	
64710	64710	1	CH	1	1	0	0	0	1	E3	1	P1-90-17	
64740	64740	1	CH	1	1	0	0	0	1	F3	1	P1-90-18	
64770	64770	1	CH	1	1	0	0	0	1	G3	1	P1-90-19	
64800	64800	1	CH	1	1	0	0	0	1	A3	1	P1-90-20	
64830	64830	1	CH	1	1	0	0	0	1	Bb3	1	P1-90-21	
64860	64860	1	CH	1	1	0	0	0	1	C4	1	P1-90-22	
64890	64890	1	CH	1	5	4	0	0	5	F4	Bb4	D5	Bb3	D4	0	0	0	1	1	P1-91-1	P1-91-2	P1-91-3	P1-91-7	P1-91-8	
65100	65100	1	CH	1	2	1	0	0	2	C4	Eb4	1	1	P1-91-9	P1-91-10	
65130	65130	1	CH	1	2	1	0	0	2	D4	F4	1	1	P1-91-11	P1-91-12	
65370	65370	1	CH	1	1	0	0	0	1	Bb1	1	P1-91-13	
65610	65610	1	CH	1	1	0	0	0	1	A1	1	P1-92-2	
66330	66330	1	CH	1	1	0	0	0	1	C6	0	P1-93-1	
66420	66420	1	CH	1	1	0	0	0	1	D6	2	P1-93-6	
66430	66430	1	CH	1	1	0	0	0	1	C6	2	P1-93-7	
66440	66440	1	CH	1	1	0	0	0	1	B5	2	P1-93-8	
66450	66450	1	CH	4	4	0	0	3	1	1	1	1	D6	C6	Bb5	C6	0	0	0	0	P1-93-2	P1-93-2	P1-93-2	P1-93-2	
66540	66540	1	CH	1	1	0	0	0	1	D6	0	P1-93-3	
66570	66570	1	CH	1	1	0	0	0	1	Eb6	0	P1-93-4	
66810	66810	1	CH	1	4	3	0	0	4	Gb4	Bb3	C4	Eb4	0	1	1	1	P1-93-5	P1-93-11	P1-93-12	P1-93-13	
67050	67050	1	CH	1	4	3	0	0	4	F4	A3	C4	Eb4	0	1	1	1	P1-94-1	P1-94-16	P1-94-17	P1-94-18	
67530	67530	1	CH	1	1	0	0	0	1	G4	0	P1-94-2	
67547	67547	1	CH	1	1	0	0	0	1	F4	0	P1-94-3	
67564	67564	1	CH	1	1	0	0	0	1	E4	0	P1-94-4	
67581	67581	1	CH	1	1	0	0	0	1	F4	0	P1-94-5	
67598	67598	1	CH	1	1	0	0	0	1	G4	0	P1-94-6	
67615	67615	1	CH	1	1	0	0	0	1	A4	0	P1-94-7	
67632	67632	1	CH	1	1	0	0	0	1	Bb4	0	P1-94-8	
67649	67649	1	CH	1	1	0	0	0	1	C5	0	P1-94-9	
67666	67666	1	CH	1	1	0	0	0	1	D5	0	P1-94-10	
67683	67683	1	CH	1	1	0	0	0	1	Eb5	0	P1-94-11	
67700	67700	1	CH	1	1	0	0	0	1	F5	0	P1-94-12	
67717	67717	1	CH	1	1	0	0	0	1	G5	0	P1-94-13	
67734	67734	1	CH	1	1	0	0	0	1	A5	0	P1-94-14	
67751	67751	1	CH	1	1	0	0	0	1	Bb5	0	P1-94-15	
67770	67770	1	CH	1	1	0	0	0	1	C6	0	P1-95-1	
67860	67860	1	CH	1	1	0	0	0	1	D6	2	P1-95-8	
67870	67870	1	CH	1	1	0	0	0	1	C6	2	P1-95-9	
67880	67880	1	CH	1	1	0	0	0	1	B5	2	P1-95-10	
67890	67890	1	CH	4	4	0	0	3	1	1	1	1	D6	C6	Bb5	C6	0	0	0	0	P1-95-2	P1-95-2	P1-95-2	P1-95-2	
67980	67980	1	CH	1	1	0	0	0	1	D6	0	P1-95-3	
68010	68010	1	CH	1	1	0	0	0	1	Eb6	0	P1-95-4	
68250	68250	1	CH	1	6	5	0	0	6	A4	C5	Eb5	F#3	C4	Eb4	0	0	0	1	1	1	P1-95-5	P1-95-6	P1-95-7	P1-95-14	P1-95-15	P1-95-16	
68490	68490	1	CH	1	5	4	0	0	5	Bb4	D5	G3	Bb3	D4	0	0	1	1	1	P1-96-1	P1-96-2	P1-96-11	P1-96-12	P1-96-13	
68730	68730	1	CH	1	1	0	0	0	1	G5	0	P1-96-4	
68850	68850	1	CH	1	3	2	0	0	3	E3	Bb3	Db4	1	1	1	P1-96-16	P1-96-17	P1-96-18	
68970	68970	1	CH	1	3	2	0	0	3	G4	Bb4	Db5	2	2	2	P1-96-7	P1-96-8	P1-96-9	
69210	69210	1	CH	1	1	0	0	0	1	F5	0	P1-97-1	
69330	69330	1	CH	1	3	2	0	0	3	F3	Bb3	D4	1	1	1	P1-97-13	P1-97-14	P1-97-15	
69450	69450	1	CH	1	3	2	0	0	3	F4	Bb4	D5	2	2	2	P1-97-4	P1-97-5	P1-97-6	
69570	69570	1	CH	1	2	1	0	0	2	F1	F2	1	1	P1-97-17	P1-97-18	
69690	69690	1	CH	1	3	2	0	0	3	C4	Eb4	A4	2	2	2	P1-97-8	P1-97-9	P1-97-10	
69810	69810	1	CH	1	2	1	0	0	2	F2	F3	1	1	P1-97-20	P1-97-21	
69930	69930	1	CH	1	5	4	0	0	5	Bb3	D4	Bb4	Bb1	Bb2	0	0	0	1	1	P1-98-1	P1-98-2	P1-98-3	P1-98-14	P1-98-15	
70050	70050	1	CH	1	2	1	0	0	2	F4	F5	0	0	P1-98-4	P1-98-5	
70170	70170	1	CH	1	2	1	0	0	2	D4	D5	0	0	P1-98-6	P1-98-7	
70290	70290	1	CH	1	2	1	0	0	2	Cb4	Cb5	0	0	P1-98-8	P1-98-9	
70410	70410	1	CH	1	2	1	0	0	2	Bb3	Bb4	0	0	P1-98-10	P1-98-11	
70530	70530	1	CH	1	2	1	0	0	2	Ab3	Ab4	0	0	P1-98-12	P1-98-13	
70650	70650	1	CH	1	4	3	0	0	4	G3	G4	Bb1	Bb2	0	0	1	1	P1-99-1	P1-99-2	P1-99-15	P1-99-16	
70770	70770	1	CH	1	2	1	0	0	2	Bb3	Bb4	0	0	P1-99-3	P1-99-4	
70890	70890	1	CH	1	2	1	0	0	2	Eb3	Eb4	0	0	P1-99-5	P1-99-6	
71010	71010	1	CH	1	2	1	0	0	2	G3	G4	0	0	P1-99-7	P1-99-8	
71130	71130	1	CH	1	2	1	0	0	2	C3	C4	0	0	P1-99-9	P1-99-10	
71250	71250	1	CH	1	2	1	0	0	2	F3	F4	0	0	P1-99-11	P1-99-12	
71310	71310	1	CH	1	2	1	0	0	2	Eb3	Eb4	0	0	P1-99-13	P1-99-14	
71370	71370	1	CH	1	3	2	0	0	3	D4	Bb2	D3	0	1	2	P1-100-1	P1-100-19	P1-100-5	
71490	71490	1	CH	1	1	0	0	0	1	F4	2	P1-100-6	
71610	71610	1	CH	1	1	0	0	0	1	D4	2	P1-100-7	
71730	71730	1	CH	1	2	1	0	0	2	D5	Cb4	0	2	P1-100-3	P1-100-8	
71850	71850	1	CH	1	1	0	0	0	1	Bb3	2	P1-100-9	
71970	71970	1	SA	1	2	1	0	0	2	Ab3	Eb5	2	4	P1-100-10	P1-100-11	
71970	71985	2	TR	3	0	0	0	0	1	1	0	D5	Eb5	0	0	P1-100-4	P1-100-4	
71985	71985	1	SA	1	1	0	0	0	1	D5	4	P1-100-12	
71985	72000	2	TR	3	0	0	0	0	1	1	0	D5	Eb5	0	0	P1-100-4	P1-100-4	
72000	72000	1	SA	1	1	0	0	0	1	Eb5	4	P1-100-13	
72000	72015	2	TR	3	0	0	0	0	1	1	0	D5	Eb5	0	0	P1-100-4	P1-100-4	
72015	72015	1	SA	1	1	0	0	0	1	D5	4	P1-100-14	
72015	72030	2	TR	3	0	0	0	0	1	1	0	D5	Eb5	0	0	P1-100-4	P1-100-4	
72030	72030	1	SA	1	1	0	0	0	1	Eb5	4	P1-100-15	
72030	72045	2	TR	3	0	0	0	0	1	1	0	D5	Eb5	0	0	P1-100-4	P1-100-4	
72045	72045	1	SA	1	1	0	0	0	1	D5	4	P1-100-16	
72045	72060	2	TR	3	0	0	0	0	1	1	0	D5	Eb5	0	0	P1-100-4	P1-100-4	
72060	72060	1	SA	1	1	0	0	0	1	Eb5	4	P1-100-17	
72060	72075	2	TR	3	0	0	0	0	1	1	0	D5	Eb5	0	0	P1-100-4	P1-100-4	
72075	72075	1	SA	1	1	0	0	0	1	D5	4	P1-100-18	
72075	72090	2	TR	3	0	0	0	0	1	1	1	D5	Eb5	C5	0	0	0	P1-100-4	P1-100-4	P1-100-4	
72090	72090	1	CH	1	3	2	0	0	3	F5	Bb2	G3	0	1	5	P1-101-1	P1-101-15	P1-101-16	
72210	72210	1	CH	1	2	1	0	0	2	Eb5	Bb3	0	5	P1-101-2	P1-101-17	
72330	72330	1	CH	1	1	0	0	0	1	Eb3	5	P1-101-18	
72450	72450	1	CH	1	2	1	0	0	2	Eb5	G3	0	5	P1-101-4	P1-101-19	
72570	72570	1	CH	1	1	0	0	0	1	C3	5	P1-101-20	
72690	72690	1	SA	1	2	1	0	0	2	Bb4	F3	2	5	P1-101-7	P1-101-21	
72690	72705	2	TR	3	0	0	0	0	1	1	0	A4	Bb4	0	0	P1-101-5	P1-101-5	
72705	72705	1	SA	1	1	0	0	0	1	A4	2	P1-101-8	
72705	72720	2	TR	3	0	0	0	0	1	1	0	A4	Bb4	0	0	P1-101-5	P1-101-5	
72720	72720	1	SA	1	1	0	0	0	1	Bb4	2	P1-101-9	
72720	72735	2	TR	3	0	0	0	0	1	1	0	A4	Bb4	0	0	P1-101-5	P1-101-5	
72735	72735	1	SA	1	1	0	0	0	1	A4	2	P1-101-10	
72735	72750	2	TR	3	0	0	0	0	1	1	0	A4	Bb4	0	0	P1-101-5	P1-101-5	
72750	72750	1	SA	1	2	1	0	0	2	Bb4	Eb3	2	5	P1-101-11	P1-101-22	
72750	72765	2	TR	3	0	0	0	0	1	1	0	A4	Bb4	0	0	P1-101-5	P1-101-5	
72765	72765	1	SA	1	1	0	0	0	1	A4	2	P1-101-12	
72765	72780	2	TR	3	0	0	0	0	1	1	0	A4	Bb4	0	0	P1-101-5	P1-101-5	
72780	72780	1	SA	1	1	0	0	0	1	Bb4	2	P1-101-13	
72780	72795	2	TR	3	0	0	0	0	1	1	0	A4	Bb4	0	0	P1-101-5	P1-101-5	
72795	72795	1	SA	1	1	0	0	0	1	A4	2	P1-101-14	
72795	72810	2	TR	3	0	0	0	0	1	1	1	A4	Bb4	G4	0	0	0	P1-101-5	P1-101-5	P1-101-5	
72810	72810	1	CH	1	3	2	0	0	3	Bb4	D3	Bb2	0	1	3	P1-102-1	P1-102-13	P1-102-22	
72930	72930	1	CH	1	1	0	0	0	1	F3	1	P1-102-14	
72990	72990	1	CH	1	2	1	0	0	2	A4	Eb3	0	1	P1-102-3	P1-102-15	
73050	73050	1	CH	1	3	2	0	0	3	Bb4	D3	Bb2	0	1	3	P1-102-4	P1-102-16	P1-102-23	
73170	73170	1	CH	1	1	0	0	0	1	F3	1	P1-102-17	
73230	73230	1	CH	1	3	2	0	0	3	A4	C5	Eb3	0	0	1	P1-102-6	P1-102-7	P1-102-18	
73290	73290	1	CH	1	4	3	0	0	4	Bb4	D5	D3	Bb2	0	0	1	3	P1-102-8	P1-102-9	P1-102-19	P1-102-24	
73410	73410	1	CH	1	1	0	0	0	1	F3	1	P1-102-20	
73470	73470	1	CH	1	3	2	0	0	3	C5	A5	Eb3	0	0	1	P1-102-11	P1-102-12	P1-102-21	
73530	73530	1	CH	1	4	3	0	0	4	D5	Bb5	Bb2	D3	0	0	1	1	P1-103-1	P1-103-2	P1-103-8	P1-103-9	
73650	73650	1	CH	1	1	0	0	0	1	D6	0	P1-103-3	
73740	73740	1	CH	1	1	0	0	0	1	C6	0	P1-103-4	
73770	73770	1	CH	1	1	0	0	0	1	C6	0	P1-103-5	
74010	74010	1	CH	1	1	0	0	0	1	Bb5	0	P1-103-6	
74130	74130	1	CH	1	1	0	0	0	1	Bb1	1	P1-103-13	
