//TPQN: 480
//HmmVersion: 170101
0	0	1	CH	1	4	3	0	0	4	Ab4	C5	Ab2	Eb3	0	0	1	1	P1-1-1	P1-1-2	P1-1-9	P1-1-10	
720	720	1	CH	1	4	3	0	0	4	Eb4	Ab4	C3	Eb3	0	0	1	1	P1-1-3	P1-1-4	P1-1-11	P1-1-12	
960	960	1	CH	1	4	3	0	0	4	Eb4	Ab4	C3	Eb3	0	0	1	1	P1-1-5	P1-1-6	P1-1-13	P1-1-14	
1320	1320	1	CH	1	4	3	0	0	4	Eb4	Ab4	C3	Eb3	0	0	1	1	P1-1-7	P1-1-8	P1-1-15	P1-1-16	
1440	1440	1	CH	1	4	3	0	0	4	G4	Db5	Bb2	Eb3	0	0	1	1	P1-2-1	P1-2-2	P1-2-5	P1-2-6	
1920	1920	1	CH	1	4	3	0	0	4	G4	Bb4	Db3	Eb3	0	0	1	1	P1-2-3	P1-2-4	P1-2-7	P1-2-8	
2880	2880	1	CH	1	4	3	0	0	4	Ab4	Eb5	C3	Eb3	0	0	1	2	P1-3-1	P1-3-2	P1-3-9	P1-3-20	
3120	3120	1	CH	1	2	1	0	0	2	C3	Ab3	1	1	P1-3-10	P1-3-11	
3360	3360	1	CH	1	2	1	0	0	2	C3	C4	1	1	P1-3-12	P1-3-13	
3600	3600	1	CH	1	4	3	0	0	4	Ab4	Db5	F3	Bb3	0	0	1	1	P1-3-3	P1-3-4	P1-3-14	P1-3-15	
3840	3840	1	CH	1	4	3	0	0	4	Ab4	Eb5	Eb3	C4	0	0	1	1	P1-3-5	P1-3-6	P1-3-16	P1-3-17	
4080	4080	1	CH	1	4	3	0	0	4	Ab4	F5	Db3	Db4	0	0	1	1	P1-3-7	P1-3-8	P1-3-18	P1-3-19	
4320	4320	1	CH	1	4	3	0	0	4	Eb5	Eb3	Bb3	G4	0	1	1	4	P1-4-1	P1-4-31	P1-4-32	P1-4-28	
4680	4680	1	CH	1	1	0	0	0	1	D5	0	P1-4-2	
4800	4800	1	CH	1	4	3	0	0	4	Db5	Eb3	Bb3	G4	0	1	1	4	P1-4-3	P1-4-33	P1-4-34	P1-4-29	
4830	4830	1	CH	1	2	1	0	0	2	Db5	Eb5	0	0	P1-4-4	P1-4-5	
4860	4860	1	CH	1	1	0	0	0	1	Db5	3	P1-4-23	
4890	4890	1	CH	1	1	0	0	0	1	Eb5	0	P1-4-7	
4920	4920	1	CH	1	1	0	0	0	1	Db5	3	P1-4-24	
4950	4950	1	CH	1	1	0	0	0	1	Eb5	0	P1-4-9	
4980	4980	1	CH	1	1	0	0	0	1	Db5	3	P1-4-25	
5010	5010	1	CH	1	1	0	0	0	1	Eb5	0	P1-4-10	
5040	5040	1	CH	1	1	0	0	0	1	Db5	0	P1-4-11	
5060	5060	1	CH	1	2	1	0	0	2	Db5	Eb5	0	0	P1-4-12	P1-4-13	
5080	5080	1	CH	1	1	0	0	0	1	Db5	0	P1-4-14	
5100	5100	1	CH	1	1	0	0	0	1	C5	0	P1-4-15	
5160	5160	1	CH	1	1	0	0	0	1	Db5	0	P1-4-16	
5220	5220	1	CH	1	1	0	0	0	1	Eb5	0	P1-4-17	
5280	5280	1	CH	1	1	0	0	0	1	F5	0	P1-4-18	
5520	5520	1	CH	1	1	0	0	0	1	Eb5	0	P1-4-19	
5640	5640	1	CH	1	1	0	0	0	1	Db5	0	P1-4-20	
5760	5760	1	CH	1	2	1	0	0	2	C5	Ab3	0	1	P1-5-1	P1-5-4	
5880	5880	1	CH	1	2	1	0	0	2	C4	Eb4	1	1	P1-5-5	P1-5-6	
6000	6000	1	CH	1	2	1	0	0	2	C4	Eb4	1	1	P1-5-7	P1-5-8	
6120	6120	1	CH	1	2	1	0	0	2	C4	Eb4	1	1	P1-5-9	P1-5-10	
6240	6240	1	CH	1	1	0	0	0	1	Ab3	1	P1-5-11	
6360	6360	1	CH	1	2	1	0	0	2	C4	Eb4	1	1	P1-5-12	P1-5-13	
6480	6480	1	CH	1	3	2	0	0	3	Eb5	C4	Eb4	0	1	1	P1-5-2	P1-5-14	P1-5-15	
6600	6600	1	CH	1	2	1	0	0	2	C4	Eb4	1	1	P1-5-16	P1-5-17	
6720	6720	1	CH	1	1	0	0	0	1	Ab3	1	P1-5-18	
6840	6840	1	CH	1	2	1	0	0	2	C4	Eb4	1	1	P1-5-19	P1-5-20	
6960	6960	1	CH	1	3	2	0	0	3	Ab5	C4	Eb4	0	1	1	P1-5-3	P1-5-21	P1-5-22	
7080	7080	1	CH	1	2	1	0	0	2	C4	Eb4	1	1	P1-5-23	P1-5-24	
7200	7200	1	CH	1	2	1	0	0	2	Ab5	Bb3	0	1	P1-6-1	P1-6-3	
7320	7320	1	CH	1	2	1	0	0	2	Db4	Eb4	1	1	P1-6-4	P1-6-5	
7440	7440	1	CH	1	2	1	0	0	2	Db4	Eb4	1	1	P1-6-6	P1-6-7	
7560	7560	1	CH	1	2	1	0	0	2	Db4	Eb4	1	1	P1-6-8	P1-6-9	
7680	7680	1	CH	1	2	1	0	0	2	G5	Bb3	0	1	P1-6-2	P1-6-10	
7800	7800	1	CH	1	2	1	0	0	2	Db4	Eb4	1	1	P1-6-11	P1-6-12	
7920	7920	1	CH	1	2	1	0	0	2	Db4	Eb4	1	1	P1-6-13	P1-6-14	
8040	8040	1	CH	1	2	1	0	0	2	Db4	Eb4	1	1	P1-6-15	P1-6-16	
8160	8160	1	CH	1	1	0	0	0	1	Bb3	1	P1-6-17	
8280	8280	1	CH	1	2	1	0	0	2	Db4	Eb4	1	1	P1-6-18	P1-6-19	
8400	8400	1	CH	1	2	1	0	0	2	Db4	Eb4	1	1	P1-6-20	P1-6-21	
8520	8520	1	CH	1	2	1	0	0	2	Db4	Eb4	1	1	P1-6-22	P1-6-23	
8640	8640	1	CH	1	2	1	0	0	2	Bb5	Db4	0	1	P1-7-1	P1-7-4	
8760	8760	1	CH	1	3	2	0	0	3	Eb4	G4	Bb4	1	1	1	P1-7-5	P1-7-6	P1-7-7	
8880	8880	1	CH	1	3	2	0	0	3	Eb4	G4	Bb4	1	1	1	P1-7-8	P1-7-9	P1-7-10	
9000	9000	1	CH	1	3	2	0	0	3	Eb4	G4	Bb4	1	1	1	P1-7-11	P1-7-12	P1-7-13	
9120	9120	1	CH	1	1	0	0	0	1	Db4	1	P1-7-14	
9240	9240	1	CH	1	3	2	0	0	3	Eb4	G4	Bb4	1	1	1	P1-7-15	P1-7-16	P1-7-17	
9360	9360	1	CH	1	4	3	0	0	4	G5	Eb4	G4	Bb4	0	1	1	1	P1-7-2	P1-7-18	P1-7-19	P1-7-20	
9480	9480	1	CH	1	3	2	0	0	3	Eb4	G4	Bb4	1	1	1	P1-7-21	P1-7-22	P1-7-23	
9600	9600	1	CH	1	1	0	0	0	1	Db4	1	P1-7-24	
9720	9720	1	CH	1	3	2	0	0	3	Eb4	G4	Bb4	1	1	1	P1-7-25	P1-7-26	P1-7-27	
9840	9840	1	CH	1	4	3	0	0	4	Eb5	Eb4	G4	Bb4	0	1	1	1	P1-7-3	P1-7-28	P1-7-29	P1-7-30	
9960	9960	1	CH	1	3	2	0	0	3	Eb4	G4	Bb4	1	1	1	P1-7-31	P1-7-32	P1-7-33	
10080	10080	1	CH	1	2	1	0	0	2	Eb5	C4	0	1	P1-8-1	P1-8-3	
10200	10200	1	CH	1	2	1	0	0	2	Eb4	Ab4	1	1	P1-8-4	P1-8-5	
10320	10320	1	CH	1	2	1	0	0	2	Eb4	Ab4	1	1	P1-8-6	P1-8-7	
10440	10440	1	CH	1	2	1	0	0	2	Eb4	Ab4	1	1	P1-8-8	P1-8-9	
10560	10560	1	CH	1	2	1	0	0	2	Ab5	C4	0	1	P1-8-2	P1-8-10	
10680	10680	1	CH	1	2	1	0	0	2	Eb4	Ab4	1	1	P1-8-11	P1-8-12	
10800	10800	1	CH	1	2	1	0	0	2	Eb4	Ab4	1	1	P1-8-13	P1-8-14	
10920	10920	1	CH	1	2	1	0	0	2	Eb4	Ab4	1	1	P1-8-15	P1-8-16	
11040	11040	1	CH	1	1	0	0	0	1	C4	1	P1-8-17	
11160	11160	1	CH	1	2	1	0	0	2	Eb4	Ab4	1	1	P1-8-18	P1-8-19	
11280	11280	1	CH	1	2	1	0	0	2	Eb4	Ab4	1	1	P1-8-20	P1-8-21	
11400	11400	1	CH	1	2	1	0	0	2	Eb4	Ab4	1	1	P1-8-22	P1-8-23	
11520	11520	1	CH	1	2	1	0	0	2	Ab5	Gb4	0	1	P1-9-1	P1-9-4	
11640	11640	1	CH	1	3	2	0	0	3	Ab4	C5	Eb5	1	1	1	P1-9-5	P1-9-6	P1-9-7	
11760	11760	1	CH	1	3	2	0	0	3	Ab4	C5	Eb5	1	1	1	P1-9-8	P1-9-9	P1-9-10	
11880	11880	1	CH	1	3	2	0	0	3	Ab4	C5	Eb5	1	1	1	P1-9-11	P1-9-12	P1-9-13	
12000	12000	1	CH	1	1	0	0	0	1	Gb4	1	P1-9-14	
12120	12120	1	CH	1	3	2	0	0	3	Ab4	C5	Eb5	1	1	1	P1-9-15	P1-9-16	P1-9-17	
12240	12240	1	CH	1	4	3	0	0	4	C6	Ab4	C5	Eb5	0	1	1	1	P1-9-2	P1-9-18	P1-9-19	P1-9-20	
12360	12360	1	CH	1	3	2	0	0	3	Ab4	C5	Eb5	1	1	1	P1-9-21	P1-9-22	P1-9-23	
12480	12480	1	CH	1	1	0	0	0	1	Gb4	1	P1-9-24	
12600	12600	1	CH	1	3	2	0	0	3	Ab4	C5	Eb5	1	1	1	P1-9-25	P1-9-26	P1-9-27	
12720	12720	1	CH	1	4	3	0	0	4	Eb6	Ab4	C5	Eb5	0	1	1	1	P1-9-3	P1-9-28	P1-9-29	P1-9-30	
12840	12840	1	CH	1	3	2	0	0	3	Ab4	C5	Eb5	1	1	1	P1-9-31	P1-9-32	P1-9-33	
12960	12960	1	CH	1	2	1	0	0	2	Eb6	F4	0	1	P1-10-1	P1-10-5	
13080	13080	1	CH	1	2	1	0	0	2	Ab4	Db5	1	1	P1-10-6	P1-10-7	
13200	13200	1	CH	1	2	1	0	0	2	Ab4	Db5	1	1	P1-10-8	P1-10-9	
13320	13320	1	CH	1	2	1	0	0	2	Ab4	Db5	1	1	P1-10-10	P1-10-11	
13440	13440	1	CH	1	1	0	0	0	1	F4	1	P1-10-12	
13560	13560	1	CH	1	2	1	0	0	2	Ab4	Db5	1	1	P1-10-13	P1-10-14	
13680	13680	1	CH	1	3	2	0	0	3	Db6	Ab4	Db5	0	1	1	P1-10-2	P1-10-15	P1-10-16	
13800	13800	1	CH	1	2	1	0	0	2	Ab4	Db5	1	1	P1-10-17	P1-10-18	
13920	13920	1	CH	1	2	1	0	0	2	Eb6	Eb4	0	1	P1-10-3	P1-10-19	
14040	14040	1	CH	1	2	1	0	0	2	Ab4	C5	1	1	P1-10-20	P1-10-21	
14160	14160	1	CH	1	2	1	0	0	2	F6	Db4	0	1	P1-10-4	P1-10-22	
14280	14280	1	CH	1	2	1	0	0	2	Ab4	Bb4	1	1	P1-10-23	P1-10-24	
14400	14400	1	CH	1	2	1	0	0	2	F6	Eb4	0	1	P1-11-1	P1-11-8	
14520	14520	1	CH	1	2	1	0	0	2	Ab4	C5	1	1	P1-11-9	P1-11-10	
14640	14640	1	CH	1	3	2	0	0	3	Eb6	Ab4	C5	0	1	1	P1-11-2	P1-11-11	P1-11-12	
14760	14760	1	CH	1	2	1	0	0	2	Ab4	C5	1	1	P1-11-13	P1-11-14	
14880	14880	1	CH	1	1	0	0	0	1	Eb4	1	P1-11-15	
15000	15000	1	CH	1	2	1	0	0	2	Ab4	C5	1	1	P1-11-16	P1-11-17	
15120	15120	1	CH	1	3	2	0	0	3	Db6	Ab4	C5	0	1	1	P1-11-3	P1-11-18	P1-11-19	
15240	15240	1	CH	1	3	2	0	0	3	C6	Ab4	C5	0	1	1	P1-11-4	P1-11-20	P1-11-21	
15360	15360	1	CH	1	2	1	0	0	2	Eb6	Eb4	0	1	P1-11-5	P1-11-22	
15480	15480	1	CH	1	3	2	0	0	3	Db6	Bb4	Db5	0	1	1	P1-11-6	P1-11-23	P1-11-24	
15600	15600	1	CH	1	3	2	0	0	3	G5	Bb4	Db5	0	1	1	P1-11-7	P1-11-25	P1-11-26	
15720	15720	1	CH	1	2	1	0	0	2	Bb4	Db5	1	1	P1-11-27	P1-11-28	
15840	15840	1	CH	1	3	2	0	0	3	Ab5	Ab4	C5	0	1	1	P1-12-1	P1-12-25	P1-12-26	
15900	15900	1	CH	1	1	0	0	0	1	Eb6	0	P1-12-2	
15960	15960	1	CH	1	1	0	0	0	1	C6	0	P1-12-3	
16020	16020	1	CH	1	1	0	0	0	1	Eb6	0	P1-12-4	
16080	16080	1	CH	1	1	0	0	0	1	Ab6	0	P1-12-5	
16140	16140	1	CH	1	1	0	0	0	1	Eb6	0	P1-12-6	
16200	16200	1	CH	1	1	0	0	0	1	C6	0	P1-12-7	
16260	16260	1	CH	1	1	0	0	0	1	Eb6	0	P1-12-8	
16320	16320	1	CH	1	1	0	0	0	1	Ab5	0	P1-12-9	
16380	16380	1	CH	1	1	0	0	0	1	Eb5	0	P1-12-10	
16440	16440	1	CH	1	1	0	0	0	1	C5	0	P1-12-11	
16500	16500	1	CH	1	1	0	0	0	1	Eb5	0	P1-12-12	
16560	16560	1	CH	1	1	0	0	0	1	Ab4	0	P1-12-13	
16620	16620	1	CH	1	1	0	0	0	1	Eb4	0	P1-12-14	
16680	16680	1	CH	1	1	0	0	0	1	C4	0	P1-12-15	
16740	16740	1	CH	1	1	0	0	0	1	Eb4	0	P1-12-16	
16800	16800	1	CH	1	1	0	0	0	1	Ab3	0	P1-12-17	
16860	16860	1	CH	1	1	0	0	0	1	Eb3	0	P1-12-18	
16920	16920	1	CH	1	1	0	0	0	1	C3	0	P1-12-19	
16980	16980	1	CH	1	1	0	0	0	1	Eb3	0	P1-12-20	
17040	17040	1	CH	1	1	0	0	0	1	Ab2	0	P1-12-21	
17100	17100	1	CH	1	1	0	0	0	1	Eb3	0	P1-12-22	
17160	17160	1	CH	1	1	0	0	0	1	C3	0	P1-12-23	
17220	17220	1	CH	1	1	0	0	0	1	Eb3	0	P1-12-24	
17280	17280	1	CH	1	4	3	0	0	4	G2	Bb1	Eb2	Bb2	0	1	1	1	P1-13-1	P1-13-25	P1-13-26	P1-13-27	
17340	17340	1	CH	1	1	0	0	0	1	Eb3	0	P1-13-2	
17400	17400	1	CH	1	1	0	0	0	1	Db3	0	P1-13-3	
17460	17460	1	CH	1	1	0	0	0	1	Eb3	0	P1-13-4	
17520	17520	1	CH	1	1	0	0	0	1	G3	0	P1-13-5	
17580	17580	1	CH	1	1	0	0	0	1	Eb3	0	P1-13-6	
17640	17640	1	CH	1	1	0	0	0	1	Db3	0	P1-13-7	
17700	17700	1	CH	1	1	0	0	0	1	Eb3	0	P1-13-8	
17760	17760	1	CH	1	4	3	0	0	4	G3	Bb1	Eb2	Bb2	0	1	1	1	P1-13-9	P1-13-28	P1-13-29	P1-13-30	
17820	17820	1	CH	1	1	0	0	0	1	Eb4	0	P1-13-10	
17880	17880	1	CH	1	1	0	0	0	1	Db4	0	P1-13-11	
17940	17940	1	CH	1	1	0	0	0	1	Eb4	0	P1-13-12	
18000	18000	1	CH	1	1	0	0	0	1	G4	0	P1-13-13	
18060	18060	1	CH	1	1	0	0	0	1	Eb4	0	P1-13-14	
18120	18120	1	CH	1	1	0	0	0	1	Db4	0	P1-13-15	
18180	18180	1	CH	1	1	0	0	0	1	Eb4	0	P1-13-16	
18240	18240	1	CH	1	4	3	0	0	4	G4	Bb1	Eb2	Bb2	0	1	1	1	P1-13-17	P1-13-31	P1-13-32	P1-13-33	
18300	18300	1	CH	1	1	0	0	0	1	Eb5	0	P1-13-18	
18360	18360	1	CH	1	1	0	0	0	1	Db5	0	P1-13-19	
18420	18420	1	CH	1	1	0	0	0	1	Eb5	0	P1-13-20	
18480	18480	1	CH	1	1	0	0	0	1	G5	0	P1-13-21	
18540	18540	1	CH	1	1	0	0	0	1	Eb5	0	P1-13-22	
18600	18600	1	CH	1	1	0	0	0	1	Db5	0	P1-13-23	
18660	18660	1	CH	1	1	0	0	0	1	Eb5	0	P1-13-24	
18720	18720	1	CH	1	4	3	0	0	4	Ab5	C2	Eb2	C3	0	1	1	1	P1-14-1	P1-14-25	P1-14-26	P1-14-27	
18780	18780	1	CH	1	1	0	0	0	1	Eb6	0	P1-14-2	
18840	18840	1	CH	1	1	0	0	0	1	C6	0	P1-14-3	
18900	18900	1	CH	1	1	0	0	0	1	Eb6	0	P1-14-4	
18960	18960	1	CH	1	1	0	0	0	1	Ab6	0	P1-14-5	
19020	19020	1	CH	1	1	0	0	0	1	Eb6	0	P1-14-6	
19080	19080	1	CH	1	1	0	0	0	1	C6	0	P1-14-7	
19140	19140	1	CH	1	1	0	0	0	1	Eb6	0	P1-14-8	
19200	19200	1	CH	1	1	0	0	0	1	Ab5	0	P1-14-9	
19260	19260	1	CH	1	1	0	0	0	1	Eb5	0	P1-14-10	
19320	19320	1	CH	1	1	0	0	0	1	C5	0	P1-14-11	
19380	19380	1	CH	1	1	0	0	0	1	Eb5	0	P1-14-12	
19440	19440	1	CH	1	1	0	0	0	1	Ab4	0	P1-14-13	
19500	19500	1	CH	1	1	0	0	0	1	Eb4	0	P1-14-14	
19560	19560	1	CH	1	1	0	0	0	1	C4	0	P1-14-15	
19620	19620	1	CH	1	1	0	0	0	1	Eb4	0	P1-14-16	
19680	19680	1	CH	1	1	0	0	0	1	Ab3	0	P1-14-17	
19740	19740	1	CH	1	1	0	0	0	1	Eb3	0	P1-14-18	
19800	19800	1	CH	1	1	0	0	0	1	C3	0	P1-14-19	
19860	19860	1	CH	1	1	0	0	0	1	Eb3	0	P1-14-20	
19920	19920	1	CH	1	1	0	0	0	1	Ab2	0	P1-14-21	
19980	19980	1	CH	1	1	0	0	0	1	Eb3	0	P1-14-22	
20040	20040	1	CH	1	1	0	0	0	1	C3	0	P1-14-23	
20100	20100	1	CH	1	1	0	0	0	1	Eb3	0	P1-14-24	
20160	20160	1	CH	1	4	3	0	0	4	Bb2	G1	Eb2	G2	0	1	1	1	P1-15-1	P1-15-25	P1-15-26	P1-15-27	
20220	20220	1	CH	1	1	0	0	0	1	Eb3	0	P1-15-2	
20280	20280	1	CH	1	1	0	0	0	1	Db3	0	P1-15-3	
20340	20340	1	CH	1	1	0	0	0	1	Eb3	0	P1-15-4	
20400	20400	1	CH	1	1	0	0	0	1	Bb3	0	P1-15-5	
20460	20460	1	CH	1	1	0	0	0	1	Eb3	0	P1-15-6	
20520	20520	1	CH	1	1	0	0	0	1	Db3	0	P1-15-7	
20580	20580	1	CH	1	1	0	0	0	1	Eb3	0	P1-15-8	
20640	20640	1	CH	1	4	3	0	0	4	G3	G1	Eb2	G2	0	1	1	1	P1-15-9	P1-15-28	P1-15-29	P1-15-30	
20700	20700	1	CH	1	1	0	0	0	1	Eb4	0	P1-15-10	
20760	20760	1	CH	1	1	0	0	0	1	Db4	0	P1-15-11	
20820	20820	1	CH	1	1	0	0	0	1	Eb4	0	P1-15-12	
20880	20880	1	CH	1	1	0	0	0	1	Bb4	0	P1-15-13	
20940	20940	1	CH	1	1	0	0	0	1	Eb4	0	P1-15-14	
21000	21000	1	CH	1	1	0	0	0	1	Db4	0	P1-15-15	
21060	21060	1	CH	1	1	0	0	0	1	Eb4	0	P1-15-16	
21120	21120	1	CH	1	4	3	0	0	4	Bb4	G1	Eb2	G2	0	1	1	1	P1-15-17	P1-15-31	P1-15-32	P1-15-33	
21180	21180	1	CH	1	1	0	0	0	1	Eb5	0	P1-15-18	
21240	21240	1	CH	1	1	0	0	0	1	Db5	0	P1-15-19	
21300	21300	1	CH	1	1	0	0	0	1	Eb5	0	P1-15-20	
21360	21360	1	CH	1	1	0	0	0	1	Bb5	0	P1-15-21	
21420	21420	1	CH	1	1	0	0	0	1	Eb5	0	P1-15-22	
21480	21480	1	CH	1	1	0	0	0	1	Db5	0	P1-15-23	
21540	21540	1	CH	1	1	0	0	0	1	Eb5	0	P1-15-24	
21600	21600	1	CH	1	4	3	0	0	4	C5	Ab1	Eb2	Ab2	0	1	1	1	P1-16-1	P1-16-25	P1-16-26	P1-16-27	
21660	21660	1	CH	1	1	0	0	0	1	Ab5	0	P1-16-2	
21720	21720	1	CH	1	1	0	0	0	1	Eb5	0	P1-16-3	
21780	21780	1	CH	1	1	0	0	0	1	Ab5	0	P1-16-4	
21840	21840	1	CH	1	1	0	0	0	1	C6	0	P1-16-5	
21900	21900	1	CH	1	1	0	0	0	1	Ab5	0	P1-16-6	
21960	21960	1	CH	1	1	0	0	0	1	Eb5	0	P1-16-7	
22020	22020	1	CH	1	1	0	0	0	1	Ab5	0	P1-16-8	
22080	22080	1	CH	1	1	0	0	0	1	C5	0	P1-16-9	
22140	22140	1	CH	1	1	0	0	0	1	Ab4	0	P1-16-10	
22200	22200	1	CH	1	1	0	0	0	1	Eb4	0	P1-16-11	
22260	22260	1	CH	1	1	0	0	0	1	Ab4	0	P1-16-12	
22320	22320	1	CH	1	1	0	0	0	1	C4	0	P1-16-13	
22380	22380	1	CH	1	1	0	0	0	1	Ab3	0	P1-16-14	
22440	22440	1	CH	1	1	0	0	0	1	Eb3	0	P1-16-15	
22500	22500	1	CH	1	1	0	0	0	1	Ab3	0	P1-16-16	
22560	22560	1	CH	1	1	0	0	0	1	C3	0	P1-16-17	
22620	22620	1	CH	1	1	0	0	0	1	Ab3	0	P1-16-18	
22680	22680	1	CH	1	1	0	0	0	1	Eb3	0	P1-16-19	
22740	22740	1	CH	1	1	0	0	0	1	Ab3	0	P1-16-20	
22800	22800	1	CH	1	1	0	0	0	1	C4	0	P1-16-21	
22860	22860	1	CH	1	1	0	0	0	1	Ab3	0	P1-16-22	
22920	22920	1	CH	1	1	0	0	0	1	Eb3	0	P1-16-23	
22980	22980	1	CH	1	1	0	0	0	1	Ab3	0	P1-16-24	
23040	23040	1	CH	1	3	2	0	0	3	D3	F1	F2	0	1	1	P1-17-1	P1-17-25	P1-17-26	
23100	23100	1	CH	1	1	0	0	0	1	Bb3	0	P1-17-2	
23160	23160	1	CH	1	1	0	0	0	1	Ab3	0	P1-17-3	
23220	23220	1	CH	1	1	0	0	0	1	Bb3	0	P1-17-4	
23280	23280	1	CH	1	1	0	0	0	1	D4	0	P1-17-5	
23340	23340	1	CH	1	1	0	0	0	1	Bb3	0	P1-17-6	
23400	23400	1	CH	1	1	0	0	0	1	Ab3	0	P1-17-7	
23460	23460	1	CH	1	1	0	0	0	1	Bb3	0	P1-17-8	
23520	23520	1	CH	1	4	3	0	0	4	D4	F2	Bb2	F3	0	1	1	1	P1-17-9	P1-17-27	P1-17-28	P1-17-29	
23580	23580	1	CH	1	1	0	0	0	1	Bb4	0	P1-17-10	
23640	23640	1	CH	1	1	0	0	0	1	Ab4	0	P1-17-11	
23700	23700	1	CH	1	1	0	0	0	1	Bb4	0	P1-17-12	
23760	23760	1	CH	1	1	0	0	0	1	D5	0	P1-17-13	
23820	23820	1	CH	1	1	0	0	0	1	Bb4	0	P1-17-14	
23880	23880	1	CH	1	1	0	0	0	1	Ab4	0	P1-17-15	
23940	23940	1	CH	1	1	0	0	0	1	Bb4	0	P1-17-16	
24000	24000	1	CH	1	4	3	0	0	4	Eb5	Eb2	Bb2	Eb3	0	1	1	1	P1-17-17	P1-17-30	P1-17-31	P1-17-32	
24060	24060	1	CH	1	1	0	0	0	1	Bb5	0	P1-17-18	
24120	24120	1	CH	1	1	0	0	0	1	G5	0	P1-17-19	
24180	24180	1	CH	1	1	0	0	0	1	Bb5	0	P1-17-20	
24240	24240	1	CH	1	1	0	0	0	1	Eb6	0	P1-17-21	
24300	24300	1	CH	1	1	0	0	0	1	Bb5	0	P1-17-22	
24360	24360	1	CH	1	1	0	0	0	1	G5	0	P1-17-23	
24420	24420	1	CH	1	1	0	0	0	1	Bb5	0	P1-17-24	
24480	24480	1	CH	1	4	3	0	0	4	F5	D2	Bb2	D3	0	1	1	1	P1-18-1	P1-18-25	P1-18-26	P1-18-27	
24540	24540	1	CH	1	1	0	0	0	1	Bb5	0	P1-18-2	
24600	24600	1	CH	1	1	0	0	0	1	Ab5	0	P1-18-3	
24660	24660	1	CH	1	1	0	0	0	1	Bb5	0	P1-18-4	
24720	24720	1	CH	1	1	0	0	0	1	F6	0	P1-18-5	
24780	24780	1	CH	1	1	0	0	0	1	Bb5	0	P1-18-6	
24840	24840	1	CH	1	1	0	0	0	1	Ab5	0	P1-18-7	
24900	24900	1	CH	1	1	0	0	0	1	Bb5	0	P1-18-8	
24960	24960	1	CH	1	4	3	0	0	4	F5	D3	Bb3	D4	0	1	1	1	P1-18-9	P1-18-28	P1-18-29	P1-18-30	
25020	25020	1	CH	1	1	0	0	0	1	Bb5	0	P1-18-10	
25080	25080	1	CH	1	1	0	0	0	1	Ab5	0	P1-18-11	
25140	25140	1	CH	1	1	0	0	0	1	Bb5	0	P1-18-12	
25200	25200	1	CH	1	1	0	0	0	1	F6	0	P1-18-13	
25260	25260	1	CH	1	1	0	0	0	1	Bb5	0	P1-18-14	
25320	25320	1	CH	1	1	0	0	0	1	Ab5	0	P1-18-15	
25380	25380	1	CH	1	1	0	0	0	1	Bb5	0	P1-18-16	
25440	25440	1	CH	1	4	3	0	0	4	G5	Db3	Eb3	Db4	0	1	1	1	P1-18-17	P1-18-31	P1-18-32	P1-18-33	
25500	25500	1	CH	1	1	0	0	0	1	Eb6	0	P1-18-18	
25560	25560	1	CH	1	1	0	0	0	1	Bb5	0	P1-18-19	
25620	25620	1	CH	1	1	0	0	0	1	Eb6	0	P1-18-20	
25680	25680	1	CH	1	1	0	0	0	1	G6	0	P1-18-21	
25740	25740	1	CH	1	1	0	0	0	1	Eb6	0	P1-18-22	
25800	25800	1	CH	1	1	0	0	0	1	Bb5	0	P1-18-23	
25860	25860	1	CH	1	1	0	0	0	1	Eb6	0	P1-18-24	
25920	25920	1	CH	1	4	3	0	0	4	Ab5	C3	Eb3	C4	0	1	1	1	P1-19-1	P1-19-25	P1-19-26	P1-19-27	
25980	25980	1	CH	1	1	0	0	0	1	Ab6	0	P1-19-2	
26040	26040	1	CH	1	1	0	0	0	1	Eb6	0	P1-19-3	
26100	26100	1	CH	1	1	0	0	0	1	Ab6	0	P1-19-4	
26160	26160	1	CH	1	4	3	0	0	4	A5	Cb3	Eb3	Cb4	0	1	1	1	P1-19-5	P1-19-28	P1-19-29	P1-19-30	
26220	26220	1	CH	1	1	0	0	0	1	A6	0	P1-19-6	
26280	26280	1	CH	1	1	0	0	0	1	Eb6	0	P1-19-7	
26340	26340	1	CH	1	1	0	0	0	1	A6	0	P1-19-8	
26400	26400	1	CH	1	4	3	0	0	4	A5	Cb4	Eb4	Cb5	0	1	1	1	P1-19-9	P1-19-31	P1-19-32	P1-19-33	
26460	26460	1	CH	1	1	0	0	0	1	A6	0	P1-19-10	
26520	26520	1	CH	1	1	0	0	0	1	Eb6	0	P1-19-11	
26580	26580	1	CH	1	1	0	0	0	1	A6	0	P1-19-12	
26640	26640	1	CH	1	4	3	0	0	4	Bb5	Bb3	Eb4	Bb4	0	1	1	1	P1-19-13	P1-19-34	P1-19-35	P1-19-36	
26700	26700	1	CH	1	1	0	0	0	1	Bb6	0	P1-19-14	
26760	26760	1	CH	1	1	0	0	0	1	Eb6	0	P1-19-15	
26820	26820	1	CH	1	1	0	0	0	1	Bb6	0	P1-19-16	
26880	26880	1	CH	1	4	3	0	0	4	Bb5	Ab3	Eb4	Ab4	0	1	1	1	P1-19-17	P1-19-37	P1-19-38	P1-19-39	
26940	26940	1	CH	1	1	0	0	0	1	Bb6	0	P1-19-18	
27000	27000	1	CH	1	1	0	0	0	1	Eb6	0	P1-19-19	
27060	27060	1	CH	1	1	0	0	0	1	Bb6	0	P1-19-20	
27120	27120	1	CH	1	4	3	0	0	4	Cb6	G3	Eb4	G4	0	1	1	1	P1-19-21	P1-19-40	P1-19-41	P1-19-42	
27180	27180	1	CH	1	1	0	0	0	1	Cb7	0	P1-19-22	
27240	27240	1	CH	1	1	0	0	0	1	Eb6	0	P1-19-23	
27300	27300	1	CH	1	1	0	0	0	1	Cb7	0	P1-19-24	
27360	27360	1	CH	1	1	0	0	0	1	C7	0	P1-20-1	
27480	27480	1	CH	1	1	0	0	0	1	Ab5	1	P1-20-8	
27600	27600	1	CH	1	1	0	0	0	1	Ab4	1	P1-20-9	
27720	27720	1	CH	1	1	0	0	0	1	C6	0	P1-20-2	
27840	27840	1	CH	1	1	0	0	0	1	Bb6	0	P1-20-3	
27960	27960	1	CH	1	1	0	0	0	1	G5	1	P1-20-11	
28080	28080	1	CH	1	1	0	0	0	1	G4	1	P1-20-12	
28200	28200	1	CH	1	1	0	0	0	1	Bb5	0	P1-20-4	
28320	28320	1	CH	1	1	0	0	0	1	Ab6	0	P1-20-5	
28440	28440	1	CH	1	1	0	0	0	1	F5	1	P1-20-14	
28560	28560	1	CH	1	1	0	0	0	1	F4	1	P1-20-15	
28680	28680	1	CH	1	1	0	0	0	1	A6	0	P1-20-6	
28800	28800	1	CH	1	1	0	0	0	1	Bb6	0	P1-21-1	
28920	28920	1	CH	1	1	0	0	0	1	G5	1	P1-21-10	
29040	29040	1	CH	1	1	0	0	0	1	G4	1	P1-21-11	
29160	29160	1	CH	1	1	0	0	0	1	Bb5	0	P1-21-2	
29280	29280	1	CH	1	1	0	0	0	1	Ab6	0	P1-21-3	
29400	29400	1	CH	1	1	0	0	0	1	F5	1	P1-21-13	
29520	29520	1	CH	1	1	0	0	0	1	F4	1	P1-21-14	
29640	29640	1	CH	1	1	0	0	0	1	Ab5	0	P1-21-4	
29760	29760	1	CH	1	2	1	0	0	2	G6	Eb5	0	1	P1-21-5	P1-21-15	
29880	29880	1	CH	1	2	1	0	0	2	G5	Eb4	0	1	P1-21-6	P1-21-16	
30000	30000	1	CH	1	2	1	0	0	2	Ab5	F4	0	1	P1-21-7	P1-21-17	
30120	30120	1	CH	1	2	1	0	0	2	Bb5	G4	0	1	P1-21-8	P1-21-18	
30240	30240	1	CH	1	1	0	0	0	1	D6	0	P1-22-1	
30360	30360	1	CH	1	2	1	0	0	2	C6	Bb4	0	1	P1-22-2	P1-22-11	
30480	30480	1	CH	1	1	0	0	0	1	Ab4	1	P1-22-12	
30600	30600	1	CH	1	2	1	0	0	2	C5	Ab3	0	1	P1-22-3	P1-22-13	
30720	30720	1	CH	1	1	0	0	0	1	C6	0	P1-22-4	
30840	30840	1	CH	1	2	1	0	0	2	Bb5	Ab4	0	1	P1-22-5	P1-22-15	
30960	30960	1	CH	1	1	0	0	0	1	G4	1	P1-22-16	
31080	31080	1	CH	1	2	1	0	0	2	Bb4	G3	0	1	P1-22-6	P1-22-17	
31200	31200	1	CH	1	1	0	0	0	1	Bb5	0	P1-22-7	
31320	31320	1	CH	1	2	1	0	0	2	Ab5	G4	0	1	P1-22-8	P1-22-19	
31440	31440	1	CH	1	1	0	0	0	1	F4	1	P1-22-20	
31560	31560	1	CH	1	2	1	0	0	2	A5	Gb4	0	1	P1-22-9	P1-22-21	
31680	31680	1	CH	1	1	0	0	0	1	C6	0	P1-23-1	
31800	31800	1	CH	1	2	1	0	0	2	Bb5	Ab4	0	1	P1-23-2	P1-23-16	
31920	31920	1	CH	1	1	0	0	0	1	G4	1	P1-23-17	
32040	32040	1	CH	1	2	1	0	0	2	Bb4	G3	0	1	P1-23-3	P1-23-18	
32160	32160	1	CH	1	1	0	0	0	1	Bb5	0	P1-23-4	
32280	32280	1	CH	1	2	1	0	0	2	Ab5	G4	0	1	P1-23-5	P1-23-20	
32400	32400	1	CH	1	1	0	0	0	1	F4	1	P1-23-21	
32520	32520	1	CH	1	2	1	0	0	2	Ab4	F3	0	1	P1-23-6	P1-23-22	
32640	32640	1	CH	1	4	3	0	0	4	G5	G3	Eb4	Bb4	0	1	1	3	P1-23-7	P1-23-23	P1-23-24	P1-23-13	
32760	32760	1	CH	1	3	2	0	0	3	F5	Ab3	D4	0	1	1	P1-23-8	P1-23-25	P1-23-26	
32880	32880	1	CH	1	4	3	0	0	4	G5	G3	Eb4	Bb4	0	1	1	3	P1-23-9	P1-23-27	P1-23-28	P1-23-14	
33000	33000	1	CH	1	3	2	0	0	3	F5	Ab3	D4	0	1	1	P1-23-10	P1-23-29	P1-23-30	
33120	33120	1	CH	1	4	3	0	0	4	Bb4	G5	G3	Eb4	0	0	1	1	P1-24-1	P1-24-2	P1-24-13	P1-24-14	
33600	33600	1	CH	1	4	3	0	0	4	Bb4	F5	Ab3	D4	0	0	1	1	P1-24-3	P1-24-4	P1-24-15	P1-24-16	
34080	34080	1	CH	1	4	3	0	0	4	Bb4	Bb5	G3	Eb4	0	0	1	1	P1-24-5	P1-24-6	P1-24-17	P1-24-18	
34200	34200	1	CH	1	4	3	0	0	4	Eb5	A5	F3	C4	0	0	1	1	P1-24-7	P1-24-8	P1-24-19	P1-24-20	
34320	34320	1	CH	1	4	3	0	0	4	Bb4	Bb5	G3	Eb4	0	0	1	1	P1-24-9	P1-24-10	P1-24-21	P1-24-22	
34440	34440	1	CH	1	4	3	0	0	4	Eb5	A5	F3	C4	0	0	1	1	P1-24-11	P1-24-12	P1-24-23	P1-24-24	
34560	34560	1	CH	1	6	5	0	0	6	G3	Bb3	Eb4	Bb4	Eb5	Bb5	1	1	1	3	3	3	P1-25-16	P1-25-17	P1-25-18	P1-25-6	P1-25-7	P1-25-8	
35040	35040	1	CH	1	2	1	0	0	2	F3	A4	2	3	P1-25-42	P1-25-9	
35070	35070	1	CH	1	1	0	0	0	1	G3	1	P1-25-20	
35100	35100	1	CH	1	2	1	0	0	2	F3	Eb5	2	3	P1-25-43	P1-25-10	
35130	35130	1	CH	1	1	0	0	0	1	G3	1	P1-25-21	
35160	35160	1	CH	1	2	1	0	0	2	C6	F3	0	2	P1-25-3	P1-25-44	
35190	35190	1	CH	1	1	0	0	0	1	G3	1	P1-25-23	
35220	35220	1	CH	1	1	0	0	0	1	F3	2	P1-25-45	
35250	35250	1	CH	1	1	0	0	0	1	G3	1	P1-25-24	
35280	35280	1	CH	1	1	0	0	0	1	F3	2	P1-25-46	
35310	35310	1	CH	1	1	0	0	0	1	G3	1	P1-25-26	
35340	35340	1	CH	1	1	0	0	0	1	F3	5	P1-25-59	
35360	35360	1	CH	1	1	0	0	0	1	G3	1	P1-25-28	
35400	35400	1	CH	1	1	0	0	0	1	Eb3	2	P1-25-47	
35460	35460	1	CH	1	1	0	0	0	1	F3	2	P1-25-48	
35520	35520	1	CH	1	1	0	0	0	1	Eb3	2	P1-25-49	
35550	35550	1	CH	1	1	0	0	0	1	F3	1	P1-25-31	
35580	35580	1	CH	1	1	0	0	0	1	Eb3	2	P1-25-50	
35610	35610	1	CH	1	1	0	0	0	1	F3	1	P1-25-32	
35640	35640	1	CH	1	1	0	0	0	1	Eb3	2	P1-25-51	
35670	35670	1	CH	1	1	0	0	0	1	F3	1	P1-25-34	
35700	35700	1	CH	1	1	0	0	0	1	Eb3	2	P1-25-52	
35730	35730	1	CH	1	1	0	0	0	1	F3	1	P1-25-35	
35760	35760	1	CH	1	2	1	0	0	2	Eb3	A4	2	3	P1-25-53	P1-25-13	
35790	35790	1	CH	1	1	0	0	0	1	F3	1	P1-25-37	
35820	35820	1	CH	1	2	1	0	0	2	F5	Eb3	3	5	P1-25-14	P1-25-62	
35840	35840	1	CH	1	1	0	0	0	1	F3	1	P1-25-39	
35880	35880	1	CH	1	2	1	0	0	2	D3	C6	2	3	P1-25-54	P1-25-15	
35940	35940	1	CH	1	1	0	0	0	1	Eb3	2	P1-25-55	
36000	36000	1	CH	1	1	0	0	0	1	D3	2	P1-26-52	
36030	36030	1	CH	1	1	0	0	0	1	Eb3	1	P1-26-20	
36060	36060	1	CH	1	1	0	0	0	1	D3	2	P1-26-53	
36090	36090	1	CH	1	1	0	0	0	1	Eb3	1	P1-26-21	
36120	36120	1	CH	1	1	0	0	0	1	D3	2	P1-26-54	
36150	36150	1	CH	1	1	0	0	0	1	Eb3	1	P1-26-23	
36180	36180	1	CH	1	1	0	0	0	1	D3	2	P1-26-55	
36210	36210	1	CH	1	1	0	0	0	1	Eb3	1	P1-26-24	
36240	36240	1	CH	1	2	1	0	0	2	D3	Bb4	2	3	P1-26-56	P1-26-7	
36270	36270	1	CH	1	1	0	0	0	1	Eb3	1	P1-26-26	
36300	36300	1	CH	1	2	1	0	0	2	F5	D3	3	5	P1-26-8	P1-26-75	
36320	36320	1	CH	1	1	0	0	0	1	Eb3	1	P1-26-28	
36360	36360	1	CH	1	2	1	0	0	2	C3	D6	2	3	P1-26-57	P1-26-9	
36420	36420	1	CH	1	1	0	0	0	1	D3	2	P1-26-58	
36480	36480	1	CH	1	1	0	0	0	1	C3	2	P1-26-59	
36510	36510	1	CH	1	1	0	0	0	1	D3	1	P1-26-31	
36540	36540	1	CH	1	1	0	0	0	1	C3	2	P1-26-60	
36570	36570	1	CH	1	1	0	0	0	1	D3	1	P1-26-32	
36600	36600	1	CH	1	1	0	0	0	1	C3	2	P1-26-61	
36630	36630	1	CH	1	1	0	0	0	1	D3	1	P1-26-34	
36660	36660	1	CH	1	1	0	0	0	1	C3	2	P1-26-62	
36690	36690	1	CH	1	1	0	0	0	1	D3	1	P1-26-35	
36720	36720	1	CH	1	2	1	0	0	2	C3	C5	2	3	P1-26-63	P1-26-12	
36750	36750	1	CH	1	1	0	0	0	1	D3	1	P1-26-37	
36780	36780	1	CH	1	2	1	0	0	2	F5	C3	3	5	P1-26-13	P1-26-78	
36800	36800	1	CH	1	1	0	0	0	1	D3	1	P1-26-39	
36840	36840	1	CH	1	2	1	0	0	2	Bb2	Eb6	2	3	P1-26-64	P1-26-14	
36900	36900	1	CH	1	1	0	0	0	1	C3	2	P1-26-65	
36960	36960	1	CH	1	1	0	0	0	1	Bb2	2	P1-26-66	
36990	36990	1	CH	1	1	0	0	0	1	C3	1	P1-26-42	
37020	37020	1	CH	1	1	0	0	0	1	Bb2	2	P1-26-67	
37050	37050	1	CH	1	1	0	0	0	1	C3	1	P1-26-43	
37080	37080	1	CH	1	1	0	0	0	1	Bb2	2	P1-26-68	
37110	37110	1	CH	1	1	0	0	0	1	C3	1	P1-26-45	
37140	37140	1	CH	1	1	0	0	0	1	Bb2	2	P1-26-69	
37170	37170	1	CH	1	1	0	0	0	1	C3	1	P1-26-46	
37200	37200	1	CH	1	2	1	0	0	2	Bb2	D5	2	3	P1-26-70	P1-26-17	
37230	37230	1	CH	1	1	0	0	0	1	C3	1	P1-26-48	
37260	37260	1	CH	1	2	1	0	0	2	F5	Bb2	3	5	P1-26-18	P1-26-81	
37280	37280	1	CH	1	1	0	0	0	1	C3	1	P1-26-50	
37320	37320	1	CH	1	2	1	0	0	2	F6	Ab2	0	2	P1-26-5	P1-26-71	
37380	37380	1	CH	1	1	0	0	0	1	Bb2	2	P1-26-72	
37440	37440	1	CH	1	1	0	0	0	1	Ab2	2	P1-27-40	
37470	37470	1	CH	1	1	0	0	0	1	Bb2	1	P1-27-10	
37500	37500	1	CH	1	1	0	0	0	1	Ab2	2	P1-27-41	
37530	37530	1	CH	1	1	0	0	0	1	Bb2	1	P1-27-11	
37560	37560	1	CH	1	1	0	0	0	1	Ab2	2	P1-27-42	
37590	37590	1	CH	1	1	0	0	0	1	Bb2	1	P1-27-13	
37620	37620	1	CH	1	1	0	0	0	1	Ab2	2	P1-27-43	
37650	37650	1	CH	1	1	0	0	0	1	Bb2	1	P1-27-14	
37680	37680	1	CH	1	2	1	0	0	2	Ab2	G6	2	3	P1-27-44	P1-27-5	
37710	37710	1	CH	1	1	0	0	0	1	Bb2	1	P1-27-16	
37740	37740	1	CH	1	1	0	0	0	1	Ab2	2	P1-27-45	
37770	37770	1	CH	1	1	0	0	0	1	Bb2	1	P1-27-17	
37800	37800	1	CH	1	1	0	0	0	1	Ab2	2	P1-27-46	
37830	37830	1	CH	1	1	0	0	0	1	Bb2	1	P1-27-19	
37860	37860	1	CH	1	1	0	0	0	1	Ab2	2	P1-27-47	
37890	37890	1	CH	1	1	0	0	0	1	Bb2	1	P1-27-20	
37920	37920	1	CH	1	2	1	0	0	2	Ab2	Ab6	2	3	P1-27-48	P1-27-6	
37950	37950	1	CH	1	1	0	0	0	1	Bb2	1	P1-27-22	
37980	37980	1	CH	1	1	0	0	0	1	Ab2	2	P1-27-49	
38010	38010	1	CH	1	1	0	0	0	1	Bb2	1	P1-27-23	
38040	38040	1	CH	1	1	0	0	0	1	Ab2	2	P1-27-50	
38070	38070	1	CH	1	1	0	0	0	1	Bb2	1	P1-27-25	
38100	38100	1	CH	1	1	0	0	0	1	Ab2	2	P1-27-51	
38130	38130	1	CH	1	1	0	0	0	1	Bb2	1	P1-27-26	
38160	38160	1	CH	1	2	1	0	0	2	Ab2	A6	2	3	P1-27-52	P1-27-7	
38190	38190	1	CH	1	1	0	0	0	1	Bb2	1	P1-27-28	
38220	38220	1	CH	1	1	0	0	0	1	Ab2	2	P1-27-53	
38250	38250	1	CH	1	1	0	0	0	1	Bb2	1	P1-27-29	
38280	38280	1	CH	1	1	0	0	0	1	Ab2	2	P1-27-54	
38310	38310	1	CH	1	1	0	0	0	1	Bb2	1	P1-27-31	
38340	38340	1	CH	1	1	0	0	0	1	Ab2	2	P1-27-55	
38370	38370	1	CH	1	1	0	0	0	1	Bb2	1	P1-27-32	
38400	38400	1	CH	1	2	1	0	0	2	Ab2	Bb6	1	3	P1-27-33	P1-27-8	
38520	38520	1	CH	1	1	0	0	0	1	G2	1	P1-27-34	
38580	38580	1	CH	1	1	0	0	0	1	Ab2	1	P1-27-35	
38640	38640	1	CH	1	1	0	0	0	1	Bb2	1	P1-27-36	
38700	38700	1	CH	1	1	0	0	0	1	Ab2	1	P1-27-37	
38760	38760	1	CH	1	1	0	0	0	1	G2	1	P1-27-38	
38820	38820	1	CH	1	1	0	0	0	1	F2	1	P1-27-39	
38880	38880	1	CH	1	1	0	0	0	1	Eb2	1	P1-28-11	
39000	39000	1	CH	1	2	1	0	0	2	Eb3	G3	1	1	P1-28-12	P1-28-13	
39120	39120	1	CH	1	3	2	0	0	3	Eb3	G3	G4	1	1	3	P1-28-14	P1-28-15	P1-28-3	
39240	39240	1	CH	1	3	2	0	0	3	D3	Eb3	G3	1	1	1	P1-28-16	P1-28-17	P1-28-18	
39360	39360	1	CH	1	3	2	0	0	3	D3	Eb3	G3	1	1	1	P1-28-19	P1-28-20	P1-28-21	
39480	39480	1	CH	1	3	2	0	0	3	C3	Eb3	G3	1	1	1	P1-28-22	P1-28-23	P1-28-24	
39600	39600	1	CH	1	3	2	0	0	3	C3	Eb3	G3	1	1	1	P1-28-25	P1-28-26	P1-28-27	
39720	39720	1	CH	1	4	3	0	0	4	Bb2	Eb3	G3	G4	1	1	1	3	P1-28-28	P1-28-29	P1-28-30	P1-28-6	
39840	39840	1	CH	1	4	3	0	0	4	Bb2	Eb3	G3	Ab4	1	1	1	3	P1-28-31	P1-28-32	P1-28-33	P1-28-7	
39960	39960	1	CH	1	4	3	0	0	4	Ab2	Eb3	G3	Bb4	1	1	1	3	P1-28-34	P1-28-35	P1-28-36	P1-28-8	
40080	40080	1	CH	1	4	3	0	0	4	G2	Eb3	G3	C5	1	1	1	3	P1-28-37	P1-28-38	P1-28-39	P1-28-9	
40200	40200	1	CH	1	4	3	0	0	4	G2	Eb3	G3	D5	1	1	1	3	P1-28-40	P1-28-41	P1-28-42	P1-28-10	
40320	40320	1	CH	1	2	1	0	0	2	Eb5	G2	0	1	P1-29-1	P1-29-10	
40440	40440	1	CH	1	2	1	0	0	2	Eb3	G3	1	1	P1-29-11	P1-29-12	
40560	40560	1	CH	1	3	2	0	0	3	Bb4	Eb3	G3	0	1	1	P1-29-2	P1-29-13	P1-29-14	
40680	40680	1	CH	1	3	2	0	0	3	D3	Eb3	G3	1	1	1	P1-29-15	P1-29-16	P1-29-17	
40800	40800	1	CH	1	3	2	0	0	3	D3	Eb3	G3	1	1	1	P1-29-18	P1-29-19	P1-29-20	
40920	40920	1	CH	1	3	2	0	0	3	C3	Eb3	G3	1	1	1	P1-29-21	P1-29-22	P1-29-23	
41040	41040	1	CH	1	3	2	0	0	3	C3	Eb3	G3	1	1	1	P1-29-24	P1-29-25	P1-29-26	
41160	41160	1	CH	1	4	3	0	0	4	D5	Bb2	Eb3	G3	0	1	1	1	P1-29-5	P1-29-27	P1-29-28	P1-29-29	
41280	41280	1	CH	1	4	3	0	0	4	Eb5	Bb2	Eb3	G3	0	1	1	1	P1-29-6	P1-29-30	P1-29-31	P1-29-32	
41400	41400	1	CH	1	4	3	0	0	4	F5	Ab2	Eb3	G3	0	1	1	1	P1-29-7	P1-29-33	P1-29-34	P1-29-35	
41520	41520	1	CH	1	4	3	0	0	4	G5	G2	Eb3	G3	0	1	1	1	P1-29-8	P1-29-36	P1-29-37	P1-29-38	
41640	41640	1	CH	1	4	3	0	0	4	Ab5	G2	Eb3	G3	0	1	1	1	P1-29-9	P1-29-39	P1-29-40	P1-29-41	
41760	41760	1	CH	1	2	1	0	0	2	Bb5	G2	0	1	P1-30-1	P1-30-10	
41880	41880	1	CH	1	2	1	0	0	2	Eb3	G3	1	1	P1-30-11	P1-30-12	
42000	42000	1	CH	1	3	2	0	0	3	Eb5	Eb3	G3	0	1	1	P1-30-2	P1-30-13	P1-30-14	
42120	42120	1	CH	1	3	2	0	0	3	D3	Eb3	G3	1	1	1	P1-30-15	P1-30-16	P1-30-17	
42240	42240	1	CH	1	3	2	0	0	3	D3	Eb3	G3	1	1	1	P1-30-18	P1-30-19	P1-30-20	
42360	42360	1	CH	1	3	2	0	0	3	C3	Eb3	G3	1	1	1	P1-30-21	P1-30-22	P1-30-23	
42480	42480	1	CH	1	3	2	0	0	3	C3	Eb3	G3	1	1	1	P1-30-24	P1-30-25	P1-30-26	
42600	42600	1	CH	1	4	3	0	0	4	Eb6	Bb2	Eb3	G3	0	1	1	1	P1-30-5	P1-30-27	P1-30-28	P1-30-29	
42720	42720	1	CH	1	4	3	0	0	4	F6	Bb2	Eb3	G3	0	1	1	1	P1-30-6	P1-30-30	P1-30-31	P1-30-32	
42840	42840	1	CH	1	4	3	0	0	4	G6	Ab2	Eb3	G3	0	1	1	1	P1-30-7	P1-30-33	P1-30-34	P1-30-35	
42960	42960	1	CH	1	4	3	0	0	4	Ab6	G2	Eb3	G3	0	1	1	1	P1-30-8	P1-30-36	P1-30-37	P1-30-38	
43080	43080	1	CH	1	4	3	0	0	4	Bb6	G2	Eb3	G3	0	1	1	1	P1-30-9	P1-30-39	P1-30-40	P1-30-41	
43200	43200	1	CH	1	4	3	0	0	4	C7	Ab2	Eb3	F3	0	1	1	1	P1-31-1	P1-31-9	P1-31-10	P1-31-11	
44040	44040	1	CH	1	4	3	0	0	4	F4	A2	Eb3	F3	0	1	1	1	P1-31-4	P1-31-14	P1-31-15	P1-31-16	
44160	44160	1	CH	1	5	4	0	0	5	F4	Bb4	Bb2	D3	F3	0	0	1	1	1	P1-31-5	P1-31-6	P1-31-17	P1-31-18	P1-31-19	
44520	44520	1	CH	1	4	3	0	0	4	F4	Bb4	Bb2	D3	0	0	1	1	P1-31-7	P1-31-8	P1-31-20	P1-31-21	
44640	44640	1	CH	1	4	3	0	0	4	F4	A4	C3	Eb3	0	0	1	1	P1-32-1	P1-32-2	P1-32-9	P1-32-10	
45120	45120	1	CH	1	4	3	0	0	4	F4	Ab4	D3	Cb4	0	0	1	1	P1-32-3	P1-32-4	P1-32-11	P1-32-12	
45600	45600	1	CH	1	3	2	0	0	3	G4	Eb3	Bb3	0	1	1	P1-32-5	P1-32-13	P1-32-14	
45720	45720	1	CH	1	3	2	0	0	3	Eb6	Eb4	G4	0	1	1	P1-32-6	P1-32-15	P1-32-16	
45840	45840	1	CH	1	3	2	0	0	3	D6	F4	Ab4	0	1	1	P1-32-7	P1-32-17	P1-32-18	
45960	45960	1	CH	1	3	2	0	0	3	Db6	G4	Bb4	0	1	1	P1-32-8	P1-32-19	P1-32-20	
46080	46080	1	CH	1	3	2	0	0	3	C6	Ab4	C5	0	1	1	P1-33-1	P1-33-21	P1-33-22	
46140	46140	1	CH	1	1	0	0	0	1	Bb5	0	P1-33-2	
46200	46200	1	CH	1	1	0	0	0	1	Ab5	0	P1-33-3	
46260	46260	1	CH	1	1	0	0	0	1	G5	0	P1-33-4	
46320	46320	1	CH	1	1	0	0	0	1	Gb5	0	P1-33-5	
46380	46380	1	CH	1	1	0	0	0	1	F5	0	P1-33-6	
46440	46440	1	CH	1	1	0	0	0	1	E5	0	P1-33-7	
46500	46500	1	CH	1	1	0	0	0	1	Eb5	0	P1-33-8	
46560	46560	1	CH	1	1	0	0	0	1	D5	0	P1-33-9	
46620	46620	1	CH	1	1	0	0	0	1	Db5	0	P1-33-10	
46680	46680	1	CH	1	1	0	0	0	1	C5	0	P1-33-11	
46740	46740	1	CH	1	1	0	0	0	1	Cb5	0	P1-33-12	
46800	46800	1	CH	1	1	0	0	0	1	Bb4	0	P1-33-13	
46860	46860	1	CH	1	1	0	0	0	1	Ab4	0	P1-33-14	
46920	46920	1	CH	1	4	3	0	0	4	G4	A2	Eb3	F3	0	1	1	1	P1-33-15	P1-33-25	P1-33-26	P1-33-27	
46980	46980	1	CH	1	1	0	0	0	1	F4	0	P1-33-16	
47040	47040	1	CH	1	4	3	0	0	4	D4	Bb4	Bb2	F3	0	0	1	1	P1-33-17	P1-33-18	P1-33-28	P1-33-29	
47400	47400	1	CH	1	4	3	0	0	4	D4	Bb4	Bb2	Ab3	0	0	1	1	P1-33-19	P1-33-20	P1-33-30	P1-33-31	
47520	47520	1	CH	1	4	3	0	0	4	Bb4	G3	Eb3	Eb4	0	1	2	3	P1-34-1	P1-34-21	P1-34-30	P1-34-4	
47760	47760	1	CH	1	3	2	0	0	3	Ab3	Eb4	C5	1	3	3	P1-34-22	P1-34-5	P1-34-6	
47880	47880	1	CH	1	3	2	0	0	3	G3	Eb4	Bb4	1	3	3	P1-34-23	P1-34-7	P1-34-8	
48000	48000	1	CH	1	3	2	0	0	3	F3	Eb4	Ab4	1	3	3	P1-34-24	P1-34-9	P1-34-10	
48120	48120	1	CH	1	3	2	0	0	3	Eb3	Eb4	G4	1	3	3	P1-34-25	P1-34-11	P1-34-12	
48240	48240	1	CH	1	3	2	0	0	3	D3	Eb4	F4	1	3	3	P1-34-26	P1-34-13	P1-34-14	
48360	48360	1	CH	1	3	2	0	0	3	Eb3	Eb4	G4	1	3	3	P1-34-27	P1-34-15	P1-34-16	
48480	48480	1	CH	1	3	2	0	0	3	Ab4	Bb2	F3	0	1	1	P1-34-3	P1-34-28	P1-34-29	
48600	48600	1	CH	1	1	0	0	0	1	C4	3	P1-34-18	
48720	48720	1	CH	1	1	0	0	0	1	Eb4	3	P1-34-19	
48840	48840	1	CH	1	1	0	0	0	1	D4	3	P1-34-20	
48960	48960	1	CH	1	4	3	0	0	4	Eb3	Eb2	Eb4	G4	1	2	3	3	P1-35-20	P1-35-23	P1-35-4	P1-35-5	
49080	49080	1	CH	1	3	2	0	0	3	Eb2	G2	Bb3	2	2	3	P1-35-24	P1-35-25	P1-35-6	
49200	49200	1	CH	1	3	2	0	0	3	Eb2	Ab2	C4	2	2	3	P1-35-26	P1-35-27	P1-35-7	
49320	49320	1	CH	1	3	2	0	0	3	Eb2	G2	Bb3	2	2	3	P1-35-28	P1-35-29	P1-35-8	
49440	49440	1	CH	1	3	2	0	0	3	Eb2	F2	Ab3	2	2	3	P1-35-30	P1-35-31	P1-35-9	
49560	49560	1	CH	1	2	1	0	0	2	Eb2	G3	2	3	P1-35-32	P1-35-10	
49680	49680	1	CH	1	2	1	0	0	2	D2	F3	2	3	P1-35-33	P1-35-11	
49800	49800	1	CH	1	2	1	0	0	2	Eb2	G3	2	3	P1-35-34	P1-35-12	
49920	49920	1	CH	1	4	3	0	0	4	Eb4	Bb1	F2	Ab3	0	2	2	3	P1-35-3	P1-35-35	P1-35-36	P1-35-13	
50040	50040	1	CH	1	2	1	0	0	2	Ab3	C4	3	3	P1-35-14	P1-35-15	
50160	50160	1	CH	1	2	1	0	0	2	Ab3	Eb4	3	3	P1-35-16	P1-35-17	
50280	50280	1	CH	1	2	1	0	0	2	Ab3	D4	3	3	P1-35-18	P1-35-19	
50400	50400	1	CH	1	4	3	0	0	4	G3	Eb2	G2	F4	0	1	1	3	P1-36-1	P1-36-19	P1-36-20	P1-36-16	
50520	50520	1	CH	1	2	1	0	0	2	G3	D4	0	0	P1-36-2	P1-36-3	
50640	50640	1	CH	1	2	1	0	0	2	G3	F4	0	0	P1-36-4	P1-36-5	
50760	50760	1	CH	1	2	1	0	0	2	G3	Eb4	0	0	P1-36-6	P1-36-7	
50880	50880	1	CH	1	5	4	0	0	5	Ab4	Eb2	G2	Bb2	Eb3	0	1	1	1	1	P1-36-8	P1-36-21	P1-36-22	P1-36-23	P1-36-24	
51000	51000	1	CH	1	1	0	0	0	1	F4	0	P1-36-9	
51120	51120	1	CH	1	1	0	0	0	1	Ab4	0	P1-36-10	
51240	51240	1	CH	1	1	0	0	0	1	G4	0	P1-36-11	
51360	51360	1	CH	1	1	0	0	0	1	C5	0	P1-36-12	
51480	51480	1	CH	1	1	0	0	0	1	A4	0	P1-36-13	
51600	51600	1	CH	1	1	0	0	0	1	C5	0	P1-36-14	
51720	51720	1	CH	1	1	0	0	0	1	Bb4	0	P1-36-15	
51840	51840	1	CH	1	1	0	0	0	1	F5	0	P1-37-1	
51960	51960	1	CH	1	1	0	0	0	1	D5	0	P1-37-2	
52080	52080	1	CH	1	1	0	0	0	1	F5	0	P1-37-3	
52200	52200	1	CH	1	1	0	0	0	1	Eb5	0	P1-37-4	
52320	52320	1	CH	1	5	4	0	0	5	Ab5	Eb3	G3	Bb3	Eb4	0	1	1	1	1	P1-37-5	P1-37-17	P1-37-18	P1-37-19	P1-37-20	
52440	52440	1	CH	1	1	0	0	0	1	F5	0	P1-37-6	
52560	52560	1	CH	1	1	0	0	0	1	Ab5	0	P1-37-7	
52680	52680	1	CH	1	1	0	0	0	1	G5	0	P1-37-8	
52800	52800	1	CH	1	5	4	0	0	5	C6	Eb3	G3	Bb3	Eb4	0	1	1	1	1	P1-37-9	P1-37-21	P1-37-22	P1-37-23	P1-37-24	
52920	52920	1	CH	1	1	0	0	0	1	A5	0	P1-37-10	
53040	53040	1	CH	1	1	0	0	0	1	C6	0	P1-37-11	
53160	53160	1	CH	1	1	0	0	0	1	Bb5	0	P1-37-12	
53280	53280	1	CH	1	5	4	0	0	5	Eb6	Eb3	G3	Bb3	Eb4	0	1	1	1	1	P1-38-1	P1-38-5	P1-38-6	P1-38-7	P1-38-8	
53760	53760	1	CH	1	1	0	0	0	1	Eb2	1	P1-38-9	
54240	54240	1	CH	1	2	1	0	0	2	Eb3	Eb5	1	3	P1-38-10	P1-38-4	
54720	54720	1	CH	1	2	1	0	0	2	Db6	Db2	0	1	P1-39-1	P1-39-5	
55200	55200	1	CH	1	1	0	0	0	1	Db3	1	P1-39-6	
55680	55680	1	CH	1	1	0	0	0	1	Db5	3	P1-39-4	
56160	56160	1	CH	1	4	3	0	0	4	C5	C6	C2	C3	0	0	1	1	P1-40-1	P1-40-2	P1-40-6	P1-40-7	
56280	56280	1	CH	1	2	1	0	0	2	F3	Ab3	1	1	P1-40-8	P1-40-9	
56400	56400	1	CH	1	2	1	0	0	2	F3	Ab3	1	1	P1-40-10	P1-40-11	
56520	56520	1	CH	1	2	1	0	0	2	F3	Ab3	1	1	P1-40-12	P1-40-13	
56640	56640	1	CH	1	1	0	0	0	1	C3	1	P1-40-14	
56760	56760	1	CH	1	2	1	0	0	2	F3	Ab3	1	1	P1-40-15	P1-40-16	
56880	56880	1	CH	1	3	2	0	0	3	Ab5	F3	Ab3	0	1	1	P1-40-3	P1-40-17	P1-40-18	
57000	57000	1	CH	1	2	1	0	0	2	F3	Ab3	1	1	P1-40-19	P1-40-20	
57120	57120	1	CH	1	2	1	0	0	2	Ab5	C3	0	1	P1-40-4	P1-40-21	
57240	57240	1	CH	1	2	1	0	0	2	F3	Ab3	1	1	P1-40-22	P1-40-23	
57360	57360	1	CH	1	2	1	0	0	2	F3	Ab3	1	1	P1-40-24	P1-40-25	
57480	57480	1	CH	1	3	2	0	0	3	Ab5	F3	Ab3	0	1	1	P1-40-5	P1-40-26	P1-40-27	
57600	57600	1	CH	1	5	4	0	0	5	E5	G5	Bb5	Db6	C3	0	0	0	0	1	P1-41-1	P1-41-2	P1-41-3	P1-41-4	P1-41-8	
57720	57720	1	CH	1	2	1	0	0	2	G3	Bb3	1	1	P1-41-9	P1-41-10	
57840	57840	1	CH	1	2	1	0	0	2	G3	Bb3	1	1	P1-41-11	P1-41-12	
57960	57960	1	CH	1	2	1	0	0	2	G3	Bb3	1	1	P1-41-13	P1-41-14	
58080	58080	1	CH	1	4	3	0	0	4	E5	G5	Bb5	C3	0	0	0	1	P1-41-5	P1-41-6	P1-41-7	P1-41-15	
58200	58200	1	CH	1	2	1	0	0	2	G3	Bb3	1	1	P1-41-16	P1-41-17	
58320	58320	1	CH	1	2	1	0	0	2	G3	Bb3	1	1	P1-41-18	P1-41-19	
58440	58440	1	CH	1	2	1	0	0	2	G3	Bb3	1	1	P1-41-20	P1-41-21	
58560	58560	1	CH	1	1	0	0	0	1	C3	1	P1-41-22	
58680	58680	1	CH	1	2	1	0	0	2	G3	Bb3	1	1	P1-41-23	P1-41-24	
58800	58800	1	CH	1	2	1	0	0	2	G3	Bb3	1	1	P1-41-25	P1-41-26	
58920	58920	1	CH	1	2	1	0	0	2	G3	Bb3	1	1	P1-41-27	P1-41-28	
59040	59040	1	CH	1	4	3	0	0	4	E5	G5	Bb5	C3	0	0	0	1	P1-42-1	P1-42-2	P1-42-3	P1-42-7	
59160	59160	1	CH	1	2	1	0	0	2	E3	G3	1	1	P1-42-8	P1-42-9	
59280	59280	1	CH	1	2	1	0	0	2	E3	G3	1	1	P1-42-10	P1-42-11	
59400	59400	1	CH	1	2	1	0	0	2	E3	G3	1	1	P1-42-12	P1-42-13	
59520	59520	1	CH	1	1	0	0	0	1	C3	1	P1-42-14	
59640	59640	1	CH	1	2	1	0	0	2	E3	G3	1	1	P1-42-15	P1-42-16	
59760	59760	1	CH	1	3	2	0	0	3	G5	E3	G3	0	1	1	P1-42-4	P1-42-17	P1-42-18	
59880	59880	1	CH	1	2	1	0	0	2	E3	G3	1	1	P1-42-19	P1-42-20	
60000	60000	1	CH	1	2	1	0	0	2	G5	C3	0	1	P1-42-5	P1-42-21	
60120	60120	1	CH	1	2	1	0	0	2	E3	G3	1	1	P1-42-22	P1-42-23	
60240	60240	1	CH	1	2	1	0	0	2	E3	G3	1	1	P1-42-24	P1-42-25	
60360	60360	1	CH	1	3	2	0	0	3	G5	E3	G3	0	1	1	P1-42-6	P1-42-26	P1-42-27	
60480	60480	1	CH	1	5	4	0	0	5	C5	F5	Ab5	C6	C3	0	0	0	0	1	P1-43-1	P1-43-2	P1-43-3	P1-43-4	P1-43-8	
60600	60600	1	CH	1	2	1	0	0	2	F3	Ab3	1	1	P1-43-9	P1-43-10	
60720	60720	1	CH	1	2	1	0	0	2	F3	Ab3	1	1	P1-43-11	P1-43-12	
60840	60840	1	CH	1	2	1	0	0	2	F3	Ab3	1	1	P1-43-13	P1-43-14	
60960	60960	1	CH	1	4	3	0	0	4	C5	F5	Ab5	C3	0	0	0	1	P1-43-5	P1-43-6	P1-43-7	P1-43-15	
61080	61080	1	CH	1	2	1	0	0	2	F3	Ab3	1	1	P1-43-16	P1-43-17	
61200	61200	1	CH	1	2	1	0	0	2	F3	Ab3	1	1	P1-43-18	P1-43-19	
61320	61320	1	CH	1	2	1	0	0	2	F3	Ab3	1	1	P1-43-20	P1-43-21	
61440	61440	1	CH	1	1	0	0	0	1	C3	1	P1-43-22	
61560	61560	1	CH	1	2	1	0	0	2	F3	Ab3	1	1	P1-43-23	P1-43-24	
61680	61680	1	CH	1	2	1	0	0	2	F3	Ab3	1	1	P1-43-25	P1-43-26	
61800	61800	1	CH	1	2	1	0	0	2	F3	Ab3	1	1	P1-43-27	P1-43-28	
61920	61920	1	CH	1	4	3	0	0	4	F5	Ab5	F2	C5	0	0	1	3	P1-44-1	P1-44-2	P1-44-7	P1-44-6	
62040	62040	1	CH	1	1	0	0	0	1	C3	1	P1-44-8	
62160	62160	1	CH	1	1	0	0	0	1	D3	1	P1-44-9	
62280	62280	1	CH	1	1	0	0	0	1	E3	1	P1-44-10	
62400	62400	1	CH	1	1	0	0	0	1	F3	1	P1-44-11	
62520	62520	1	CH	1	1	0	0	0	1	G3	1	P1-44-12	
62640	62640	1	CH	1	2	1	0	0	2	F5	Ab3	0	1	P1-44-3	P1-44-13	
62760	62760	1	CH	1	1	0	0	0	1	Bb3	1	P1-44-14	
62880	62880	1	CH	1	2	1	0	0	2	F5	C4	0	1	P1-44-4	P1-44-15	
63000	63000	1	CH	1	1	0	0	0	1	Ab3	1	P1-44-16	
63120	63120	1	CH	1	1	0	0	0	1	G3	1	P1-44-17	
63240	63240	1	CH	1	2	1	0	0	2	F5	F3	0	1	P1-44-5	P1-44-18	
63360	63360	1	CH	1	5	4	0	0	5	E5	G5	Bb5	Db6	C3	0	0	0	0	1	P1-45-1	P1-45-2	P1-45-3	P1-45-4	P1-45-8	
63480	63480	1	CH	1	1	0	0	0	1	Cb2	1	P1-45-9	
63600	63600	1	CH	1	1	0	0	0	1	C2	1	P1-45-10	
63720	63720	1	CH	1	1	0	0	0	1	Cb2	1	P1-45-11	
63840	63840	1	CH	1	4	3	0	0	4	E5	G5	Bb5	C2	0	0	0	1	P1-45-5	P1-45-6	P1-45-7	P1-45-12	
63960	63960	1	CH	1	1	0	0	0	1	E2	1	P1-45-13	
64080	64080	1	CH	1	1	0	0	0	1	G2	1	P1-45-14	
64200	64200	1	CH	1	1	0	0	0	1	Cb3	1	P1-45-15	
64320	64320	1	CH	1	1	0	0	0	1	C3	1	P1-45-16	
64440	64440	1	CH	1	1	0	0	0	1	Bb2	1	P1-45-17	
64560	64560	1	CH	1	1	0	0	0	1	Ab2	1	P1-45-18	
64680	64680	1	CH	1	1	0	0	0	1	G2	1	P1-45-19	
64800	64800	1	CH	1	4	3	0	0	4	F5	Ab5	F2	C5	0	0	1	3	P1-46-1	P1-46-2	P1-46-7	P1-46-6	
64920	64920	1	CH	1	1	0	0	0	1	C3	1	P1-46-8	
65040	65040	1	CH	1	1	0	0	0	1	D3	1	P1-46-9	
65160	65160	1	CH	1	1	0	0	0	1	E3	1	P1-46-10	
65280	65280	1	CH	1	1	0	0	0	1	F3	1	P1-46-11	
65400	65400	1	CH	1	1	0	0	0	1	G3	1	P1-46-12	
65520	65520	1	CH	1	2	1	0	0	2	F5	Ab3	0	1	P1-46-3	P1-46-13	
65640	65640	1	CH	1	1	0	0	0	1	Bb3	1	P1-46-14	
65760	65760	1	CH	1	2	1	0	0	2	F5	C4	0	1	P1-46-4	P1-46-15	
65880	65880	1	CH	1	1	0	0	0	1	Ab3	1	P1-46-16	
66000	66000	1	CH	1	1	0	0	0	1	G3	1	P1-46-17	
66120	66120	1	CH	1	2	1	0	0	2	F5	F3	0	1	P1-46-5	P1-46-18	
66240	66240	1	CH	1	4	3	0	0	4	Eb3	Gb4	Db5	Gb5	1	3	3	3	P1-47-10	P1-47-4	P1-47-5	P1-47-6	
66360	66360	1	CH	1	1	0	0	0	1	Eb2	1	P1-47-11	
66480	66480	1	CH	1	1	0	0	0	1	F2	1	P1-47-12	
66600	66600	1	CH	1	1	0	0	0	1	Gb2	1	P1-47-13	
66720	66720	1	CH	1	4	3	0	0	4	C5	Eb5	Ab2	Gb4	0	0	1	3	P1-47-2	P1-47-3	P1-47-14	P1-47-7	
66840	66840	1	CH	1	1	0	0	0	1	A2	1	P1-47-15	
66960	66960	1	CH	1	1	0	0	0	1	Bb2	1	P1-47-16	
67080	67080	1	CH	1	1	0	0	0	1	Ab2	1	P1-47-17	
67200	67200	1	CH	1	2	1	0	0	2	Gb2	Ab4	1	3	P1-47-18	P1-47-8	
67320	67320	1	CH	1	1	0	0	0	1	F2	1	P1-47-19	
67440	67440	1	CH	1	2	1	0	0	2	Eb2	Gb4	1	3	P1-47-20	P1-47-9	
67560	67560	1	CH	1	1	0	0	0	1	Ab2	1	P1-47-21	
67680	67680	1	CH	1	4	3	0	0	4	F4	Db2	F5	Ab5	0	1	3	3	P1-48-1	P1-48-10	P1-48-6	P1-48-7	
67800	67800	1	CH	1	1	0	0	0	1	Db3	1	P1-48-11	
67920	67920	1	CH	1	1	0	0	0	1	Eb3	1	P1-48-12	
68040	68040	1	CH	1	1	0	0	0	1	F3	1	P1-48-13	
68160	68160	1	CH	1	1	0	0	0	1	Gb3	1	P1-48-14	
68280	68280	1	CH	1	1	0	0	0	1	Ab3	1	P1-48-15	
68400	68400	1	CH	1	3	2	0	0	3	F4	F5	Bb3	0	0	1	P1-48-2	P1-48-3	P1-48-16	
68520	68520	1	CH	1	1	0	0	0	1	Ab3	1	P1-48-17	
68640	68640	1	CH	1	4	3	0	0	4	F5	Gb3	F4	Ab4	0	1	3	3	P1-48-4	P1-48-18	P1-48-8	P1-48-9	
68760	68760	1	CH	1	1	0	0	0	1	F3	1	P1-48-19	
68880	68880	1	CH	1	1	0	0	0	1	Eb3	1	P1-48-20	
69000	69000	1	CH	1	2	1	0	0	2	F5	Db3	0	1	P1-48-5	P1-48-21	
69120	69120	1	CH	1	5	4	0	0	5	Gb4	C5	Eb5	Gb5	Ab2	0	0	0	0	1	P1-49-1	P1-49-2	P1-49-3	P1-49-4	P1-49-8	
69240	69240	1	CH	1	1	0	0	0	1	G1	1	P1-49-9	
69360	69360	1	CH	1	1	0	0	0	1	Ab1	1	P1-49-10	
69480	69480	1	CH	1	1	0	0	0	1	G1	1	P1-49-11	
69600	69600	1	CH	1	4	3	0	0	4	Gb4	C5	Eb5	Ab1	0	0	0	1	P1-49-5	P1-49-6	P1-49-7	P1-49-12	
69720	69720	1	CH	1	1	0	0	0	1	Bb1	1	P1-49-13	
69840	69840	1	CH	1	1	0	0	0	1	C2	1	P1-49-14	
69960	69960	1	CH	1	1	0	0	0	1	Db2	1	P1-49-15	
70080	70080	1	CH	1	1	0	0	0	1	Eb2	1	P1-49-16	
70200	70200	1	CH	1	1	0	0	0	1	F2	1	P1-49-17	
70320	70320	1	CH	1	1	0	0	0	1	Gb2	1	P1-49-18	
70440	70440	1	CH	1	1	0	0	0	1	Ab2	1	P1-49-19	
70560	70560	1	CH	1	4	3	0	0	4	F5	Db2	F4	C5	0	1	3	3	P1-50-1	P1-50-9	P1-50-5	P1-50-6	
70680	70680	1	CH	1	1	0	0	0	1	A2	1	P1-50-10	
70800	70800	1	CH	1	1	0	0	0	1	Bb2	1	P1-50-11	
70920	70920	1	CH	1	1	0	0	0	1	A2	1	P1-50-12	
71040	71040	1	CH	1	3	2	0	0	3	Bb2	F4	Bb4	1	3	3	P1-50-13	P1-50-7	P1-50-8	
71160	71160	1	CH	1	1	0	0	0	1	C3	1	P1-50-14	
71280	71280	1	CH	1	2	1	0	0	2	Db5	Db3	0	1	P1-50-2	P1-50-15	
71400	71400	1	CH	1	1	0	0	0	1	Eb3	1	P1-50-16	
71520	71520	1	CH	1	2	1	0	0	2	Db5	F3	0	1	P1-50-3	P1-50-17	
71640	71640	1	CH	1	1	0	0	0	1	Db3	1	P1-50-18	
71760	71760	1	CH	1	1	0	0	0	1	C3	1	P1-50-19	
71880	71880	1	CH	1	2	1	0	0	2	Db5	Bb2	0	1	P1-50-4	P1-50-20	
72000	72000	1	CH	1	4	3	0	0	4	C3	Eb5	F4	Bb4	1	3	4	4	P1-51-10	P1-51-3	P1-51-6	P1-51-7	
72120	72120	1	CH	1	1	0	0	0	1	C2	1	P1-51-11	
72240	72240	1	CH	1	1	0	0	0	1	Db2	1	P1-51-12	
72360	72360	1	CH	1	1	0	0	0	1	Eb2	1	P1-51-13	
72480	72480	1	CH	1	2	1	0	0	2	C5	F2	0	1	P1-51-2	P1-51-14	
72600	72600	1	CH	1	1	0	0	0	1	Gb2	1	P1-51-15	
72720	72720	1	CH	1	1	0	0	0	1	F2	1	P1-51-16	
72840	72840	1	CH	1	1	0	0	0	1	E2	1	P1-51-17	
72960	72960	1	CH	1	2	1	0	0	2	F2	A4	1	3	P1-51-18	P1-51-5	
73080	73080	1	CH	1	1	0	0	0	1	F1	1	P1-51-19	
73200	73200	1	CH	1	2	1	0	0	2	G1	F4	1	4	P1-51-20	P1-51-9	
73320	73320	1	CH	1	1	0	0	0	1	A1	1	P1-51-21	
73440	73440	1	CH	1	2	1	0	0	2	Db5	Bb1	0	1	P1-52-1	P1-52-11	
73560	73560	1	CH	1	1	0	0	0	1	F2	1	P1-52-12	
73680	73680	1	CH	1	2	1	0	0	2	G2	F4	1	4	P1-52-13	P1-52-9	
73800	73800	1	CH	1	1	0	0	0	1	A2	1	P1-52-14	
73920	73920	1	CH	1	1	0	0	0	1	Bb2	1	P1-52-15	
74040	74040	1	CH	1	1	0	0	0	1	C3	1	P1-52-16	
74160	74160	1	CH	1	2	1	0	0	2	Db3	Bb4	1	3	P1-52-17	P1-52-5	
74280	74280	1	CH	1	1	0	0	0	1	Eb3	1	P1-52-18	
74400	74400	1	CH	1	2	1	0	0	2	F3	Bb4	1	3	P1-52-19	P1-52-6	
74520	74520	1	CH	1	1	0	0	0	1	Db3	1	P1-52-20	
74640	74640	1	CH	1	1	0	0	0	1	C3	1	P1-52-21	
74760	74760	1	CH	1	2	1	0	0	2	Bb2	Bb4	1	3	P1-52-22	P1-52-7	
74880	74880	1	CH	1	4	3	0	0	4	F2	Eb5	F4	Bb4	1	3	4	4	P1-53-10	P1-53-3	P1-53-7	P1-53-8	
75000	75000	1	CH	1	1	0	0	0	1	F1	1	P1-53-11	
75120	75120	1	CH	1	1	0	0	0	1	G1	1	P1-53-12	
75240	75240	1	CH	1	1	0	0	0	1	A1	1	P1-53-13	
75360	75360	1	CH	1	2	1	0	0	2	C5	Bb1	0	1	P1-53-2	P1-53-14	
75480	75480	1	CH	1	1	0	0	0	1	C2	1	P1-53-15	
75600	75600	1	CH	1	1	0	0	0	1	Db2	1	P1-53-16	
75720	75720	1	CH	1	1	0	0	0	1	Eb2	1	P1-53-17	
75840	75840	1	CH	1	3	2	0	0	3	F2	F4	A4	1	3	3	P1-53-18	P1-53-5	P1-53-6	
75960	75960	1	CH	1	1	0	0	0	1	Eb2	1	P1-53-19	
76080	76080	1	CH	1	1	0	0	0	1	Db2	1	P1-53-20	
76200	76200	1	CH	1	1	0	0	0	1	C2	1	P1-53-21	
76320	76320	1	CH	1	4	3	0	0	4	Bb4	Db5	Bb1	F4	0	0	1	3	P1-54-1	P1-54-2	P1-54-11	P1-54-4	
76440	76440	1	CH	1	1	0	0	0	1	A2	1	P1-54-12	
76560	76560	1	CH	1	1	0	0	0	1	Bb2	1	P1-54-13	
76680	76680	1	CH	1	1	0	0	0	1	C3	1	P1-54-14	
76800	76800	1	CH	1	1	0	0	0	1	Db3	1	P1-54-15	
76920	76920	1	CH	1	1	0	0	0	1	Eb3	1	P1-54-16	
77040	77040	1	CH	1	3	2	0	0	3	F3	F4	Bb4	1	3	3	P1-54-17	P1-54-5	P1-54-6	
77160	77160	1	CH	1	1	0	0	0	1	Eb3	1	P1-54-18	
77280	77280	1	CH	1	3	2	0	0	3	Db3	F4	Bb4	1	3	3	P1-54-19	P1-54-7	P1-54-8	
77400	77400	1	CH	1	1	0	0	0	1	C3	1	P1-54-20	
77520	77520	1	CH	1	1	0	0	0	1	Bb2	1	P1-54-21	
77640	77640	1	CH	1	3	2	0	0	3	Ab2	F4	Bb4	1	3	3	P1-54-22	P1-54-9	P1-54-10	
77758	77758	1	CH	1	4	3	0	0	4	G2	Eb4	Bb4	Db5	1	3	3	3	P1-55-39	P1-55-28	P1-55-29	P1-55-30	
77878	77878	1	CH	1	1	0	0	0	1	D2	1	P1-55-40	
77998	77998	1	CH	1	1	0	0	0	1	Eb2	1	P1-55-41	
78118	78118	1	CH	1	1	0	0	0	1	F2	1	P1-55-42	
78238	78238	1	CH	1	1	0	0	0	1	G2	1	P1-55-43	
78240	78240	1	CH	1	1	0	0	0	1	Bb4	0	P1-55-2	
78274	78274	1	CH	1	2	1	0	0	2	Bb4	C5	0	0	P1-55-3	P1-55-4	
78325	78325	1	CH	1	1	0	0	0	1	Bb4	0	P1-55-5	
78358	78358	1	CH	1	1	0	0	0	1	Ab2	1	P1-55-44	
78359	78359	1	CH	1	2	1	0	0	2	Bb4	C5	0	0	P1-55-6	P1-55-7	
78393	78393	1	CH	1	1	0	0	0	1	Bb4	0	P1-55-8	
78444	78444	1	CH	1	2	1	0	0	2	Bb4	C5	0	0	P1-55-9	P1-55-10	
78478	78478	1	CH	1	2	1	0	0	2	Bb2	Bb4	1	3	P1-55-45	P1-55-32	
78508	78508	1	CH	1	1	0	0	0	1	C5	0	P1-55-12	
78538	78538	1	CH	1	1	0	0	0	1	Bb4	3	P1-55-33	
78598	78598	1	CH	1	2	1	0	0	2	C5	Ab2	0	1	P1-55-13	P1-55-46	
78658	78658	1	CH	1	1	0	0	0	1	Bb4	3	P1-55-34	
78688	78688	1	CH	1	1	0	0	0	1	C5	0	P1-55-14	
78718	78718	1	CH	1	2	1	0	0	2	Bb4	G2	0	1	P1-55-15	P1-55-47	
78766	78766	1	CH	1	1	0	0	0	1	C5	0	P1-55-16	
78790	78790	1	CH	1	1	0	0	0	1	Bb4	0	P1-55-17	
78838	78838	1	CH	1	3	2	0	0	3	Bb4	C5	F2	0	0	1	P1-55-19	P1-55-20	P1-55-48	
78958	78958	1	CH	1	2	1	0	0	2	Cb5	Eb2	0	1	P1-55-23	P1-55-49	
78998	78998	1	CH	1	2	1	0	0	2	Cb5	C5	0	0	P1-55-24	P1-55-25	
79018	79018	1	CH	1	1	0	0	0	1	Db2	1	P1-55-50	
79038	79038	1	CH	1	1	0	0	0	1	Cb5	0	P1-55-26	
79078	79078	1	CH	1	2	1	0	0	2	C2	A4	1	3	P1-55-51	P1-55-37	
79118	79118	1	CH	1	1	0	0	0	1	Cb5	3	P1-55-38	
79138	79138	1	CH	1	1	0	0	0	1	Bb1	1	P1-55-52	
79198	79198	1	CH	1	4	3	0	0	4	C4	Eb4	C5	Ab1	0	0	0	1	P1-56-1	P1-56-2	P1-56-3	P1-56-11	
79258	79258	1	CH	1	1	0	0	0	1	Eb2	1	P1-56-12	
79318	79318	1	CH	1	1	0	0	0	1	C2	1	P1-56-13	
79378	79378	1	CH	1	1	0	0	0	1	Eb2	1	P1-56-14	
79438	79438	1	CH	1	1	0	0	0	1	Ab2	1	P1-56-15	
79498	79498	1	CH	1	1	0	0	0	1	Eb3	1	P1-56-16	
79558	79558	1	CH	1	1	0	0	0	1	C3	1	P1-56-17	
79618	79618	1	CH	1	1	0	0	0	1	Eb3	1	P1-56-18	
79678	79678	1	CH	1	1	0	0	0	1	Ab2	1	P1-56-19	
79738	79738	1	CH	1	1	0	0	0	1	Eb3	1	P1-56-20	
79798	79798	1	CH	1	1	0	0	0	1	C3	1	P1-56-21	
79858	79858	1	CH	1	1	0	0	0	1	Eb3	1	P1-56-22	
79918	79918	1	CH	1	4	3	0	0	4	C4	Eb4	Ab4	Ab3	0	0	0	1	P1-56-4	P1-56-5	P1-56-6	P1-56-23	
79978	79978	1	CH	1	1	0	0	0	1	Eb3	1	P1-56-24	
80038	80038	1	CH	1	1	0	0	0	1	C3	1	P1-56-25	
80098	80098	1	CH	1	1	0	0	0	1	Eb3	1	P1-56-26	
80158	80158	1	CH	1	4	3	0	0	4	C4	Eb4	Ab4	C3	0	0	0	1	P1-56-7	P1-56-8	P1-56-9	P1-56-27	
80218	80218	1	CH	1	1	0	0	0	1	Ab3	1	P1-56-28	
80278	80278	1	CH	1	1	0	0	0	1	Eb3	1	P1-56-29	
80338	80338	1	CH	1	1	0	0	0	1	Ab3	1	P1-56-30	
80398	80398	1	CH	1	1	0	0	0	1	C4	1	P1-56-31	
80458	80458	1	CH	1	1	0	0	0	1	Ab3	1	P1-56-32	
80518	80518	1	CH	1	2	1	0	0	2	Ab4	Eb3	0	1	P1-56-10	P1-56-33	
80578	80578	1	CH	1	1	0	0	0	1	Ab3	1	P1-56-34	
80638	80638	1	CH	1	4	3	0	0	4	Eb4	G4	Db5	Bb2	0	0	0	1	P1-57-1	P1-57-2	P1-57-3	P1-57-7	
80698	80698	1	CH	1	1	0	0	0	1	G3	1	P1-57-8	
80758	80758	1	CH	1	1	0	0	0	1	Eb3	1	P1-57-9	
80818	80818	1	CH	1	1	0	0	0	1	G3	1	P1-57-10	
80878	80878	1	CH	1	1	0	0	0	1	Bb3	1	P1-57-11	
80938	80938	1	CH	1	1	0	0	0	1	G3	1	P1-57-12	
80998	80998	1	CH	1	1	0	0	0	1	Eb3	1	P1-57-13	
81058	81058	1	CH	1	1	0	0	0	1	G3	1	P1-57-14	
81118	81118	1	CH	1	4	3	0	0	4	Eb4	G4	Bb4	Db3	0	0	0	1	P1-57-4	P1-57-5	P1-57-6	P1-57-15	
81178	81178	1	CH	1	1	0	0	0	1	G3	1	P1-57-16	
81238	81238	1	CH	1	1	0	0	0	1	Eb3	1	P1-57-17	
81298	81298	1	CH	1	1	0	0	0	1	G3	1	P1-57-18	
81358	81358	1	CH	1	1	0	0	0	1	Bb3	1	P1-57-19	
81418	81418	1	CH	1	1	0	0	0	1	G3	1	P1-57-20	
81478	81478	1	CH	1	1	0	0	0	1	Eb3	1	P1-57-21	
81538	81538	1	CH	1	1	0	0	0	1	G3	1	P1-57-22	
81598	81598	1	CH	1	1	0	0	0	1	Db3	1	P1-57-23	
81658	81658	1	CH	1	1	0	0	0	1	G3	1	P1-57-24	
81718	81718	1	CH	1	1	0	0	0	1	Eb3	1	P1-57-25	
81778	81778	1	CH	1	1	0	0	0	1	G3	1	P1-57-26	
81838	81838	1	CH	1	1	0	0	0	1	Bb3	1	P1-57-27	
81898	81898	1	CH	1	1	0	0	0	1	G3	1	P1-57-28	
81958	81958	1	CH	1	1	0	0	0	1	Eb3	1	P1-57-29	
82018	82018	1	CH	1	1	0	0	0	1	G3	1	P1-57-30	
82078	82078	1	CH	1	4	3	0	0	4	Eb4	Ab4	Eb5	C3	0	0	0	1	P1-58-1	P1-58-2	P1-58-3	P1-58-13	
82138	82138	1	CH	1	1	0	0	0	1	Ab3	1	P1-58-14	
82198	82198	1	CH	1	1	0	0	0	1	Eb3	1	P1-58-15	
82258	82258	1	CH	1	1	0	0	0	1	Ab3	1	P1-58-16	
82318	82318	1	CH	1	1	0	0	0	1	C4	1	P1-58-17	
82378	82378	1	CH	1	1	0	0	0	1	Ab3	1	P1-58-18	
82438	82438	1	CH	1	1	0	0	0	1	Eb3	1	P1-58-19	
82498	82498	1	CH	1	1	0	0	0	1	Ab3	1	P1-58-20	
82558	82558	1	CH	1	1	0	0	0	1	C3	1	P1-58-21	
82618	82618	1	CH	1	1	0	0	0	1	C4	1	P1-58-22	
82678	82678	1	CH	1	1	0	0	0	1	Ab3	1	P1-58-23	
82738	82738	1	CH	1	1	0	0	0	1	C4	1	P1-58-24	
82798	82798	1	CH	1	4	3	0	0	4	D4	Ab4	D5	Cb3	0	0	0	1	P1-58-4	P1-58-5	P1-58-6	P1-58-25	
82858	82858	1	CH	1	1	0	0	0	1	Cb4	1	P1-58-26	
82918	82918	1	CH	1	1	0	0	0	1	Ab3	1	P1-58-27	
82978	82978	1	CH	1	1	0	0	0	1	Cb4	1	P1-58-28	
83038	83038	1	CH	1	4	3	0	0	4	Eb4	Ab4	Eb5	C3	0	0	0	1	P1-58-7	P1-58-8	P1-58-9	P1-58-29	
83098	83098	1	CH	1	1	0	0	0	1	C4	1	P1-58-30	
83158	83158	1	CH	1	1	0	0	0	1	Ab3	1	P1-58-31	
83218	83218	1	CH	1	1	0	0	0	1	C4	1	P1-58-32	
83278	83278	1	CH	1	4	3	0	0	4	F4	Ab4	F5	Db3	0	0	0	1	P1-58-10	P1-58-11	P1-58-12	P1-58-33	
83338	83338	1	CH	1	1	0	0	0	1	Db4	1	P1-58-34	
83398	83398	1	CH	1	1	0	0	0	1	Ab3	1	P1-58-35	
83458	83458	1	CH	1	1	0	0	0	1	Db4	1	P1-58-36	
83518	83518	1	CH	1	2	1	0	0	2	Eb5	Eb3	0	1	P1-59-1	P1-59-37	
83578	83578	1	CH	1	1	0	0	0	1	Eb4	1	P1-59-38	
83638	83638	1	CH	1	1	0	0	0	1	G3	1	P1-59-39	
83698	83698	1	CH	1	1	0	0	0	1	Eb4	1	P1-59-40	
83758	83758	1	CH	1	2	1	0	0	2	D5	F3	0	1	P1-59-2	P1-59-41	
83818	83818	1	CH	1	1	0	0	0	1	F4	1	P1-59-42	
83878	83878	1	CH	1	1	0	0	0	1	Ab3	1	P1-59-43	
83938	83938	1	CH	1	1	0	0	0	1	F4	1	P1-59-44	
83998	83998	1	CH	1	2	1	0	0	2	G3	Db5	1	3	P1-59-45	P1-59-24	
84028	84028	1	CH	1	1	0	0	0	1	Eb5	0	P1-59-4	
84058	84058	1	CH	1	2	1	0	0	2	G4	Db5	1	3	P1-59-46	P1-59-25	
84088	84088	1	CH	1	1	0	0	0	1	Eb5	0	P1-59-5	
84118	84118	1	CH	1	2	1	0	0	2	Bb3	Db5	1	3	P1-59-47	P1-59-26	
84148	84148	1	CH	1	1	0	0	0	1	Eb5	0	P1-59-7	
84178	84178	1	CH	1	2	1	0	0	2	G4	Db5	1	3	P1-59-48	P1-59-27	
84208	84208	1	CH	1	1	0	0	0	1	Eb5	0	P1-59-8	
84238	84238	1	CH	1	2	1	0	0	2	Eb3	Db5	1	3	P1-59-49	P1-59-28	
84268	84268	1	CH	1	1	0	0	0	1	Eb5	0	P1-59-10	
84298	84298	1	CH	1	2	1	0	0	2	Eb4	Db5	1	3	P1-59-50	P1-59-29	
84328	84328	1	CH	1	1	0	0	0	1	Eb5	0	P1-59-11	
84358	84358	1	CH	1	2	1	0	0	2	G3	Db5	1	3	P1-59-51	P1-59-30	
84388	84388	1	CH	1	1	0	0	0	1	Eb5	0	P1-59-13	
84418	84418	1	CH	1	2	1	0	0	2	Eb4	Db5	1	3	P1-59-52	P1-59-31	
84448	84448	1	CH	1	1	0	0	0	1	Eb5	0	P1-59-14	
84478	84478	1	CH	1	2	1	0	0	2	F3	Db5	1	3	P1-59-53	P1-59-32	
84508	84508	1	CH	1	1	0	0	0	1	Eb5	0	P1-59-16	
84538	84538	1	CH	1	2	1	0	0	2	F4	Db5	1	3	P1-59-54	P1-59-33	
84568	84568	1	CH	1	1	0	0	0	1	Eb5	0	P1-59-17	
84598	84598	1	CH	1	2	1	0	0	2	Ab3	Db5	1	3	P1-59-55	P1-59-34	
84628	84628	1	CH	1	1	0	0	0	1	Eb5	0	P1-59-19	
84658	84658	1	CH	1	2	1	0	0	2	F4	Db5	1	3	P1-59-56	P1-59-35	
84688	84688	1	CH	1	1	0	0	0	1	Eb5	0	P1-59-20	
84718	84718	1	CH	1	2	1	0	0	2	C5	G3	0	1	P1-59-21	P1-59-57	
84778	84778	1	CH	1	1	0	0	0	1	G4	1	P1-59-58	
84838	84838	1	CH	1	2	1	0	0	2	Bb4	Bb3	0	1	P1-59-22	P1-59-59	
84898	84898	1	CH	1	1	0	0	0	1	G4	1	P1-59-60	
84958	84958	1	CH	1	3	2	0	0	3	Ab4	C4	Eb4	0	1	1	P1-60-1	P1-60-25	P1-60-26	
85018	85018	1	CH	1	1	0	0	0	1	Eb5	0	P1-60-2	
85078	85078	1	CH	1	1	0	0	0	1	C5	0	P1-60-3	
85138	85138	1	CH	1	1	0	0	0	1	Eb5	0	P1-60-4	
85198	85198	1	CH	1	1	0	0	0	1	Ab5	0	P1-60-5	
85258	85258	1	CH	1	1	0	0	0	1	Eb6	0	P1-60-6	
85318	85318	1	CH	1	1	0	0	0	1	C6	0	P1-60-7	
85378	85378	1	CH	1	1	0	0	0	1	Eb6	0	P1-60-8	
85438	85438	1	CH	1	1	0	0	0	1	Ab6	0	P1-60-9	
85498	85498	1	CH	1	1	0	0	0	1	Ab5	0	P1-60-10	
85558	85558	1	CH	1	1	0	0	0	1	Ab6	0	P1-60-11	
85618	85618	1	CH	1	1	0	0	0	1	Ab5	0	P1-60-12	
85678	85678	1	CH	1	3	2	0	0	3	Ab6	Ab3	C4	0	1	1	P1-60-13	P1-60-27	P1-60-28	
85738	85738	1	CH	1	1	0	0	0	1	Ab5	0	P1-60-14	
85798	85798	1	CH	1	1	0	0	0	1	Ab6	0	P1-60-15	
85858	85858	1	CH	1	1	0	0	0	1	Ab5	0	P1-60-16	
85918	85918	1	CH	1	3	2	0	0	3	Ab6	Ab3	C4	0	1	1	P1-60-17	P1-60-29	P1-60-30	
85978	85978	1	CH	1	1	0	0	0	1	Ab5	0	P1-60-18	
86038	86038	1	CH	1	1	0	0	0	1	Ab6	0	P1-60-19	
86098	86098	1	CH	1	1	0	0	0	1	Ab5	0	P1-60-20	
86158	86158	1	CH	1	1	0	0	0	1	Ab6	0	P1-60-21	
86218	86218	1	CH	1	1	0	0	0	1	Ab5	0	P1-60-22	
86278	86278	1	CH	1	3	2	0	0	3	Ab6	Ab3	C4	0	1	1	P1-60-23	P1-60-31	P1-60-32	
86338	86338	1	CH	1	1	0	0	0	1	Ab5	0	P1-60-24	
86398	86398	1	CH	1	3	2	0	0	3	Ab6	Db4	F4	0	1	1	P1-61-1	P1-61-25	P1-61-26	
86458	86458	1	CH	1	1	0	0	0	1	Ab5	0	P1-61-2	
86518	86518	1	CH	1	1	0	0	0	1	Ab6	0	P1-61-3	
86578	86578	1	CH	1	1	0	0	0	1	Ab5	0	P1-61-4	
86638	86638	1	CH	1	1	0	0	0	1	Ab6	0	P1-61-5	
86698	86698	1	CH	1	1	0	0	0	1	Ab5	0	P1-61-6	
86758	86758	1	CH	1	1	0	0	0	1	Ab6	0	P1-61-7	
86818	86818	1	CH	1	1	0	0	0	1	Ab5	0	P1-61-8	
86878	86878	1	CH	1	3	2	0	0	3	Ab6	Bb3	Db4	0	1	1	P1-61-9	P1-61-27	P1-61-28	
86938	86938	1	CH	1	1	0	0	0	1	Ab5	0	P1-61-10	
86998	86998	1	CH	1	1	0	0	0	1	Ab6	0	P1-61-11	
87058	87058	1	CH	1	1	0	0	0	1	Ab5	0	P1-61-12	
87118	87118	1	CH	1	1	0	0	0	1	Ab6	0	P1-61-13	
87178	87178	1	CH	1	1	0	0	0	1	Ab5	0	P1-61-14	
87238	87238	1	CH	1	1	0	0	0	1	Ab6	0	P1-61-15	
87298	87298	1	CH	1	1	0	0	0	1	Ab5	0	P1-61-16	
87358	87358	1	CH	1	1	0	0	0	1	Ab6	0	P1-61-17	
87418	87418	1	CH	1	1	0	0	0	1	Ab5	0	P1-61-18	
87478	87478	1	CH	1	1	0	0	0	1	Ab6	0	P1-61-19	
87538	87538	1	CH	1	1	0	0	0	1	Ab5	0	P1-61-20	
87598	87598	1	CH	1	1	0	0	0	1	Ab6	0	P1-61-21	
87658	87658	1	CH	1	1	0	0	0	1	Ab5	0	P1-61-22	
87718	87718	1	CH	1	1	0	0	0	1	Ab6	0	P1-61-23	
87778	87778	1	CH	1	1	0	0	0	1	Ab5	0	P1-61-24	
87838	87838	1	CH	1	3	2	0	0	3	Ab6	Eb4	Gb4	0	1	1	P1-62-1	P1-62-19	P1-62-20	
88078	88078	1	CH	1	1	0	0	0	1	Gb6	0	P1-62-2	
88198	88198	1	CH	1	1	0	0	0	1	F6	0	P1-62-3	
88318	88318	1	CH	1	2	1	0	0	2	C4	Eb4	2	2	P1-62-24	P1-62-25	
88438	88438	1	CH	1	1	0	0	0	1	Eb6	0	P1-62-5	
88498	88498	1	CH	1	1	0	0	0	1	D6	0	P1-62-6	
88558	88558	1	CH	1	1	0	0	0	1	Eb6	0	P1-62-7	
88618	88618	1	CH	1	1	0	0	0	1	F6	0	P1-62-8	
88678	88678	1	CH	1	1	0	0	0	1	Gb6	0	P1-62-9	
88738	88738	1	CH	1	1	0	0	0	1	F6	0	P1-62-10	
88798	88798	1	CH	1	2	1	0	0	2	Eb6	Ab4	0	1	P1-62-11	P1-62-22	
88858	88858	1	CH	1	1	0	0	0	1	F6	0	P1-62-12	
88918	88918	1	CH	1	1	0	0	0	1	Eb6	0	P1-62-13	
88978	88978	1	CH	1	1	0	0	0	1	Db6	0	P1-62-14	
89038	89038	1	CH	1	1	0	0	0	1	C6	0	P1-62-15	
89098	89098	1	CH	1	1	0	0	0	1	Bb5	0	P1-62-16	
89158	89158	1	CH	1	1	0	0	0	1	Ab5	0	P1-62-17	
89218	89218	1	CH	1	1	0	0	0	1	Gb5	0	P1-62-18	
89278	89278	1	CH	1	2	1	0	0	2	F5	Db4	0	1	P1-63-1	P1-63-4	
89398	89398	1	CH	1	2	1	0	0	2	F4	Ab4	1	1	P1-63-5	P1-63-6	
89518	89518	1	CH	1	2	1	0	0	2	F4	Ab4	1	1	P1-63-7	P1-63-8	
89638	89638	1	CH	1	2	1	0	0	2	F4	Ab4	1	1	P1-63-9	P1-63-10	
89758	89758	1	CH	1	1	0	0	0	1	Db4	1	P1-63-11	
89878	89878	1	CH	1	2	1	0	0	2	F4	Ab4	1	1	P1-63-12	P1-63-13	
89998	89998	1	CH	1	3	2	0	0	3	Ab5	F4	Ab4	0	1	1	P1-63-2	P1-63-14	P1-63-15	
90118	90118	1	CH	1	2	1	0	0	2	F4	Ab4	1	1	P1-63-16	P1-63-17	
90238	90238	1	CH	1	1	0	0	0	1	Db4	1	P1-63-18	
90358	90358	1	CH	1	2	1	0	0	2	F4	Ab4	1	1	P1-63-19	P1-63-20	
90478	90478	1	CH	1	3	2	0	0	3	Db6	F4	Ab4	0	1	1	P1-63-3	P1-63-21	P1-63-22	
90598	90598	1	CH	1	2	1	0	0	2	F4	Ab4	1	1	P1-63-23	P1-63-24	
90718	90718	1	CH	1	2	1	0	0	2	Db6	Eb4	0	1	P1-64-1	P1-64-3	
90838	90838	1	CH	1	2	1	0	0	2	Gb4	Ab4	1	1	P1-64-4	P1-64-5	
90958	90958	1	CH	1	2	1	0	0	2	Gb4	Ab4	1	1	P1-64-6	P1-64-7	
91078	91078	1	CH	1	2	1	0	0	2	Gb4	Ab4	1	1	P1-64-8	P1-64-9	
91198	91198	1	CH	1	2	1	0	0	2	C6	Eb4	0	1	P1-64-2	P1-64-10	
91318	91318	1	CH	1	2	1	0	0	2	Gb4	Ab4	1	1	P1-64-11	P1-64-12	
91438	91438	1	CH	1	2	1	0	0	2	Gb4	Ab4	1	1	P1-64-13	P1-64-14	
91558	91558	1	CH	1	2	1	0	0	2	Gb4	Ab4	1	1	P1-64-15	P1-64-16	
91678	91678	1	CH	1	1	0	0	0	1	Eb4	1	P1-64-17	
91798	91798	1	CH	1	2	1	0	0	2	Gb4	Ab4	1	1	P1-64-18	P1-64-19	
91918	91918	1	CH	1	2	1	0	0	2	Gb4	Ab4	1	1	P1-64-20	P1-64-21	
92038	92038	1	CH	1	2	1	0	0	2	Gb4	Ab4	1	1	P1-64-22	P1-64-23	
92158	92158	1	CH	1	2	1	0	0	2	Eb6	Gb4	0	1	P1-65-1	P1-65-4	
92278	92278	1	CH	1	3	2	0	0	3	Ab4	C5	Eb5	1	1	1	P1-65-5	P1-65-6	P1-65-7	
92398	92398	1	CH	1	3	2	0	0	3	Ab4	C5	Eb5	1	1	1	P1-65-8	P1-65-9	P1-65-10	
92518	92518	1	CH	1	3	2	0	0	3	Ab4	C5	Eb5	1	1	1	P1-65-11	P1-65-12	P1-65-13	
92638	92638	1	CH	1	1	0	0	0	1	Gb4	1	P1-65-14	
92758	92758	1	CH	1	3	2	0	0	3	Ab4	C5	Eb5	1	1	1	P1-65-15	P1-65-16	P1-65-17	
92878	92878	1	CH	1	4	3	0	0	4	C6	Ab4	C5	Eb5	0	1	1	1	P1-65-2	P1-65-18	P1-65-19	P1-65-20	
92998	92998	1	CH	1	3	2	0	0	3	Ab4	C5	Eb5	1	1	1	P1-65-21	P1-65-22	P1-65-23	
93118	93118	1	CH	1	1	0	0	0	1	Gb4	1	P1-65-24	
93238	93238	1	CH	1	3	2	0	0	3	Ab4	C5	Eb5	1	1	1	P1-65-25	P1-65-26	P1-65-27	
93358	93358	1	CH	1	4	3	0	0	4	Ab5	Ab4	C5	Eb5	0	1	1	1	P1-65-3	P1-65-28	P1-65-29	P1-65-30	
93478	93478	1	CH	1	3	2	0	0	3	Ab4	C5	Eb5	1	1	1	P1-65-31	P1-65-32	P1-65-33	
93598	93598	1	CH	1	2	1	0	0	2	Ab5	F4	0	1	P1-66-1	P1-66-4	
93718	93718	1	CH	1	2	1	0	0	2	Ab4	Db5	1	1	P1-66-5	P1-66-6	
93838	93838	1	CH	1	2	1	0	0	2	Ab4	Db5	1	1	P1-66-7	P1-66-8	
93958	93958	1	CH	1	2	1	0	0	2	Ab4	Db5	1	1	P1-66-9	P1-66-10	
94078	94078	1	CH	1	2	1	0	0	2	Db6	F4	0	1	P1-66-2	P1-66-11	
94198	94198	1	CH	1	2	1	0	0	2	Ab4	Db5	1	1	P1-66-12	P1-66-13	
94318	94318	1	CH	1	2	1	0	0	2	Ab4	Db5	1	1	P1-66-14	P1-66-15	
94438	94438	1	CH	1	2	1	0	0	2	Ab4	Db5	1	1	P1-66-16	P1-66-17	
94558	94558	1	CH	1	1	0	0	0	1	F4	1	P1-66-18	
94678	94678	1	CH	1	2	1	0	0	2	Ab4	Db5	1	1	P1-66-19	P1-66-20	
94798	94798	1	CH	1	3	2	0	0	3	Db6	Ab4	Db5	0	1	1	P1-66-3	P1-66-21	P1-66-22	
94918	94918	1	CH	1	2	1	0	0	2	Ab4	Db5	1	1	P1-66-23	P1-66-24	
95038	95038	1	CH	1	2	1	0	0	2	Db6	E4	0	1	P1-67-1	P1-67-4	
95158	95158	1	CH	1	2	1	0	0	2	Ab4	Db5	1	1	P1-67-5	P1-67-6	
95278	95278	1	CH	1	2	1	0	0	2	Ab4	Db5	1	1	P1-67-7	P1-67-8	
95398	95398	1	CH	1	2	1	0	0	2	Ab4	Db5	1	1	P1-67-9	P1-67-10	
95518	95518	1	CH	1	2	1	0	0	2	Db6	E4	0	1	P1-67-2	P1-67-11	
95638	95638	1	CH	1	2	1	0	0	2	Ab4	Db5	1	1	P1-67-12	P1-67-13	
95758	95758	1	CH	1	2	1	0	0	2	Ab4	Db5	1	1	P1-67-14	P1-67-15	
95878	95878	1	CH	1	2	1	0	0	2	Ab4	Db5	1	1	P1-67-16	P1-67-17	
95998	95998	1	CH	1	1	0	0	0	1	E4	1	P1-67-18	
96118	96118	1	CH	1	2	1	0	0	2	Ab4	Db5	1	1	P1-67-19	P1-67-20	
96238	96238	1	CH	1	3	2	0	0	3	Db6	Ab4	Db5	0	1	1	P1-67-3	P1-67-21	P1-67-22	
96358	96358	1	CH	1	2	1	0	0	2	Ab4	Db5	1	1	P1-67-23	P1-67-24	
96478	96478	1	CH	1	2	1	0	0	2	Db6	Eb4	0	1	P1-68-1	P1-68-4	
96598	96598	1	CH	1	2	1	0	0	2	Gb4	Cb5	1	1	P1-68-5	P1-68-6	
96718	96718	1	CH	1	2	1	0	0	2	Gb4	Cb5	1	1	P1-68-7	P1-68-8	
96838	96838	1	CH	1	2	1	0	0	2	Gb4	Cb5	1	1	P1-68-9	P1-68-10	
96958	96958	1	CH	1	2	1	0	0	2	Cb6	Eb4	0	1	P1-68-2	P1-68-11	
97078	97078	1	CH	1	2	1	0	0	2	Gb4	Cb5	1	1	P1-68-12	P1-68-13	
97198	97198	1	CH	1	2	1	0	0	2	Gb4	Cb5	1	1	P1-68-14	P1-68-15	
97318	97318	1	CH	1	2	1	0	0	2	Gb4	Cb5	1	1	P1-68-16	P1-68-17	
97438	97438	1	CH	1	1	0	0	0	1	Eb4	1	P1-68-18	
97558	97558	1	CH	1	2	1	0	0	2	Gb4	Cb5	1	1	P1-68-19	P1-68-20	
97678	97678	1	CH	1	3	2	0	0	3	Cb6	Gb4	Cb5	0	1	1	P1-68-3	P1-68-21	P1-68-22	
97798	97798	1	CH	1	2	1	0	0	2	Gb4	Cb5	1	1	P1-68-23	P1-68-24	
97918	97918	1	CH	1	2	1	0	0	2	B5	D#4	0	1	P1-69-1	P1-69-14	
98038	98038	1	CH	1	2	1	0	0	2	F#4	B4	1	1	P1-69-15	P1-69-16	
98158	98158	1	CH	1	3	2	0	0	3	A5	F#4	B4	0	1	1	P1-69-2	P1-69-17	P1-69-18	
98278	98278	1	CH	1	2	1	0	0	2	F#4	B4	1	1	P1-69-19	P1-69-20	
98398	98398	1	CH	1	1	0	0	0	1	D#4	1	P1-69-21	
98458	98458	1	CH	1	1	0	0	0	1	B5	0	P1-69-4	
98518	98518	1	CH	1	3	2	0	0	3	A5	F#4	B4	0	1	1	P1-69-5	P1-69-22	P1-69-23	
98578	98578	1	CH	1	1	0	0	0	1	G#5	0	P1-69-6	
98638	98638	1	CH	1	3	2	0	0	3	A5	F#4	B4	0	1	1	P1-69-7	P1-69-24	P1-69-25	
98758	98758	1	CH	1	3	2	0	0	3	B5	F#4	B4	0	1	1	P1-69-8	P1-69-26	P1-69-27	
98878	98878	1	CH	1	2	1	0	0	2	A5	D#4	0	1	P1-69-9	P1-69-28	
98938	98938	1	CH	1	1	0	0	0	1	B5	0	P1-69-10	
98998	98998	1	CH	1	3	2	0	0	3	C#6	F#4	B4	0	1	1	P1-69-11	P1-69-29	P1-69-30	
99118	99118	1	CH	1	3	2	0	0	3	B5	F#4	B4	0	1	1	P1-69-12	P1-69-31	P1-69-32	
99238	99238	1	CH	1	3	2	0	0	3	A5	F#4	B4	0	1	1	P1-69-13	P1-69-33	P1-69-34	
99358	99358	1	CH	1	4	3	0	0	4	G#5	E4	G#4	B4	0	1	1	1	P1-70-1	P1-70-19	P1-70-20	P1-70-21	
99418	99418	1	CH	1	1	0	0	0	1	E6	0	P1-70-2	
99478	99478	1	CH	1	1	0	0	0	1	B5	0	P1-70-3	
99538	99538	1	CH	1	1	0	0	0	1	E6	0	P1-70-4	
99598	99598	1	CH	1	1	0	0	0	1	G#6	0	P1-70-5	
99658	99658	1	CH	1	1	0	0	0	1	E6	0	P1-70-6	
99718	99718	1	CH	1	1	0	0	0	1	B5	0	P1-70-7	
99778	99778	1	CH	1	1	0	0	0	1	E6	0	P1-70-8	
99838	99838	1	CH	1	1	0	0	0	1	G#5	1	P1-70-22	
99898	99898	1	CH	1	1	0	0	0	1	E5	1	P1-70-23	
99958	99958	1	CH	1	1	0	0	0	1	B4	1	P1-70-24	
100018	100018	1	CH	1	1	0	0	0	1	E5	1	P1-70-25	
100078	100078	1	CH	1	1	0	0	0	1	G#4	0	P1-70-10	
100138	100138	1	CH	1	1	0	0	0	1	E4	0	P1-70-11	
100198	100198	1	CH	1	1	0	0	0	1	B3	0	P1-70-12	
100258	100258	1	CH	1	1	0	0	0	1	E4	0	P1-70-13	
100318	100318	1	CH	1	1	0	0	0	1	G#3	1	P1-70-27	
100378	100378	1	CH	1	1	0	0	0	1	E3	1	P1-70-28	
100438	100438	1	CH	1	1	0	0	0	1	B2	1	P1-70-29	
100498	100498	1	CH	1	1	0	0	0	1	E3	1	P1-70-30	
100558	100558	1	CH	1	2	1	0	0	2	G#2	E2	0	1	P1-70-15	P1-70-31	
100618	100618	1	CH	1	1	0	0	0	1	E3	0	P1-70-16	
100678	100678	1	CH	1	1	0	0	0	1	B2	0	P1-70-17	
100738	100738	1	CH	1	1	0	0	0	1	E3	0	P1-70-18	
100798	100798	1	CH	1	4	3	0	0	4	D#2	F#1	B1	F#2	0	1	1	1	P1-71-1	P1-71-25	P1-71-26	P1-71-27	
100858	100858	1	CH	1	1	0	0	0	1	B2	0	P1-71-2	
100918	100918	1	CH	1	1	0	0	0	1	A2	0	P1-71-3	
100978	100978	1	CH	1	1	0	0	0	1	B2	0	P1-71-4	
101038	101038	1	CH	1	1	0	0	0	1	D#3	0	P1-71-5	
101098	101098	1	CH	1	1	0	0	0	1	B2	0	P1-71-6	
101158	101158	1	CH	1	1	0	0	0	1	A2	0	P1-71-7	
101218	101218	1	CH	1	1	0	0	0	1	B2	0	P1-71-8	
101278	101278	1	CH	1	4	3	0	0	4	D#3	F#1	B1	F#2	0	1	1	1	P1-71-9	P1-71-28	P1-71-29	P1-71-30	
101338	101338	1	CH	1	1	0	0	0	1	B3	0	P1-71-10	
101398	101398	1	CH	1	1	0	0	0	1	A3	0	P1-71-11	
101458	101458	1	CH	1	1	0	0	0	1	B3	0	P1-71-12	
101518	101518	1	CH	1	1	0	0	0	1	D#4	0	P1-71-13	
101578	101578	1	CH	1	1	0	0	0	1	B3	0	P1-71-14	
101638	101638	1	CH	1	1	0	0	0	1	A3	0	P1-71-15	
101698	101698	1	CH	1	1	0	0	0	1	B3	0	P1-71-16	
101758	101758	1	CH	1	4	3	0	0	4	D#4	F#1	B1	F#2	0	1	1	1	P1-71-17	P1-71-31	P1-71-32	P1-71-33	
101818	101818	1	CH	1	1	0	0	0	1	B4	0	P1-71-18	
101878	101878	1	CH	1	1	0	0	0	1	A4	0	P1-71-19	
101938	101938	1	CH	1	1	0	0	0	1	B4	0	P1-71-20	
101998	101998	1	CH	1	1	0	0	0	1	D#5	0	P1-71-21	
102058	102058	1	CH	1	1	0	0	0	1	B4	0	P1-71-22	
102118	102118	1	CH	1	1	0	0	0	1	A4	0	P1-71-23	
102178	102178	1	CH	1	1	0	0	0	1	B4	0	P1-71-24	
102238	102238	1	CH	1	4	3	0	0	4	E5	G#1	B1	G#2	0	1	1	1	P1-72-1	P1-72-25	P1-72-26	P1-72-27	
102298	102298	1	CH	1	1	0	0	0	1	B5	0	P1-72-2	
102358	102358	1	CH	1	1	0	0	0	1	G#5	0	P1-72-3	
102418	102418	1	CH	1	1	0	0	0	1	B5	0	P1-72-4	
102478	102478	1	CH	1	1	0	0	0	1	E6	0	P1-72-5	
102538	102538	1	CH	1	1	0	0	0	1	B5	0	P1-72-6	
102598	102598	1	CH	1	1	0	0	0	1	G#5	0	P1-72-7	
102658	102658	1	CH	1	1	0	0	0	1	B5	0	P1-72-8	
102718	102718	1	CH	1	1	0	0	0	1	E5	0	P1-72-9	
102778	102778	1	CH	1	1	0	0	0	1	B4	0	P1-72-10	
102838	102838	1	CH	1	1	0	0	0	1	G#4	0	P1-72-11	
102898	102898	1	CH	1	1	0	0	0	1	B4	0	P1-72-12	
102958	102958	1	CH	1	1	0	0	0	1	E4	0	P1-72-13	
103018	103018	1	CH	1	1	0	0	0	1	B3	0	P1-72-14	
103078	103078	1	CH	1	1	0	0	0	1	G#3	0	P1-72-15	
103138	103138	1	CH	1	1	0	0	0	1	B3	0	P1-72-16	
103198	103198	1	CH	1	1	0	0	0	1	E3	0	P1-72-17	
103258	103258	1	CH	1	1	0	0	0	1	B3	0	P1-72-18	
103318	103318	1	CH	1	1	0	0	0	1	G#3	0	P1-72-19	
103378	103378	1	CH	1	1	0	0	0	1	B3	0	P1-72-20	
103438	103438	1	CH	1	1	0	0	0	1	E4	0	P1-72-21	
103498	103498	1	CH	1	1	0	0	0	1	B3	0	P1-72-22	
103558	103558	1	CH	1	1	0	0	0	1	G#3	0	P1-72-23	
103618	103618	1	CH	1	1	0	0	0	1	B3	0	P1-72-24	
103678	103678	1	CH	1	4	3	0	0	4	F#3	D#2	B2	D#3	0	1	1	1	P1-73-1	P1-73-25	P1-73-26	P1-73-27	
103738	103738	1	CH	1	1	0	0	0	1	B3	0	P1-73-2	
103798	103798	1	CH	1	1	0	0	0	1	A3	0	P1-73-3	
103858	103858	1	CH	1	1	0	0	0	1	B3	0	P1-73-4	
103918	103918	1	CH	1	1	0	0	0	1	F#4	0	P1-73-5	
103978	103978	1	CH	1	1	0	0	0	1	B3	0	P1-73-6	
104038	104038	1	CH	1	1	0	0	0	1	A3	0	P1-73-7	
104098	104098	1	CH	1	1	0	0	0	1	B3	0	P1-73-8	
104158	104158	1	CH	1	4	3	0	0	4	F#4	D#2	B2	D#3	0	1	1	1	P1-73-9	P1-73-28	P1-73-29	P1-73-30	
104218	104218	1	CH	1	1	0	0	0	1	B4	0	P1-73-10	
104278	104278	1	CH	1	1	0	0	0	1	A4	0	P1-73-11	
104338	104338	1	CH	1	1	0	0	0	1	B4	0	P1-73-12	
104398	104398	1	CH	1	1	0	0	0	1	F#5	0	P1-73-13	
104458	104458	1	CH	1	1	0	0	0	1	B4	0	P1-73-14	
104518	104518	1	CH	1	1	0	0	0	1	A4	0	P1-73-15	
104578	104578	1	CH	1	1	0	0	0	1	B4	0	P1-73-16	
104638	104638	1	CH	1	4	3	0	0	4	F#5	D#2	B2	D#3	0	1	1	1	P1-73-17	P1-73-31	P1-73-32	P1-73-33	
104698	104698	1	CH	1	1	0	0	0	1	B5	0	P1-73-18	
104758	104758	1	CH	1	1	0	0	0	1	A5	0	P1-73-19	
104818	104818	1	CH	1	1	0	0	0	1	B5	0	P1-73-20	
104878	104878	1	CH	1	1	0	0	0	1	F#6	0	P1-73-21	
104938	104938	1	CH	1	1	0	0	0	1	B5	0	P1-73-22	
104998	104998	1	CH	1	1	0	0	0	1	A5	0	P1-73-23	
105058	105058	1	CH	1	1	0	0	0	1	B5	0	P1-73-24	
105118	105118	1	CH	1	4	3	0	0	4	G#5	E2	B2	E3	0	1	1	1	P1-74-1	P1-74-25	P1-74-26	P1-74-27	
105178	105178	1	CH	1	1	0	0	0	1	G#6	0	P1-74-2	
105238	105238	1	CH	1	1	0	0	0	1	B5	0	P1-74-3	
105298	105298	1	CH	1	1	0	0	0	1	G#6	0	P1-74-4	
105358	105358	1	CH	1	3	2	0	0	3	G#5	E3	E4	0	1	1	P1-74-5	P1-74-28	P1-74-29	
105418	105418	1	CH	1	1	0	0	0	1	G#6	0	P1-74-6	
105478	105478	1	CH	1	1	0	0	0	1	B5	0	P1-74-7	
105538	105538	1	CH	1	1	0	0	0	1	G#6	0	P1-74-8	
105598	105598	1	CH	1	3	2	0	0	3	G#5	E3	E4	0	1	1	P1-74-9	P1-74-30	P1-74-31	
105658	105658	1	CH	1	1	0	0	0	1	G#6	0	P1-74-10	
105718	105718	1	CH	1	1	0	0	0	1	B5	0	P1-74-11	
105778	105778	1	CH	1	1	0	0	0	1	G#6	0	P1-74-12	
105838	105838	1	CH	1	4	3	0	0	4	A5	C#3	E3	C#4	0	1	1	1	P1-74-13	P1-74-32	P1-74-33	P1-74-34	
105898	105898	1	CH	1	1	0	0	0	1	A6	0	P1-74-14	
105958	105958	1	CH	1	1	0	0	0	1	E6	0	P1-74-15	
106018	106018	1	CH	1	1	0	0	0	1	A6	0	P1-74-16	
106078	106078	1	CH	1	4	3	0	0	4	A5	C#3	E3	C#4	0	1	1	1	P1-74-17	P1-74-35	P1-74-36	P1-74-37	
106138	106138	1	CH	1	1	0	0	0	1	A6	0	P1-74-18	
106198	106198	1	CH	1	1	0	0	0	1	E6	0	P1-74-19	
106258	106258	1	CH	1	1	0	0	0	1	A6	0	P1-74-20	
106318	106318	1	CH	1	4	3	0	0	4	A#5	B#2	E3	B#3	0	1	1	1	P1-74-21	P1-74-38	P1-74-39	P1-74-40	
106378	106378	1	CH	1	1	0	0	0	1	A#6	0	P1-74-22	
106438	106438	1	CH	1	1	0	0	0	1	E6	0	P1-74-23	
106498	106498	1	CH	1	1	0	0	0	1	A#6	0	P1-74-24	
106558	106558	1	CH	1	4	3	0	0	4	A#5	B#2	E3	B#3	0	1	1	1	P1-75-1	P1-75-25	P1-75-26	P1-75-27	
106618	106618	1	CH	1	1	0	0	0	1	A#6	0	P1-75-2	
106678	106678	1	CH	1	1	0	0	0	1	E6	0	P1-75-3	
106738	106738	1	CH	1	1	0	0	0	1	A#6	0	P1-75-4	
106798	106798	1	CH	1	4	3	0	0	4	B5	B2	E3	B3	0	1	1	1	P1-75-5	P1-75-28	P1-75-29	P1-75-30	
106858	106858	1	CH	1	1	0	0	0	1	B6	0	P1-75-6	
106918	106918	1	CH	1	1	0	0	0	1	E6	0	P1-75-7	
106978	106978	1	CH	1	1	0	0	0	1	B6	0	P1-75-8	
107038	107038	1	CH	1	4	3	0	0	4	B5	A2	E3	A3	0	1	1	1	P1-75-9	P1-75-31	P1-75-32	P1-75-33	
107098	107098	1	CH	1	1	0	0	0	1	B6	0	P1-75-10	
107158	107158	1	CH	1	1	0	0	0	1	E6	0	P1-75-11	
107218	107218	1	CH	1	1	0	0	0	1	B6	0	P1-75-12	
107278	107278	1	CH	1	4	3	0	0	4	B#5	G#2	E3	G#3	0	1	1	1	P1-75-13	P1-75-34	P1-75-35	P1-75-36	
107338	107338	1	CH	1	1	0	0	0	1	B#6	0	P1-75-14	
107398	107398	1	CH	1	1	0	0	0	1	E6	0	P1-75-15	
107458	107458	1	CH	1	1	0	0	0	1	B#6	0	P1-75-16	
107518	107518	1	CH	1	4	3	0	0	4	B#4	G#3	E4	G#4	0	1	1	1	P1-75-17	P1-75-37	P1-75-38	P1-75-39	
107578	107578	1	CH	1	1	0	0	0	1	B#5	0	P1-75-18	
107638	107638	1	CH	1	1	0	0	0	1	E5	0	P1-75-19	
107698	107698	1	CH	1	1	0	0	0	1	B#5	0	P1-75-20	
107758	107758	1	CH	1	4	3	0	0	4	C#5	A3	E4	A4	0	1	1	1	P1-75-21	P1-75-40	P1-75-41	P1-75-42	
107818	107818	1	CH	1	1	0	0	0	1	C#6	0	P1-75-22	
107878	107878	1	CH	1	1	0	0	0	1	E5	0	P1-75-23	
107938	107938	1	CH	1	1	0	0	0	1	C#6	0	P1-75-24	
107998	107998	1	CH	1	1	0	0	0	1	C#6	0	P1-76-1	
108118	108118	1	CH	1	1	0	0	0	1	A4	1	P1-76-8	
108238	108238	1	CH	1	1	0	0	0	1	A3	1	P1-76-9	
108358	108358	1	CH	1	1	0	0	0	1	C#5	0	P1-76-2	
108478	108478	1	CH	1	1	0	0	0	1	B5	0	P1-76-3	
108598	108598	1	CH	1	1	0	0	0	1	G#4	1	P1-76-11	
108718	108718	1	CH	1	1	0	0	0	1	G#3	1	P1-76-12	
108838	108838	1	CH	1	1	0	0	0	1	B4	0	P1-76-4	
108958	108958	1	CH	1	1	0	0	0	1	A5	0	P1-76-5	
109078	109078	1	CH	1	1	0	0	0	1	F#4	1	P1-76-14	
109198	109198	1	CH	1	1	0	0	0	1	F#3	1	P1-76-15	
109318	109318	1	CH	1	1	0	0	0	1	A#5	0	P1-76-6	
109438	109438	1	CH	1	1	0	0	0	1	B5	0	P1-77-1	
109558	109558	1	CH	1	1	0	0	0	1	G#4	1	P1-77-10	
109678	109678	1	CH	1	1	0	0	0	1	G#3	1	P1-77-11	
109798	109798	1	CH	1	1	0	0	0	1	B4	0	P1-77-2	
109918	109918	1	CH	1	1	0	0	0	1	A5	0	P1-77-3	
110038	110038	1	CH	1	1	0	0	0	1	F#4	1	P1-77-13	
110158	110158	1	CH	1	1	0	0	0	1	F#3	1	P1-77-14	
110278	110278	1	CH	1	1	0	0	0	1	A4	0	P1-77-4	
110398	110398	1	CH	1	4	3	0	0	4	G#4	G#5	E#3	E#4	0	0	1	1	P1-77-5	P1-77-6	P1-77-15	P1-77-16	
110638	110638	1	CH	1	4	3	0	0	4	G4	G5	E3	E4	0	0	1	1	P1-77-7	P1-77-8	P1-77-17	P1-77-18	
110878	110878	1	CH	1	4	3	0	0	4	G4	G5	Eb3	Eb4	0	0	1	1	P1-78-1	P1-78-2	P1-78-13	P1-78-14	
111598	111598	1	CH	1	4	3	0	0	4	Ab4	Ab5	F3	F4	0	0	1	1	P1-78-3	P1-78-4	P1-78-15	P1-78-16	
111838	111838	1	CH	1	4	3	0	0	4	Bb4	Bb5	G3	G4	0	0	1	1	P1-78-5	P1-78-6	P1-78-17	P1-78-18	
111958	111958	1	CH	1	4	3	0	0	4	C5	C6	Ab3	Ab4	0	0	1	1	P1-78-7	P1-78-8	P1-78-19	P1-78-20	
112078	112078	1	CH	1	4	3	0	0	4	Db5	Db6	Bb3	Bb4	0	0	1	1	P1-78-9	P1-78-10	P1-78-21	P1-78-22	
112198	112198	1	CH	1	4	3	0	0	4	Eb5	Eb6	C4	C5	0	0	1	1	P1-78-11	P1-78-12	P1-78-23	P1-78-24	
112318	112318	1	CH	1	1	0	0	0	1	F6	0	P1-79-1	
112438	112438	1	CH	1	1	0	0	0	1	Db5	1	P1-79-8	
112558	112558	1	CH	1	1	0	0	0	1	Db4	1	P1-79-9	
112678	112678	1	CH	1	1	0	0	0	1	F5	0	P1-79-2	
112798	112798	1	CH	1	1	0	0	0	1	Eb6	0	P1-79-3	
112918	112918	1	CH	1	1	0	0	0	1	C5	1	P1-79-11	
113038	113038	1	CH	1	1	0	0	0	1	C4	1	P1-79-12	
113158	113158	1	CH	1	1	0	0	0	1	Eb5	0	P1-79-4	
113278	113278	1	CH	1	1	0	0	0	1	Db6	0	P1-79-5	
113398	113398	1	CH	1	1	0	0	0	1	Bb4	1	P1-79-14	
113518	113518	1	CH	1	1	0	0	0	1	Bb3	1	P1-79-15	
113638	113638	1	CH	1	1	0	0	0	1	D6	0	P1-79-6	
113758	113758	1	CH	1	1	0	0	0	1	Eb6	0	P1-80-1	
113878	113878	1	CH	1	1	0	0	0	1	C5	1	P1-80-10	
113998	113998	1	CH	1	1	0	0	0	1	C4	1	P1-80-11	
114118	114118	1	CH	1	1	0	0	0	1	Eb5	0	P1-80-2	
114238	114238	1	CH	1	1	0	0	0	1	Db6	0	P1-80-3	
114358	114358	1	CH	1	1	0	0	0	1	Bb4	1	P1-80-13	
114478	114478	1	CH	1	1	0	0	0	1	Bb3	1	P1-80-14	
114598	114598	1	CH	1	1	0	0	0	1	Db5	0	P1-80-4	
114718	114718	1	CH	1	2	1	0	0	2	C6	Ab4	0	1	P1-80-5	P1-80-15	
114838	114838	1	CH	1	2	1	0	0	2	C5	Ab3	0	1	P1-80-6	P1-80-16	
114958	114958	1	CH	1	2	1	0	0	2	Db5	Bb3	0	1	P1-80-7	P1-80-17	
115078	115078	1	CH	1	2	1	0	0	2	Eb5	C4	0	1	P1-80-8	P1-80-18	
115198	115198	1	CH	1	2	1	0	0	2	G5	Eb4	0	1	P1-81-1	P1-81-13	
115318	115318	1	CH	1	2	1	0	0	2	E5	C4	0	1	P1-81-2	P1-81-14	
115438	115438	1	CH	1	2	1	0	0	2	F5	Db4	0	1	P1-81-3	P1-81-15	
115558	115558	1	CH	1	2	1	0	0	2	F4	Db3	0	1	P1-81-4	P1-81-16	
115678	115678	1	CH	1	2	1	0	0	2	F5	Db4	0	1	P1-81-5	P1-81-17	
115798	115798	1	CH	1	2	1	0	0	2	D5	Cb4	0	1	P1-81-6	P1-81-18	
115918	115918	1	CH	1	2	1	0	0	2	Eb5	C4	0	1	P1-81-7	P1-81-19	
116038	116038	1	CH	1	2	1	0	0	2	Eb4	C3	0	1	P1-81-8	P1-81-20	
116158	116158	1	CH	1	2	1	0	0	2	Eb5	C4	0	1	P1-81-9	P1-81-21	
116278	116278	1	CH	1	2	1	0	0	2	C5	A3	0	1	P1-81-10	P1-81-22	
116398	116398	1	CH	1	2	1	0	0	2	Db5	Bb3	0	1	P1-81-11	P1-81-23	
116518	116518	1	CH	1	2	1	0	0	2	Db4	Bb2	0	1	P1-81-12	P1-81-24	
116638	116638	1	CH	1	2	1	0	0	2	Db4	F5	1	3	P1-82-19	P1-82-5	
116758	116758	1	CH	1	2	1	0	0	2	Cb4	D5	1	3	P1-82-20	P1-82-6	
116878	116878	1	CH	1	2	1	0	0	2	C4	Eb5	1	3	P1-82-21	P1-82-7	
116998	116998	1	CH	1	2	1	0	0	2	C3	Eb4	1	3	P1-82-22	P1-82-8	
117118	117118	1	CH	1	2	1	0	0	2	C4	Eb5	1	3	P1-82-23	P1-82-9	
117238	117238	1	CH	1	2	1	0	0	2	A3	C5	1	3	P1-82-24	P1-82-10	
117358	117358	1	CH	1	2	1	0	0	2	Bb3	Db5	1	3	P1-82-25	P1-82-11	
117478	117478	1	CH	1	2	1	0	0	2	Bb2	Db4	1	3	P1-82-26	P1-82-12	
117598	117598	1	CH	1	4	3	0	0	4	C5	C3	Ab3	Eb4	0	1	1	3	P1-82-3	P1-82-27	P1-82-28	P1-82-13	
117718	117718	1	CH	1	4	3	0	0	4	Db3	G3	Eb4	Bb4	1	1	3	3	P1-82-29	P1-82-30	P1-82-14	P1-82-15	
117838	117838	1	CH	1	4	3	0	0	4	C5	C3	Ab3	Eb4	0	1	1	3	P1-82-4	P1-82-31	P1-82-32	P1-82-16	
117958	117958	1	CH	1	4	3	0	0	4	Db3	G3	Eb4	Bb4	1	1	3	3	P1-82-33	P1-82-34	P1-82-17	P1-82-18	
118078	118078	1	CH	1	4	3	0	0	4	Eb4	C5	C3	Ab3	0	0	1	1	P1-83-1	P1-83-2	P1-83-13	P1-83-14	
118558	118558	1	CH	1	4	3	0	0	4	Eb4	Bb4	Db3	G3	0	0	1	1	P1-83-3	P1-83-4	P1-83-15	P1-83-16	
119038	119038	1	CH	1	4	3	0	0	4	Eb4	Eb5	C3	Ab3	0	0	1	1	P1-83-5	P1-83-6	P1-83-17	P1-83-18	
119158	119158	1	CH	1	4	3	0	0	4	Ab4	D5	Bb2	F3	0	0	1	1	P1-83-7	P1-83-8	P1-83-19	P1-83-20	
119278	119278	1	CH	1	4	3	0	0	4	Eb4	Eb5	C3	Ab3	0	0	1	1	P1-83-9	P1-83-10	P1-83-21	P1-83-22	
119398	119398	1	CH	1	4	3	0	0	4	Ab4	D5	Bb2	F3	0	0	1	1	P1-83-11	P1-83-12	P1-83-23	P1-83-24	
119518	119518	1	CH	1	6	5	0	0	6	C3	Eb3	Ab3	Eb4	Ab4	Eb5	1	1	1	3	3	3	P1-84-16	P1-84-17	P1-84-18	P1-84-6	P1-84-7	P1-84-8	
119998	119998	1	CH	1	2	1	0	0	2	Bb2	D4	2	3	P1-84-42	P1-84-9	
120028	120028	1	CH	1	1	0	0	0	1	C3	1	P1-84-20	
120058	120058	1	CH	1	2	1	0	0	2	Bb2	Ab4	2	3	P1-84-43	P1-84-10	
120088	120088	1	CH	1	1	0	0	0	1	C3	1	P1-84-21	
120118	120118	1	CH	1	2	1	0	0	2	F5	Bb2	0	2	P1-84-3	P1-84-44	
120148	120148	1	CH	1	1	0	0	0	1	C3	1	P1-84-23	
120178	120178	1	CH	1	1	0	0	0	1	Bb2	2	P1-84-45	
120208	120208	1	CH	1	1	0	0	0	1	C3	1	P1-84-24	
120238	120238	1	CH	1	1	0	0	0	1	Bb2	2	P1-84-46	
120268	120268	1	CH	1	1	0	0	0	1	C3	1	P1-84-26	
120298	120298	1	CH	1	1	0	0	0	1	Bb2	5	P1-84-59	
120318	120318	1	CH	1	1	0	0	0	1	C3	1	P1-84-28	
120358	120358	1	CH	1	1	0	0	0	1	Ab2	2	P1-84-47	
120418	120418	1	CH	1	1	0	0	0	1	Bb2	2	P1-84-48	
120478	120478	1	CH	1	1	0	0	0	1	Ab2	2	P1-84-49	
120508	120508	1	CH	1	1	0	0	0	1	Bb2	1	P1-84-31	
120538	120538	1	CH	1	1	0	0	0	1	Ab2	2	P1-84-50	
120568	120568	1	CH	1	1	0	0	0	1	Bb2	1	P1-84-32	
120598	120598	1	CH	1	1	0	0	0	1	Ab2	2	P1-84-51	
120628	120628	1	CH	1	1	0	0	0	1	Bb2	1	P1-84-34	
120658	120658	1	CH	1	1	0	0	0	1	Ab2	2	P1-84-52	
120688	120688	1	CH	1	1	0	0	0	1	Bb2	1	P1-84-35	
120718	120718	1	CH	1	2	1	0	0	2	Ab2	D4	2	3	P1-84-53	P1-84-13	
120748	120748	1	CH	1	1	0	0	0	1	Bb2	1	P1-84-37	
120778	120778	1	CH	1	2	1	0	0	2	Bb4	Ab2	3	5	P1-84-14	P1-84-62	
120798	120798	1	CH	1	1	0	0	0	1	Bb2	1	P1-84-39	
120838	120838	1	CH	1	2	1	0	0	2	G2	F5	2	3	P1-84-54	P1-84-15	
120898	120898	1	CH	1	1	0	0	0	1	Ab2	2	P1-84-55	
120958	120958	1	CH	1	1	0	0	0	1	G2	2	P1-85-52	
120988	120988	1	CH	1	1	0	0	0	1	Ab2	1	P1-85-20	
121018	121018	1	CH	1	1	0	0	0	1	G2	2	P1-85-53	
121048	121048	1	CH	1	1	0	0	0	1	Ab2	1	P1-85-21	
121078	121078	1	CH	1	1	0	0	0	1	G2	2	P1-85-54	
121108	121108	1	CH	1	1	0	0	0	1	Ab2	1	P1-85-23	
121138	121138	1	CH	1	1	0	0	0	1	G2	2	P1-85-55	
121168	121168	1	CH	1	1	0	0	0	1	Ab2	1	P1-85-24	
121198	121198	1	CH	1	2	1	0	0	2	G2	Eb4	2	3	P1-85-56	P1-85-7	
121228	121228	1	CH	1	1	0	0	0	1	Ab2	1	P1-85-26	
121258	121258	1	CH	1	2	1	0	0	2	Bb4	G2	3	5	P1-85-8	P1-85-75	
121278	121278	1	CH	1	1	0	0	0	1	Ab2	1	P1-85-28	
121318	121318	1	CH	1	2	1	0	0	2	F2	G5	2	3	P1-85-57	P1-85-9	
121378	121378	1	CH	1	1	0	0	0	1	G2	2	P1-85-58	
121438	121438	1	CH	1	1	0	0	0	1	F2	2	P1-85-59	
121468	121468	1	CH	1	1	0	0	0	1	G2	1	P1-85-31	
121498	121498	1	CH	1	1	0	0	0	1	F2	2	P1-85-60	
121528	121528	1	CH	1	1	0	0	0	1	G2	1	P1-85-32	
121558	121558	1	CH	1	1	0	0	0	1	F2	2	P1-85-61	
121588	121588	1	CH	1	1	0	0	0	1	G2	1	P1-85-34	
121618	121618	1	CH	1	1	0	0	0	1	F2	2	P1-85-62	
121648	121648	1	CH	1	1	0	0	0	1	G2	1	P1-85-35	
121678	121678	1	CH	1	2	1	0	0	2	F2	F4	2	3	P1-85-63	P1-85-12	
121708	121708	1	CH	1	1	0	0	0	1	G2	1	P1-85-37	
121738	121738	1	CH	1	2	1	0	0	2	Bb4	F2	3	5	P1-85-13	P1-85-78	
121758	121758	1	CH	1	1	0	0	0	1	G2	1	P1-85-39	
121798	121798	1	CH	1	2	1	0	0	2	Eb2	Ab5	2	3	P1-85-64	P1-85-14	
121858	121858	1	CH	1	1	0	0	0	1	F2	2	P1-85-65	
121918	121918	1	CH	1	1	0	0	0	1	Eb2	2	P1-85-66	
121948	121948	1	CH	1	1	0	0	0	1	F2	1	P1-85-42	
121978	121978	1	CH	1	1	0	0	0	1	Eb2	2	P1-85-67	
122008	122008	1	CH	1	1	0	0	0	1	F2	1	P1-85-43	
122038	122038	1	CH	1	1	0	0	0	1	Eb2	2	P1-85-68	
122068	122068	1	CH	1	1	0	0	0	1	F2	1	P1-85-45	
122098	122098	1	CH	1	1	0	0	0	1	Eb2	2	P1-85-69	
122128	122128	1	CH	1	1	0	0	0	1	F2	1	P1-85-46	
122158	122158	1	CH	1	2	1	0	0	2	Eb2	G4	2	3	P1-85-70	P1-85-17	
122188	122188	1	CH	1	1	0	0	0	1	F2	1	P1-85-48	
122218	122218	1	CH	1	2	1	0	0	2	Bb4	Eb2	3	5	P1-85-18	P1-85-81	
122238	122238	1	CH	1	1	0	0	0	1	F2	1	P1-85-50	
122278	122278	1	CH	1	2	1	0	0	2	Bb5	Db2	0	2	P1-85-5	P1-85-71	
122338	122338	1	CH	1	1	0	0	0	1	Eb2	2	P1-85-72	
122398	122398	1	CH	1	1	0	0	0	1	Db2	2	P1-86-40	
122428	122428	1	CH	1	1	0	0	0	1	Eb2	1	P1-86-10	
122458	122458	1	CH	1	1	0	0	0	1	Db2	2	P1-86-41	
122488	122488	1	CH	1	1	0	0	0	1	Eb2	1	P1-86-11	
122518	122518	1	CH	1	1	0	0	0	1	Db2	2	P1-86-42	
122548	122548	1	CH	1	1	0	0	0	1	Eb2	1	P1-86-13	
122578	122578	1	CH	1	1	0	0	0	1	Db2	2	P1-86-43	
122608	122608	1	CH	1	1	0	0	0	1	Eb2	1	P1-86-14	
122638	122638	1	CH	1	2	1	0	0	2	Db2	C6	2	3	P1-86-44	P1-86-5	
122668	122668	1	CH	1	1	0	0	0	1	Eb2	1	P1-86-16	
122698	122698	1	CH	1	1	0	0	0	1	Db2	2	P1-86-45	
122728	122728	1	CH	1	1	0	0	0	1	Eb2	1	P1-86-17	
122758	122758	1	CH	1	1	0	0	0	1	Db2	2	P1-86-46	
122788	122788	1	CH	1	1	0	0	0	1	Eb2	1	P1-86-19	
122818	122818	1	CH	1	1	0	0	0	1	Db2	2	P1-86-47	
122848	122848	1	CH	1	1	0	0	0	1	Eb2	1	P1-86-20	
122878	122878	1	CH	1	2	1	0	0	2	Db2	Db6	2	3	P1-86-48	P1-86-6	
122908	122908	1	CH	1	1	0	0	0	1	Eb2	1	P1-86-22	
122938	122938	1	CH	1	1	0	0	0	1	Db2	2	P1-86-49	
122968	122968	1	CH	1	1	0	0	0	1	Eb2	1	P1-86-23	
122998	122998	1	CH	1	1	0	0	0	1	Db2	2	P1-86-50	
123028	123028	1	CH	1	1	0	0	0	1	Eb2	1	P1-86-25	
123058	123058	1	CH	1	1	0	0	0	1	Db2	2	P1-86-51	
123088	123088	1	CH	1	1	0	0	0	1	Eb2	1	P1-86-26	
123118	123118	1	CH	1	2	1	0	0	2	Db2	D6	2	3	P1-86-52	P1-86-7	
123148	123148	1	CH	1	1	0	0	0	1	Eb2	1	P1-86-28	
123178	123178	1	CH	1	1	0	0	0	1	Db2	2	P1-86-53	
123208	123208	1	CH	1	1	0	0	0	1	Eb2	1	P1-86-29	
123238	123238	1	CH	1	1	0	0	0	1	Db2	2	P1-86-54	
123268	123268	1	CH	1	1	0	0	0	1	Eb2	1	P1-86-31	
123298	123298	1	CH	1	1	0	0	0	1	Db2	2	P1-86-55	
123328	123328	1	CH	1	1	0	0	0	1	Eb2	1	P1-86-32	
123358	123358	1	CH	1	2	1	0	0	2	Db2	Eb6	1	3	P1-86-33	P1-86-8	
123478	123478	1	CH	1	1	0	0	0	1	C2	1	P1-86-34	
123538	123538	1	CH	1	1	0	0	0	1	Db2	1	P1-86-35	
123598	123598	1	CH	1	1	0	0	0	1	Eb2	1	P1-86-36	
123658	123658	1	CH	1	1	0	0	0	1	Db2	1	P1-86-37	
123718	123718	1	CH	1	1	0	0	0	1	C2	1	P1-86-38	
123778	123778	1	CH	1	1	0	0	0	1	Bb1	1	P1-86-39	
123838	123838	1	CH	1	1	0	0	0	1	Ab1	1	P1-87-11	
123958	123958	1	CH	1	2	1	0	0	2	Ab2	C3	1	1	P1-87-12	P1-87-13	
124078	124078	1	CH	1	3	2	0	0	3	Ab2	C3	C4	1	1	3	P1-87-14	P1-87-15	P1-87-3	
124198	124198	1	CH	1	3	2	0	0	3	G2	Ab2	C3	1	1	1	P1-87-16	P1-87-17	P1-87-18	
124318	124318	1	CH	1	3	2	0	0	3	G2	Ab2	C3	1	1	1	P1-87-19	P1-87-20	P1-87-21	
124438	124438	1	CH	1	3	2	0	0	3	F2	Ab2	C3	1	1	1	P1-87-22	P1-87-23	P1-87-24	
124558	124558	1	CH	1	3	2	0	0	3	F2	Ab2	C3	1	1	1	P1-87-25	P1-87-26	P1-87-27	
124678	124678	1	CH	1	4	3	0	0	4	Eb2	Ab2	C3	C4	1	1	1	3	P1-87-28	P1-87-29	P1-87-30	P1-87-6	
124798	124798	1	CH	1	4	3	0	0	4	Eb2	Ab2	C3	Db4	1	1	1	3	P1-87-31	P1-87-32	P1-87-33	P1-87-7	
124918	124918	1	CH	1	4	3	0	0	4	Db2	Ab2	C3	Eb4	1	1	1	3	P1-87-34	P1-87-35	P1-87-36	P1-87-8	
125038	125038	1	CH	1	4	3	0	0	4	C2	Ab2	C3	F4	1	1	1	3	P1-87-37	P1-87-38	P1-87-39	P1-87-9	
125158	125158	1	CH	1	4	3	0	0	4	C2	Ab2	C3	G4	1	1	1	3	P1-87-40	P1-87-41	P1-87-42	P1-87-10	
125278	125278	1	CH	1	2	1	0	0	2	Ab4	C2	0	1	P1-88-1	P1-88-10	
125398	125398	1	CH	1	2	1	0	0	2	Ab2	C3	1	1	P1-88-11	P1-88-12	
125518	125518	1	CH	1	3	2	0	0	3	Eb4	Ab2	C3	0	1	1	P1-88-2	P1-88-13	P1-88-14	
125638	125638	1	CH	1	3	2	0	0	3	G2	Ab2	C3	1	1	1	P1-88-15	P1-88-16	P1-88-17	
125758	125758	1	CH	1	3	2	0	0	3	G2	Ab2	C3	1	1	1	P1-88-18	P1-88-19	P1-88-20	
125878	125878	1	CH	1	3	2	0	0	3	F2	Ab2	C3	1	1	1	P1-88-21	P1-88-22	P1-88-23	
125998	125998	1	CH	1	3	2	0	0	3	F2	Ab2	C3	1	1	1	P1-88-24	P1-88-25	P1-88-26	
126118	126118	1	CH	1	4	3	0	0	4	G4	Eb2	Ab2	C3	0	1	1	1	P1-88-5	P1-88-27	P1-88-28	P1-88-29	
126238	126238	1	CH	1	4	3	0	0	4	Ab4	Eb2	Ab2	C3	0	1	1	1	P1-88-6	P1-88-30	P1-88-31	P1-88-32	
126358	126358	1	CH	1	4	3	0	0	4	Bb4	Db2	Ab2	C3	0	1	1	1	P1-88-7	P1-88-33	P1-88-34	P1-88-35	
126478	126478	1	CH	1	4	3	0	0	4	C5	C2	Ab2	C3	0	1	1	1	P1-88-8	P1-88-36	P1-88-37	P1-88-38	
126598	126598	1	CH	1	4	3	0	0	4	Db5	C2	Ab2	C3	0	1	1	1	P1-88-9	P1-88-39	P1-88-40	P1-88-41	
126718	126718	1	CH	1	2	1	0	0	2	Eb5	C2	0	1	P1-89-1	P1-89-10	
126838	126838	1	CH	1	2	1	0	0	2	Ab2	C3	1	1	P1-89-11	P1-89-12	
126958	126958	1	CH	1	3	2	0	0	3	Ab4	Ab2	C3	0	1	1	P1-89-2	P1-89-13	P1-89-14	
127078	127078	1	CH	1	3	2	0	0	3	G2	Ab2	C3	1	1	1	P1-89-15	P1-89-16	P1-89-17	
127198	127198	1	CH	1	3	2	0	0	3	G2	Ab2	C3	1	1	1	P1-89-18	P1-89-19	P1-89-20	
127318	127318	1	CH	1	3	2	0	0	3	F2	Ab2	C3	1	1	1	P1-89-21	P1-89-22	P1-89-23	
127438	127438	1	CH	1	3	2	0	0	3	F2	Ab2	C3	1	1	1	P1-89-24	P1-89-25	P1-89-26	
127558	127558	1	CH	1	4	3	0	0	4	Ab5	Eb2	Ab2	C3	0	1	1	1	P1-89-5	P1-89-27	P1-89-28	P1-89-29	
127678	127678	1	CH	1	4	3	0	0	4	Bb5	Eb2	Ab2	C3	0	1	1	1	P1-89-6	P1-89-30	P1-89-31	P1-89-32	
127798	127798	1	CH	1	4	3	0	0	4	C6	Db2	Ab2	C3	0	1	1	1	P1-89-7	P1-89-33	P1-89-34	P1-89-35	
127918	127918	1	CH	1	4	3	0	0	4	Db6	C2	Ab2	C3	0	1	1	1	P1-89-8	P1-89-36	P1-89-37	P1-89-38	
128038	128038	1	CH	1	4	3	0	0	4	Eb6	C2	Ab2	C3	0	1	1	1	P1-89-9	P1-89-39	P1-89-40	P1-89-41	
128158	128158	1	CH	1	4	3	0	0	4	F6	Db2	Ab2	Bb2	0	1	1	1	P1-90-1	P1-90-10	P1-90-11	P1-90-12	
128998	128998	1	CH	1	4	3	0	0	4	F4	Bb4	D3	Ab3	0	0	1	1	P1-90-4	P1-90-5	P1-90-15	P1-90-16	
129118	129118	1	CH	1	4	3	0	0	4	G4	Eb5	Eb3	G3	0	0	1	1	P1-90-6	P1-90-7	P1-90-17	P1-90-18	
129478	129478	1	CH	1	4	3	0	0	4	G4	Eb5	Eb3	Bb3	0	0	1	1	P1-90-8	P1-90-9	P1-90-19	P1-90-20	
129598	129598	1	CH	1	4	3	0	0	4	Cb5	D5	F3	Ab3	0	0	1	1	P1-91-1	P1-91-2	P1-91-10	P1-91-11	
130078	130078	1	CH	1	4	3	0	0	4	E4	Db5	G3	Bb3	0	0	1	1	P1-91-3	P1-91-4	P1-91-12	P1-91-13	
130558	130558	1	CH	1	4	3	0	0	4	Eb4	C5	Ab3	C4	0	0	1	1	P1-91-5	P1-91-6	P1-91-14	P1-91-15	
130678	130678	1	CH	1	3	2	0	0	3	Ab6	Ab3	C4	0	1	1	P1-91-7	P1-91-16	P1-91-17	
130798	130798	1	CH	1	3	2	0	0	3	G6	Bb3	Db4	0	1	1	P1-91-8	P1-91-18	P1-91-19	
130918	130918	1	CH	1	3	2	0	0	3	Gb6	C4	Eb4	0	1	1	P1-91-9	P1-91-20	P1-91-21	
131038	131038	1	CH	1	3	2	0	0	3	F6	Db4	F4	0	1	1	P1-92-1	P1-92-21	P1-92-22	
131098	131098	1	CH	1	1	0	0	0	1	Eb6	0	P1-92-2	
131158	131158	1	CH	1	1	0	0	0	1	Db6	0	P1-92-3	
131218	131218	1	CH	1	1	0	0	0	1	C6	0	P1-92-4	
131278	131278	1	CH	1	1	0	0	0	1	Cb6	0	P1-92-5	
131338	131338	1	CH	1	1	0	0	0	1	Bb5	0	P1-92-6	
131398	131398	1	CH	1	1	0	0	0	1	A5	0	P1-92-7	
131458	131458	1	CH	1	1	0	0	0	1	Ab5	0	P1-92-8	
131518	131518	1	CH	1	1	0	0	0	1	G5	0	P1-92-9	
131578	131578	1	CH	1	1	0	0	0	1	Gb5	0	P1-92-10	
131638	131638	1	CH	1	1	0	0	0	1	F5	0	P1-92-11	
131698	131698	1	CH	1	1	0	0	0	1	E5	0	P1-92-12	
131758	131758	1	CH	1	4	3	0	0	4	Eb5	Db3	F3	Ab3	0	1	1	1	P1-92-13	P1-92-24	P1-92-25	P1-92-26	
131818	131818	1	CH	1	1	0	0	0	1	Db5	0	P1-92-14	
131878	131878	1	CH	1	4	3	0	0	4	C5	Db3	F3	Ab3	0	1	1	1	P1-92-15	P1-92-27	P1-92-28	P1-92-29	
131938	131938	1	CH	1	1	0	0	0	1	Bb4	0	P1-92-16	
131998	131998	1	CH	1	4	3	0	0	4	Bb4	Eb5	Eb3	G3	0	0	1	1	P1-92-17	P1-92-18	P1-92-30	P1-92-31	
132358	132358	1	CH	1	4	3	0	0	4	G4	Eb5	Eb3	Bb3	0	0	1	1	P1-92-19	P1-92-20	P1-92-32	P1-92-33	
132478	132478	1	CH	1	4	3	0	0	4	Eb5	C4	Ab3	Ab4	0	1	2	3	P1-93-1	P1-93-21	P1-93-24	P1-93-4	
132718	132718	1	CH	1	4	3	0	0	4	Ab3	Db4	Ab4	F5	2	2	3	3	P1-93-25	P1-93-26	P1-93-5	P1-93-6	
132838	132838	1	CH	1	4	3	0	0	4	Ab3	C4	Ab4	Eb5	2	2	3	3	P1-93-27	P1-93-28	P1-93-7	P1-93-8	
132958	132958	1	CH	1	4	3	0	0	4	Ab3	Bb3	Ab4	Db5	2	2	3	3	P1-93-29	P1-93-30	P1-93-9	P1-93-10	
133078	133078	1	CH	1	3	2	0	0	3	Ab3	Ab4	C5	2	3	3	P1-93-31	P1-93-11	P1-93-12	
133198	133198	1	CH	1	3	2	0	0	3	G3	Ab4	Bb4	2	3	3	P1-93-32	P1-93-13	P1-93-14	
133318	133318	1	CH	1	3	2	0	0	3	Ab3	Ab4	C5	2	3	3	P1-93-33	P1-93-15	P1-93-16	
133438	133438	1	CH	1	3	2	0	0	3	Db5	Eb3	Bb3	0	2	2	P1-93-3	P1-93-34	P1-93-35	
133558	133558	1	CH	1	1	0	0	0	1	F4	3	P1-93-18	
133678	133678	1	CH	1	1	0	0	0	1	Ab4	3	P1-93-19	
133798	133798	1	CH	1	1	0	0	0	1	G4	3	P1-93-20	
133918	133918	1	CH	1	4	3	0	0	4	Ab3	Ab2	Ab4	C5	1	2	3	3	P1-94-20	P1-94-23	P1-94-4	P1-94-5	
134038	134038	1	CH	1	3	2	0	0	3	Ab2	C3	Eb4	2	2	3	P1-94-24	P1-94-25	P1-94-6	
134158	134158	1	CH	1	3	2	0	0	3	Ab2	Db3	F4	2	2	3	P1-94-26	P1-94-27	P1-94-7	
134278	134278	1	CH	1	3	2	0	0	3	Ab2	C3	Eb4	2	2	3	P1-94-28	P1-94-29	P1-94-8	
134398	134398	1	CH	1	3	2	0	0	3	Ab2	Bb2	Db4	2	2	3	P1-94-30	P1-94-31	P1-94-9	
134518	134518	1	CH	1	2	1	0	0	2	Ab2	C4	2	3	P1-94-32	P1-94-10	
134638	134638	1	CH	1	2	1	0	0	2	G2	Bb3	2	3	P1-94-33	P1-94-11	
134758	134758	1	CH	1	2	1	0	0	2	Ab2	C4	2	3	P1-94-34	P1-94-12	
134878	134878	1	CH	1	4	3	0	0	4	Ab4	Eb2	Bb2	Db4	0	2	2	3	P1-94-3	P1-94-35	P1-94-36	P1-94-13	
134998	134998	1	CH	1	2	1	0	0	2	Db4	F4	3	3	P1-94-14	P1-94-15	
135118	135118	1	CH	1	2	1	0	0	2	Db4	Ab4	3	3	P1-94-16	P1-94-17	
135238	135238	1	CH	1	2	1	0	0	2	Db4	G4	3	3	P1-94-18	P1-94-19	
135358	135358	1	CH	1	3	2	0	0	3	Bb4	Ab1	Ab2	0	1	1	P1-95-1	P1-95-13	P1-95-14	
135478	135478	1	CH	1	1	0	0	0	1	G4	0	P1-95-2	
135598	135598	1	CH	1	1	0	0	0	1	Bb4	0	P1-95-3	
135718	135718	1	CH	1	1	0	0	0	1	Ab4	0	P1-95-4	
135838	135838	1	CH	1	5	4	0	0	5	Db5	Ab1	C2	Eb2	Ab2	0	1	1	1	1	P1-95-5	P1-95-15	P1-95-16	P1-95-17	P1-95-18	
135958	135958	1	CH	1	1	0	0	0	1	Cb5	0	P1-95-6	
136078	136078	1	CH	1	1	0	0	0	1	Db5	0	P1-95-7	
136198	136198	1	CH	1	1	0	0	0	1	C5	0	P1-95-8	
136318	136318	1	CH	1	1	0	0	0	1	F5	0	P1-95-9	
136438	136438	1	CH	1	1	0	0	0	1	D5	0	P1-95-10	
136558	136558	1	CH	1	1	0	0	0	1	F5	0	P1-95-11	
136678	136678	1	CH	1	1	0	0	0	1	Eb5	0	P1-95-12	
136798	136798	1	CH	1	1	0	0	0	1	Bb5	0	P1-96-1	
136918	136918	1	CH	1	1	0	0	0	1	G5	0	P1-96-2	
137038	137038	1	CH	1	1	0	0	0	1	Bb5	0	P1-96-3	
137158	137158	1	CH	1	1	0	0	0	1	Ab5	0	P1-96-4	
137278	137278	1	CH	1	5	4	0	0	5	Db6	Ab2	C3	Eb3	Ab3	0	1	1	1	1	P1-96-5	P1-96-17	P1-96-18	P1-96-19	P1-96-20	
137398	137398	1	CH	1	1	0	0	0	1	Cb6	0	P1-96-6	
137518	137518	1	CH	1	1	0	0	0	1	Db6	0	P1-96-7	
137638	137638	1	CH	1	1	0	0	0	1	C6	0	P1-96-8	
137758	137758	1	CH	1	4	3	0	0	4	F6	Ab3	C4	Eb4	0	1	1	1	P1-96-9	P1-96-21	P1-96-22	P1-96-23	
137878	137878	1	CH	1	1	0	0	0	1	D6	0	P1-96-10	
137998	137998	1	CH	1	1	0	0	0	1	F6	0	P1-96-11	
138118	138118	1	CH	1	1	0	0	0	1	Eb6	0	P1-96-12	
138238	138238	1	CH	1	5	4	0	0	5	Eb6	F3	Ab3	Bb3	D4	0	1	1	1	1	P1-97-1	P1-97-13	P1-97-14	P1-97-15	P1-97-16	
138358	138358	1	CH	1	1	0	0	0	1	C6	0	P1-97-2	
138478	138478	1	CH	1	1	0	0	0	1	Eb6	0	P1-97-3	
138598	138598	1	CH	1	1	0	0	0	1	D6	0	P1-97-4	
138718	138718	1	CH	1	5	4	0	0	5	C7	F3	Ab3	Bb3	D4	0	1	1	1	1	P1-97-5	P1-97-17	P1-97-18	P1-97-19	P1-97-20	
138838	138838	1	CH	1	1	0	0	0	1	A6	0	P1-97-6	
138958	138958	1	CH	1	1	0	0	0	1	C7	0	P1-97-7	
139078	139078	1	CH	1	1	0	0	0	1	Bb6	0	P1-97-8	
139198	139198	1	CH	1	1	0	0	0	1	Eb6	0	P1-97-9	
139318	139318	1	CH	1	1	0	0	0	1	C6	0	P1-97-10	
139438	139438	1	CH	1	1	0	0	0	1	Eb6	0	P1-97-11	
139558	139558	1	CH	1	1	0	0	0	1	D6	0	P1-97-12	
139678	139678	1	CH	1	5	4	0	0	5	F6	Eb3	G3	Bb3	Eb4	0	1	1	1	1	P1-98-1	P1-98-13	P1-98-14	P1-98-15	P1-98-16	
139798	139798	1	CH	1	1	0	0	0	1	D6	0	P1-98-2	
139918	139918	1	CH	1	1	0	0	0	1	F6	0	P1-98-3	
140038	140038	1	CH	1	1	0	0	0	1	Eb6	0	P1-98-4	
140158	140158	1	CH	1	5	4	0	0	5	C7	Eb3	G3	Bb3	Eb4	0	1	1	1	1	P1-98-5	P1-98-17	P1-98-18	P1-98-19	P1-98-20	
140278	140278	1	CH	1	1	0	0	0	1	A6	0	P1-98-6	
140398	140398	1	CH	1	1	0	0	0	1	C7	0	P1-98-7	
140518	140518	1	CH	1	1	0	0	0	1	Bb6	0	P1-98-8	
140638	140638	1	CH	1	5	4	0	0	5	F6	Eb3	G3	Bb3	Eb4	0	1	1	1	1	P1-98-9	P1-98-21	P1-98-22	P1-98-23	P1-98-24	
140758	140758	1	CH	1	1	0	0	0	1	D6	0	P1-98-10	
140878	140878	1	CH	1	1	0	0	0	1	F6	0	P1-98-11	
140998	140998	1	CH	1	1	0	0	0	1	Eb6	0	P1-98-12	
141118	141118	1	CH	1	5	4	0	0	5	Eb6	F3	Ab3	Bb3	D4	0	1	1	1	1	P1-99-1	P1-99-13	P1-99-14	P1-99-15	P1-99-16	
141238	141238	1	CH	1	1	0	0	0	1	C6	0	P1-99-2	
141358	141358	1	CH	1	1	0	0	0	1	Eb6	0	P1-99-3	
141478	141478	1	CH	1	1	0	0	0	1	D6	0	P1-99-4	
141598	141598	1	CH	1	5	4	0	0	5	C7	F3	Ab3	Bb3	D4	0	1	1	1	1	P1-99-5	P1-99-17	P1-99-18	P1-99-19	P1-99-20	
141718	141718	1	CH	1	1	0	0	0	1	A6	0	P1-99-6	
141838	141838	1	CH	1	1	0	0	0	1	C7	0	P1-99-7	
141958	141958	1	CH	1	1	0	0	0	1	Bb6	0	P1-99-8	
142078	142078	1	CH	1	1	0	0	0	1	Eb6	0	P1-99-9	
142198	142198	1	CH	1	1	0	0	0	1	C6	0	P1-99-10	
142318	142318	1	CH	1	1	0	0	0	1	Eb6	0	P1-99-11	
142438	142438	1	CH	1	1	0	0	0	1	D6	0	P1-99-12	
142558	142558	1	CH	1	5	4	0	0	5	F6	Eb3	G3	Bb3	Eb4	0	1	1	1	1	P1-100-1	P1-100-7	P1-100-8	P1-100-9	P1-100-10	
142678	142678	1	CH	1	1	0	0	0	1	D6	0	P1-100-2	
142798	142798	1	CH	1	1	0	0	0	1	F6	0	P1-100-3	
142918	142918	1	CH	1	1	0	0	0	1	Eb6	0	P1-100-4	
143038	143038	1	CH	1	4	3	0	0	4	G5	F6	Db3	Bb3	0	0	1	1	P1-100-5	P1-100-6	P1-100-11	P1-100-12	
144238	144238	1	CH	1	4	3	0	0	4	Ab5	Eb6	C3	C4	0	0	1	1	P1-101-3	P1-101-4	P1-101-9	P1-101-10	
144478	144478	1	CH	1	4	3	0	0	4	Ab4	Eb5	C3	C4	0	0	1	1	P1-101-5	P1-101-6	P1-101-11	P1-101-12	
145678	145678	1	CH	1	4	3	0	0	4	Bb4	Db5	E3	G3	0	0	1	1	P1-102-3	P1-102-4	P1-102-9	P1-102-10	
145918	145918	1	CH	1	4	3	0	0	4	Bb4	Db5	E3	G3	0	0	1	1	P1-102-5	P1-102-6	P1-102-11	P1-102-12	
147118	147118	1	CH	1	4	3	0	0	4	Ab4	C5	F3	Ab3	0	0	1	1	P1-103-3	P1-103-4	P1-103-9	P1-103-10	
147358	147358	1	CH	1	4	3	0	0	4	Ab4	C5	F3	Ab3	0	0	1	1	P1-103-5	P1-103-6	P1-103-11	P1-103-12	
148558	148558	1	CH	1	4	3	0	0	4	G4	Eb5	Eb3	Bb3	0	0	1	1	P1-104-3	P1-104-4	P1-104-9	P1-104-10	
148798	148798	1	CH	1	4	3	0	0	4	G4	Eb5	Eb3	Bb3	0	0	1	1	P1-104-5	P1-104-6	P1-104-11	P1-104-12	
149758	149758	1	CH	1	3	2	0	0	3	Ab4	Ab3	C4	0	1	1	P1-105-1	P1-105-22	P1-105-23	
149818	149818	1	CH	1	1	0	0	0	1	Eb5	0	P1-105-2	
149878	149878	1	CH	1	1	0	0	0	1	C5	0	P1-105-3	
149938	149938	1	CH	1	1	0	0	0	1	Eb5	0	P1-105-4	
149998	149998	1	CH	1	1	0	0	0	1	Ab5	0	P1-105-5	
150058	150058	1	CH	1	1	0	0	0	1	Eb5	0	P1-105-6	
150118	150118	1	CH	1	1	0	0	0	1	C5	0	P1-105-7	
150178	150178	1	CH	1	1	0	0	0	1	Eb5	0	P1-105-8	
150238	150238	1	CH	1	1	0	0	0	1	Ab4	0	P1-105-9	
150298	150298	1	CH	1	1	0	0	0	1	Eb4	0	P1-105-10	
150358	150358	1	CH	1	1	0	0	0	1	C4	0	P1-105-11	
150418	150418	1	CH	1	1	0	0	0	1	Eb4	0	P1-105-12	
150478	150478	1	CH	1	1	0	0	0	1	Ab3	0	P1-105-13	
150538	150538	1	CH	1	1	0	0	0	1	Eb3	0	P1-105-14	
150598	150598	1	CH	1	1	0	0	0	1	C3	0	P1-105-15	
150658	150658	1	CH	1	1	0	0	0	1	Eb3	0	P1-105-16	
150718	150718	1	CH	1	1	0	0	0	1	Ab2	0	P1-105-17	
150778	150778	1	CH	1	1	0	0	0	1	Eb2	0	P1-105-18	
150838	150838	1	CH	1	1	0	0	0	1	C2	0	P1-105-19	
150898	150898	1	CH	1	1	0	0	0	1	Eb2	0	P1-105-20	
150958	150958	1	CH	1	1	0	0	0	1	Ab1	1	P1-105-26	
151018	151018	1	CH	1	1	0	0	0	1	C2	1	P1-105-27	
151078	151078	1	CH	1	1	0	0	0	1	Eb2	1	P1-105-28	
151138	151138	1	CH	1	1	0	0	0	1	Ab2	1	P1-105-29	
151198	151198	1	CH	1	4	3	0	0	4	G2	Bb1	Eb2	Bb2	0	1	1	1	P1-106-1	P1-106-25	P1-106-26	P1-106-27	
151258	151258	1	CH	1	1	0	0	0	1	Eb3	0	P1-106-2	
151318	151318	1	CH	1	1	0	0	0	1	Db3	0	P1-106-3	
151378	151378	1	CH	1	1	0	0	0	1	Eb3	0	P1-106-4	
151438	151438	1	CH	1	1	0	0	0	1	G3	0	P1-106-5	
151498	151498	1	CH	1	1	0	0	0	1	Eb3	0	P1-106-6	
151558	151558	1	CH	1	1	0	0	0	1	Db3	0	P1-106-7	
151618	151618	1	CH	1	1	0	0	0	1	Eb3	0	P1-106-8	
151678	151678	1	CH	1	4	3	0	0	4	G3	Bb1	Eb2	Bb2	0	1	1	1	P1-106-9	P1-106-28	P1-106-29	P1-106-30	
151738	151738	1	CH	1	1	0	0	0	1	Eb4	0	P1-106-10	
151798	151798	1	CH	1	1	0	0	0	1	Db4	0	P1-106-11	
151858	151858	1	CH	1	1	0	0	0	1	Eb4	0	P1-106-12	
151918	151918	1	CH	1	1	0	0	0	1	G4	0	P1-106-13	
151978	151978	1	CH	1	1	0	0	0	1	Eb4	0	P1-106-14	
152038	152038	1	CH	1	1	0	0	0	1	Db4	0	P1-106-15	
152098	152098	1	CH	1	1	0	0	0	1	Eb4	0	P1-106-16	
152158	152158	1	CH	1	4	3	0	0	4	G4	Bb1	Eb2	Bb2	0	1	1	1	P1-106-17	P1-106-31	P1-106-32	P1-106-33	
152218	152218	1	CH	1	1	0	0	0	1	Eb5	0	P1-106-18	
152278	152278	1	CH	1	1	0	0	0	1	Db5	0	P1-106-19	
152338	152338	1	CH	1	1	0	0	0	1	Eb5	0	P1-106-20	
152398	152398	1	CH	1	1	0	0	0	1	G5	0	P1-106-21	
152458	152458	1	CH	1	1	0	0	0	1	Eb5	0	P1-106-22	
152518	152518	1	CH	1	1	0	0	0	1	Db5	0	P1-106-23	
152578	152578	1	CH	1	1	0	0	0	1	Eb5	0	P1-106-24	
152638	152638	1	CH	1	4	3	0	0	4	Ab5	C2	Eb2	C3	0	1	1	1	P1-107-1	P1-107-25	P1-107-26	P1-107-27	
152698	152698	1	CH	1	1	0	0	0	1	Eb6	0	P1-107-2	
152758	152758	1	CH	1	1	0	0	0	1	C6	0	P1-107-3	
152818	152818	1	CH	1	1	0	0	0	1	Eb6	0	P1-107-4	
152878	152878	1	CH	1	1	0	0	0	1	Ab6	0	P1-107-5	
152938	152938	1	CH	1	1	0	0	0	1	Eb6	0	P1-107-6	
152998	152998	1	CH	1	1	0	0	0	1	C6	0	P1-107-7	
153058	153058	1	CH	1	1	0	0	0	1	Eb6	0	P1-107-8	
153118	153118	1	CH	1	1	0	0	0	1	Ab5	0	P1-107-9	
153178	153178	1	CH	1	1	0	0	0	1	Eb5	0	P1-107-10	
153238	153238	1	CH	1	1	0	0	0	1	C5	0	P1-107-11	
153298	153298	1	CH	1	1	0	0	0	1	Eb5	0	P1-107-12	
153358	153358	1	CH	1	1	0	0	0	1	Ab4	0	P1-107-13	
153418	153418	1	CH	1	1	0	0	0	1	Eb4	0	P1-107-14	
153478	153478	1	CH	1	1	0	0	0	1	C4	0	P1-107-15	
153538	153538	1	CH	1	1	0	0	0	1	Eb4	0	P1-107-16	
153598	153598	1	CH	1	1	0	0	0	1	Ab3	0	P1-107-17	
153658	153658	1	CH	1	1	0	0	0	1	Eb3	0	P1-107-18	
153718	153718	1	CH	1	1	0	0	0	1	C3	0	P1-107-19	
153778	153778	1	CH	1	1	0	0	0	1	Eb3	0	P1-107-20	
153838	153838	1	CH	1	1	0	0	0	1	Ab2	0	P1-107-21	
153898	153898	1	CH	1	1	0	0	0	1	Eb3	0	P1-107-22	
153958	153958	1	CH	1	1	0	0	0	1	C3	0	P1-107-23	
154018	154018	1	CH	1	1	0	0	0	1	Eb3	0	P1-107-24	
154078	154078	1	CH	1	4	3	0	0	4	Bb2	G1	Eb2	G2	0	1	1	1	P1-108-1	P1-108-25	P1-108-26	P1-108-27	
154138	154138	1	CH	1	1	0	0	0	1	Eb3	0	P1-108-2	
154198	154198	1	CH	1	1	0	0	0	1	Db3	0	P1-108-3	
154258	154258	1	CH	1	1	0	0	0	1	Eb3	0	P1-108-4	
154318	154318	1	CH	1	1	0	0	0	1	Bb3	0	P1-108-5	
154378	154378	1	CH	1	1	0	0	0	1	Eb3	0	P1-108-6	
154438	154438	1	CH	1	1	0	0	0	1	Db3	0	P1-108-7	
154498	154498	1	CH	1	1	0	0	0	1	Eb3	0	P1-108-8	
154558	154558	1	CH	1	4	3	0	0	4	Bb3	G2	Eb3	G3	0	1	1	1	P1-108-9	P1-108-28	P1-108-29	P1-108-30	
154618	154618	1	CH	1	1	0	0	0	1	Eb4	0	P1-108-10	
154678	154678	1	CH	1	1	0	0	0	1	Db4	0	P1-108-11	
154738	154738	1	CH	1	1	0	0	0	1	Eb4	0	P1-108-12	
154798	154798	1	CH	1	1	0	0	0	1	Bb4	0	P1-108-13	
154858	154858	1	CH	1	1	0	0	0	1	Eb4	0	P1-108-14	
154918	154918	1	CH	1	1	0	0	0	1	Db4	0	P1-108-15	
154978	154978	1	CH	1	1	0	0	0	1	Eb4	0	P1-108-16	
155038	155038	1	CH	1	4	3	0	0	4	Bb4	G2	Eb3	G3	0	1	1	1	P1-108-17	P1-108-31	P1-108-32	P1-108-33	
155098	155098	1	CH	1	1	0	0	0	1	Eb5	0	P1-108-18	
155158	155158	1	CH	1	1	0	0	0	1	Db5	0	P1-108-19	
155218	155218	1	CH	1	1	0	0	0	1	Eb5	0	P1-108-20	
155278	155278	1	CH	1	1	0	0	0	1	Bb5	0	P1-108-21	
155338	155338	1	CH	1	1	0	0	0	1	Eb5	0	P1-108-22	
155398	155398	1	CH	1	1	0	0	0	1	Db5	0	P1-108-23	
155458	155458	1	CH	1	1	0	0	0	1	Eb5	0	P1-108-24	
155518	155518	1	CH	1	4	3	0	0	4	C5	Ab2	Eb3	Ab3	0	1	1	1	P1-109-1	P1-109-25	P1-109-26	P1-109-27	
155578	155578	1	CH	1	1	0	0	0	1	Eb5	0	P1-109-2	
155638	155638	1	CH	1	1	0	0	0	1	C5	0	P1-109-3	
155698	155698	1	CH	1	1	0	0	0	1	Eb5	0	P1-109-4	
155758	155758	1	CH	1	1	0	0	0	1	C6	0	P1-109-5	
155818	155818	1	CH	1	1	0	0	0	1	Eb5	0	P1-109-6	
155878	155878	1	CH	1	1	0	0	0	1	C5	0	P1-109-7	
155938	155938	1	CH	1	1	0	0	0	1	Eb5	0	P1-109-8	
155998	155998	1	CH	1	4	3	0	0	4	Db5	F3	Ab3	F4	0	1	1	1	P1-109-9	P1-109-28	P1-109-29	P1-109-30	
156058	156058	1	CH	1	1	0	0	0	1	Ab5	0	P1-109-10	
156118	156118	1	CH	1	1	0	0	0	1	Db5	0	P1-109-11	
156178	156178	1	CH	1	1	0	0	0	1	Ab5	0	P1-109-12	
156238	156238	1	CH	1	1	0	0	0	1	Db6	0	P1-109-13	
156298	156298	1	CH	1	1	0	0	0	1	Ab5	0	P1-109-14	
156358	156358	1	CH	1	1	0	0	0	1	F5	0	P1-109-15	
156418	156418	1	CH	1	1	0	0	0	1	Ab5	0	P1-109-16	
156478	156478	1	CH	1	4	3	0	0	4	Eb5	C3	Ab3	C4	0	1	1	1	P1-109-17	P1-109-31	P1-109-32	P1-109-33	
156538	156538	1	CH	1	1	0	0	0	1	Eb6	0	P1-109-18	
156598	156598	1	CH	1	1	0	0	0	1	Ab5	0	P1-109-19	
156658	156658	1	CH	1	1	0	0	0	1	Eb6	0	P1-109-20	
156718	156718	1	CH	1	4	3	0	0	4	E5	C3	Ab3	C4	0	1	1	1	P1-109-21	P1-109-34	P1-109-35	P1-109-36	
156778	156778	1	CH	1	1	0	0	0	1	E6	0	P1-109-22	
156838	156838	1	CH	1	1	0	0	0	1	Ab5	0	P1-109-23	
156898	156898	1	CH	1	1	0	0	0	1	E6	0	P1-109-24	
156958	156958	1	CH	1	4	3	0	0	4	F5	Db3	Ab3	Db4	0	1	1	1	P1-110-1	P1-110-27	P1-110-28	P1-110-29	
157018	157018	1	CH	1	1	0	0	0	1	F6	0	P1-110-2	
157078	157078	1	CH	1	1	0	0	0	1	F5	0	P1-110-3	
157138	157138	1	CH	1	1	0	0	0	1	Ab5	0	P1-110-4	
157198	157198	1	CH	1	1	0	0	0	1	F6	0	P1-110-5	
157258	157258	1	CH	1	1	0	0	0	1	Db6	0	P1-110-6	
157318	157318	1	CH	1	1	0	0	0	1	Ab5	0	P1-110-7	
157378	157378	1	CH	1	1	0	0	0	1	Db6	0	P1-110-8	
157438	157438	1	CH	1	4	3	0	0	4	G5	Bb2	Eb3	Bb3	0	1	1	1	P1-110-9	P1-110-30	P1-110-31	P1-110-32	
157498	157498	1	CH	1	1	0	0	0	1	Eb6	0	P1-110-10	
157558	157558	1	CH	1	1	0	0	0	1	Db6	0	P1-110-11	
157618	157618	1	CH	1	1	0	0	0	1	Eb6	0	P1-110-12	
157678	157678	1	CH	1	1	0	0	0	1	G6	0	P1-110-13	
157738	157738	1	CH	1	1	0	0	0	1	Eb6	0	P1-110-14	
157798	157798	1	CH	1	1	0	0	0	1	Db6	0	P1-110-15	
157858	157858	1	CH	1	1	0	0	0	1	Eb6	0	P1-110-16	
157918	157918	1	CH	1	4	3	0	0	4	G5	C3	Eb3	C4	0	1	1	1	P1-110-17	P1-110-33	P1-110-34	P1-110-35	
157978	157978	1	CH	1	1	0	0	0	1	G6	0	P1-110-18	
158038	158038	1	CH	1	2	1	0	0	2	C6	Eb6	0	0	P1-110-19	P1-110-20	
158098	158098	1	CH	1	1	0	0	0	1	G6	0	P1-110-21	
158158	158158	1	CH	1	4	3	0	0	4	Ab5	C3	Eb3	C4	0	1	1	1	P1-110-22	P1-110-36	P1-110-37	P1-110-38	
158218	158218	1	CH	1	1	0	0	0	1	Ab6	0	P1-110-23	
158278	158278	1	CH	1	2	1	0	0	2	C6	Eb6	0	0	P1-110-24	P1-110-25	
158338	158338	1	CH	1	1	0	0	0	1	Ab6	0	P1-110-26	
158398	158398	1	CH	1	3	2	0	0	3	F5	Db3	Ab3	0	1	2	P1-111-1	P1-111-8	P1-111-20	
158638	158638	1	CH	1	2	1	0	0	2	Db3	A3	1	1	P1-111-9	P1-111-10	
158878	158878	1	CH	1	2	1	0	0	2	Db3	Bb3	1	1	P1-111-11	P1-111-12	
158998	158998	1	CH	1	1	0	0	0	1	Bb4	0	P1-111-3	
159118	159118	1	CH	1	3	2	0	0	3	C5	Db3	C4	0	1	1	P1-111-4	P1-111-13	P1-111-14	
159238	159238	1	CH	1	3	2	0	0	3	Db5	Db3	Db4	0	1	1	P1-111-5	P1-111-15	P1-111-16	
159358	159358	1	CH	1	4	3	0	0	4	G4	Eb3	G3	Bb3	0	1	1	1	P1-111-6	P1-111-17	P1-111-18	P1-111-19	
159598	159598	1	CH	1	1	0	0	0	1	Eb5	0	P1-111-7	
159838	159838	1	CH	1	2	1	0	0	2	C4	Eb4	1	1	P1-112-13	P1-112-14	
159958	159958	1	CH	1	1	0	0	0	1	Db5	0	P1-112-2	
160078	160078	1	CH	1	1	0	0	0	1	C5	0	P1-112-3	
160198	160198	1	CH	1	1	0	0	0	1	C6	0	P1-112-4	
160318	160318	1	CH	1	1	0	0	0	1	Bb5	0	P1-112-5	
160438	160438	1	CH	1	1	0	0	0	1	G5	0	P1-112-6	
160558	160558	1	CH	1	3	2	0	0	3	Bb5	Ab3	C4	0	1	1	P1-112-7	P1-112-15	P1-112-16	
160678	160678	1	CH	1	1	0	0	0	1	Ab5	0	P1-112-8	
160798	160798	1	CH	1	3	2	0	0	3	C6	Ab3	C4	0	1	1	P1-112-9	P1-112-17	P1-112-18	
160918	160918	1	CH	1	1	0	0	0	1	Ab5	0	P1-112-10	
161038	161038	1	CH	1	1	0	0	0	1	Eb5	0	P1-112-11	
161158	161158	1	CH	1	3	2	0	0	3	E5	Ab3	C4	0	1	1	P1-112-12	P1-112-19	P1-112-20	
161278	161278	1	CH	1	4	3	0	0	4	F5	Ab3	C4	Db3	0	1	1	2	P1-113-1	P1-113-8	P1-113-9	P1-113-21	
161398	161398	1	CH	1	1	0	0	0	1	A3	1	P1-113-10	
161518	161518	1	CH	1	1	0	0	0	1	Bb3	1	P1-113-11	
161638	161638	1	CH	1	1	0	0	0	1	C4	1	P1-113-12	
161758	161758	1	CH	1	1	0	0	0	1	Db4	1	P1-113-13	
161878	161878	1	CH	1	2	1	0	0	2	Bb4	Db3	0	1	P1-113-3	P1-113-14	
161998	161998	1	CH	1	2	1	0	0	2	C5	Eb3	0	1	P1-113-4	P1-113-15	
162118	162118	1	CH	1	2	1	0	0	2	Db5	F3	0	1	P1-113-5	P1-113-16	
162238	162238	1	CH	1	2	1	0	0	2	G4	Eb3	0	1	P1-113-6	P1-113-17	
162358	162358	1	CH	1	1	0	0	0	1	Eb2	1	P1-113-18	
162478	162478	1	CH	1	2	1	0	0	2	Eb5	F2	0	1	P1-113-7	P1-113-19	
162598	162598	1	CH	1	1	0	0	0	1	G2	1	P1-113-20	
162718	162718	1	CH	1	5	4	0	0	5	Eb4	Ab4	C5	Ab2	Ab1	0	0	0	1	2	P1-114-1	P1-114-2	P1-114-3	P1-114-15	P1-114-18	
163198	163198	1	CH	1	4	3	0	0	4	Db5	Ab1	F2	Ab4	0	2	2	3	P1-114-4	P1-114-19	P1-114-20	P1-114-13	
163438	163438	1	CH	1	4	3	0	0	4	F4	Db5	Ab1	Db2	0	0	2	2	P1-114-5	P1-114-6	P1-114-21	P1-114-22	
163678	163678	1	CH	1	4	3	0	0	4	Bb4	Db5	Ab1	G2	0	0	2	2	P1-114-7	P1-114-8	P1-114-23	P1-114-24	
163918	163918	1	CH	1	5	4	0	0	5	E4	G4	Db5	Ab1	Bb2	0	0	0	2	2	P1-114-9	P1-114-10	P1-114-11	P1-114-25	P1-114-26	
164158	164158	1	CH	1	5	4	0	0	5	G4	Db5	Ab1	Bb2	E4	0	0	1	1	3	P1-115-1	P1-115-2	P1-115-9	P1-115-10	P1-115-4	
164638	164638	1	CH	1	1	0	0	0	1	Eb4	3	P1-115-5	
165118	165118	1	CH	1	5	4	0	0	5	Ab1	Ab2	Eb4	Ab4	C5	1	1	3	3	3	P1-115-11	P1-115-12	P1-115-6	P1-115-7	P1-115-8	
165598	165598	1	CH	1	5	4	0	0	5	Eb4	Ab4	C5	Ab1	Ab2	0	0	0	1	1	P1-116-1	P1-116-2	P1-116-3	P1-116-6	P1-116-7	
